Channel number	Impulses
Channel/#	Impulses/#

0	0
1	0
2	0
3	0
4	0
5	0
6	0
7	0
8	0
9	0
10	0
11	0
12	0
13	0
14	0
15	0
16	0
17	0
18	0
19	0
20	0
21	0
22	0
23	0
24	0
25	0
26	0
27	0
28	0
29	0
30	0
31	0
32	0
33	0
34	0
35	0
36	0
37	0
38	0
39	0
40	0
41	0
42	0
43	0
44	0
45	0
46	0
47	0
48	0
49	0
50	0
51	0
52	0
53	0
54	0
55	0
56	0
57	0
58	0
59	0
60	1
61	0
62	0
63	1
64	1
65	0
66	0
67	1
68	0
69	0
70	1
71	0
72	1
73	4
74	2
75	1
76	2
77	1
78	2
79	0
80	0
81	0
82	0
83	1
84	1
85	1
86	0
87	1
88	0
89	2
90	0
91	1
92	2
93	1
94	0
95	0
96	0
97	0
98	1
99	0
100	1
101	0
102	1
103	0
104	0
105	1
106	1
107	1
108	0
109	0
110	0
111	0
112	0
113	0
114	1
115	0
116	0
117	1
118	1
119	0
120	0
121	0
122	0
123	0
124	0
125	0
126	2
127	1
128	0
129	0
130	1
131	1
132	1
133	0
134	0
135	1
136	0
137	1
138	0
139	0
140	2
141	1
142	0
143	0
144	1
145	1
146	1
147	2
148	0
149	0
150	0
151	0
152	1
153	2
154	0
155	2
156	3
157	0
158	0
159	0
160	0
161	0
162	1
163	1
164	0
165	0
166	2
167	0
168	0
169	2
170	1
171	1
172	2
173	1
174	0
175	1
176	0
177	2
178	0
179	2
180	0
181	0
182	0
183	0
184	1
185	5
186	0
187	1
188	0
189	0
190	0
191	0
192	1
193	0
194	1
195	0
196	0
197	1
198	2
199	0
200	0
201	0
202	0
203	0
204	0
205	2
206	1
207	0
208	1
209	0
210	2
211	0
212	4
213	0
214	0
215	0
216	0
217	0
218	1
219	1
220	0
221	0
222	1
223	0
224	3
225	0
226	2
227	0
228	4
229	0
230	1
231	2
232	0
233	3
234	0
235	1
236	0
237	0
238	1
239	0
240	1
241	1
242	0
243	0
244	0
245	0
246	0
247	0
248	0
249	0
250	0
251	3
252	2
253	0
254	2
255	0
256	0
257	0
258	1
259	0
260	0
261	0
262	1
263	1
264	0
265	1
266	1
267	0
268	0
269	0
270	1
271	0
272	0
273	3
274	1
275	1
276	0
277	1
278	1
279	1
280	0
281	1
282	0
283	1
284	0
285	1
286	0
287	0
288	0
289	0
290	0
291	0
292	0
293	1
294	1
295	1
296	2
297	0
298	2
299	1
300	0
301	0
302	0
303	2
304	0
305	1
306	3
307	2
308	0
309	1
310	0
311	3
312	0
313	1
314	3
315	1
316	1
317	2
318	2
319	2
320	1
321	0
322	1
323	1
324	0
325	0
326	2
327	1
328	4
329	3
330	0
331	0
332	1
333	1
334	1
335	3
336	0
337	1
338	0
339	1
340	0
341	1
342	1
343	1
344	0
345	1
346	0
347	1
348	1
349	1
350	2
351	2
352	0
353	0
354	2
355	2
356	0
357	0
358	0
359	0
360	0
361	1
362	0
363	3
364	1
365	1
366	0
367	3
368	0
369	0
370	0
371	2
372	1
373	0
374	0
375	0
376	2
377	0
378	0
379	0
380	3
381	0
382	0
383	1
384	0
385	0
386	2
387	1
388	1
389	0
390	3
391	0
392	0
393	0
394	0
395	1
396	1
397	1
398	1
399	0
400	0
401	0
402	1
403	0
404	0
405	1
406	0
407	1
408	0
409	2
410	1
411	0
412	1
413	0
414	0
415	2
416	0
417	1
418	0
419	1
420	0
421	1
422	1
423	0
424	3
425	1
426	2
427	1
428	0
429	0
430	1
431	0
432	0
433	0
434	1
435	1
436	1
437	2
438	0
439	0
440	0
441	1
442	2
443	0
444	1
445	2
446	1
447	3
448	0
449	1
450	2
451	0
452	1
453	0
454	2
455	2
456	0
457	1
458	3
459	0
460	0
461	1
462	1
463	1
464	1
465	3
466	4
467	1
468	2
469	1
470	1
471	2
472	1
473	3
474	1
475	4
476	1
477	1
478	0
479	1
480	0
481	1
482	2
483	0
484	1
485	2
486	6
487	0
488	1
489	2
490	1
491	0
492	2
493	0
494	0
495	0
496	3
497	2
498	0
499	2
500	2
501	4
502	2
503	1
504	1
505	2
506	0
507	1
508	0
509	3
510	2
511	2
512	0
513	1
514	3
515	1
516	1
517	3
518	0
519	2
520	0
521	2
522	2
523	0
524	2
525	2
526	0
527	1
528	2
529	3
530	1
531	1
532	2
533	1
534	2
535	4
536	1
537	0
538	1
539	4
540	1
541	0
542	3
543	0
544	0
545	1
546	0
547	0
548	0
549	0
550	1
551	0
552	1
553	1
554	0
555	0
556	1
557	0
558	3
559	0
560	1
561	2
562	0
563	1
564	1
565	0
566	0
567	1
568	0
569	1
570	0
571	0
572	1
573	0
574	1
575	0
576	2
577	1
578	1
579	0
580	1
581	0
582	2
583	2
584	0
585	3
586	0
587	1
588	0
589	2
590	1
591	1
592	0
593	1
594	1
595	0
596	0
597	0
598	2
599	0
600	0
601	1
602	0
603	2
604	0
605	0
606	2
607	1
608	1
609	1
610	0
611	2
612	1
613	0
614	0
615	1
616	1
617	3
618	2
619	1
620	0
621	1
622	2
623	2
624	0
625	1
626	2
627	3
628	1
629	0
630	0
631	2
632	1
633	3
634	0
635	0
636	2
637	0
638	1
639	4
640	0
641	0
642	2
643	2
644	0
645	0
646	1
647	1
648	3
649	2
650	3
651	1
652	1
653	3
654	1
655	3
656	1
657	2
658	2
659	3
660	1
661	3
662	2
663	2
664	2
665	4
666	2
667	1
668	0
669	1
670	2
671	1
672	0
673	2
674	6
675	4
676	4
677	3
678	2
679	4
680	1
681	1
682	0
683	5
684	2
685	0
686	3
687	3
688	4
689	0
690	3
691	5
692	3
693	4
694	4
695	3
696	1
697	7
698	3
699	4
700	1
701	4
702	4
703	4
704	2
705	2
706	5
707	2
708	1
709	4
710	4
711	3
712	2
713	10
714	9
715	5
716	9
717	8
718	8
719	8
720	2
721	8
722	6
723	7
724	19
725	5
726	7
727	8
728	12
729	13
730	7
731	15
732	15
733	18
734	8
735	20
736	7
737	18
738	14
739	10
740	16
741	9
742	17
743	13
744	13
745	18
746	14
747	17
748	20
749	14
750	19
751	13
752	15
753	21
754	12
755	17
756	15
757	17
758	16
759	15
760	10
761	22
762	15
763	22
764	17
765	22
766	19
767	28
768	10
769	16
770	18
771	17
772	14
773	14
774	15
775	15
776	10
777	19
778	17
779	27
780	20
781	20
782	16
783	22
784	22
785	25
786	20
787	18
788	15
789	16
790	19
791	21
792	21
793	25
794	22
795	25
796	14
797	19
798	10
799	23
800	15
801	16
802	17
803	14
804	13
805	13
806	14
807	9
808	10
809	11
810	15
811	17
812	12
813	18
814	11
815	13
816	3
817	8
818	16
819	16
820	12
821	7
822	14
823	9
824	11
825	13
826	3
827	5
828	4
829	9
830	3
831	14
832	4
833	8
834	6
835	4
836	6
837	2
838	4
839	9
840	7
841	8
842	6
843	5
844	9
845	4
846	2
847	5
848	7
849	3
850	6
851	4
852	6
853	3
854	6
855	2
856	7
857	4
858	5
859	4
860	7
861	4
862	3
863	5
864	7
865	10
866	4
867	9
868	2
869	8
870	3
871	7
872	4
873	5
874	3
875	7
876	8
877	6
878	4
879	7
880	2
881	2
882	7
883	5
884	9
885	1
886	5
887	2
888	4
889	4
890	2
891	5
892	5
893	5
894	6
895	12
896	0
897	5
898	2
899	3
900	8
901	3
902	3
903	4
904	9
905	5
906	4
907	0
908	4
909	4
910	3
911	5
912	2
913	4
914	2
915	2
916	6
917	1
918	3
919	2
920	6
921	5
922	4
923	2
924	6
925	1
926	5
927	5
928	2
929	6
930	6
931	0
932	6
933	0
934	4
935	5
936	0
937	4
938	3
939	2
940	6
941	4
942	3
943	2
944	6
945	6
946	4
947	3
948	2
949	3
950	8
951	7
952	6
953	9
954	9
955	17
956	4
957	9
958	11
959	7
960	7
961	5
962	8
963	18
964	14
965	9
966	16
967	7
968	10
969	12
970	6
971	10
972	16
973	16
974	16
975	16
976	12
977	20
978	7
979	24
980	13
981	11
982	22
983	21
984	13
985	16
986	17
987	12
988	12
989	10
990	11
991	20
992	7
993	17
994	21
995	10
996	28
997	19
998	16
999	14
1000	17
1001	26
1002	10
1003	20
1004	11
1005	17
1006	14
1007	14
1008	15
1009	16
1010	18
1011	16
1012	23
1013	12
1014	27
1015	11
1016	19
1017	21
1018	21
1019	21
1020	23
1021	12
1022	21
1023	21
1024	6
1025	16
1026	19
1027	17
1028	18
1029	10
1030	22
1031	16
1032	3
1033	23
1034	21
1035	19
1036	24
1037	11
1038	15
1039	14
1040	7
1041	13
1042	12
1043	16
1044	14
1045	11
1046	13
1047	9
1048	14
1049	11
1050	7
1051	10
1052	12
1053	8
1054	6
1055	12
1056	6
1057	8
1058	5
1059	5
1060	5
1061	6
1062	5
1063	8
1064	4
1065	1
1066	1
1067	7
1068	5
1069	3
1070	1
1071	4
1072	1
1073	3
1074	3
1075	3
1076	4
1077	3
1078	3
1079	3
1080	1
1081	2
1082	1
1083	0
1084	0
1085	1
1086	3
1087	4
1088	1
1089	2
1090	0
1091	1
1092	0
1093	1
1094	1
1095	1
1096	1
1097	2
1098	1
1099	0
1100	2
1101	1
1102	1
1103	0
1104	1
1105	1
1106	4
1107	1
1108	1
1109	0
1110	2
1111	1
1112	2
1113	1
1114	2
1115	1
1116	0
1117	2
1118	3
1119	2
1120	0
1121	1
1122	1
1123	1
1124	2
1125	0
1126	1
1127	0
1128	3
1129	3
1130	3
1131	3
1132	0
1133	0
1134	2
1135	0
1136	0
1137	1
1138	0
1139	2
1140	1
1141	0
1142	0
1143	2
1144	1
1145	2
1146	0
1147	2
1148	1
1149	1
1150	1
1151	1
1152	1
1153	3
1154	1
1155	2
1156	4
1157	3
1158	5
1159	2
1160	1
1161	2
1162	1
1163	2
1164	0
1165	0
1166	1
1167	0
1168	0
1169	5
1170	4
1171	1
1172	4
1173	2
1174	4
1175	2
1176	1
1177	2
1178	1
1179	1
1180	1
1181	3
1182	1
1183	8
1184	1
1185	3
1186	2
1187	3
1188	4
1189	3
1190	7
1191	4
1192	2
1193	7
1194	7
1195	7
1196	5
1197	6
1198	5
1199	10
1200	5
1201	6
1202	2
1203	6
1204	5
1205	4
1206	6
1207	11
1208	5
1209	10
1210	7
1211	11
1212	11
1213	7
1214	10
1215	12
1216	13
1217	8
1218	11
1219	15
1220	18
1221	19
1222	5
1223	12
1224	5
1225	19
1226	11
1227	10
1228	14
1229	17
1230	12
1231	17
1232	15
1233	13
1234	9
1235	17
1236	16
1237	19
1238	15
1239	6
1240	8
1241	21
1242	13
1243	21
1244	9
1245	14
1246	9
1247	18
1248	13
1249	14
1250	19
1251	20
1252	19
1253	22
1254	16
1255	14
1256	12
1257	18
1258	11
1259	14
1260	15
1261	13
1262	17
1263	21
1264	6
1265	17
1266	15
1267	13
1268	24
1269	9
1270	22
1271	14
1272	12
1273	26
1274	12
1275	15
1276	21
1277	17
1278	9
1279	23
1280	9
1281	15
1282	25
1283	13
1284	19
1285	11
1286	16
1287	12
1288	11
1289	23
1290	16
1291	17
1292	10
1293	9
1294	9
1295	7
1296	7
1297	15
1298	13
1299	15
1300	12
1301	10
1302	16
1303	8
1304	9
1305	11
1306	5
1307	13
1308	5
1309	7
1310	8
1311	6
1312	5
1313	7
1314	8
1315	4
1316	5
1317	3
1318	5
1319	1
1320	2
1321	4
1322	5
1323	1
1324	3
1325	5
1326	5
1327	2
1328	4
1329	3
1330	2
1331	6
1332	2
1333	2
1334	3
1335	1
1336	2
1337	2
1338	0
1339	2
1340	2
1341	1
1342	1
1343	4
1344	1
1345	1
1346	2
1347	2
1348	1
1349	0
1350	4
1351	3
1352	4
1353	2
1354	1
1355	1
1356	0
1357	0
1358	1
1359	0
1360	1
1361	1
1362	0
1363	0
1364	0
1365	0
1366	0
1367	1
1368	0
1369	1
1370	0
1371	0
1372	2
1373	2
1374	0
1375	0
1376	1
1377	1
1378	1
1379	0
1380	1
1381	0
1382	0
1383	3
1384	1
1385	0
1386	0
1387	0
1388	0
1389	3
1390	0
1391	0
1392	0
1393	2
1394	0
1395	3
1396	1
1397	0
1398	0
1399	0
1400	1
1401	0
1402	0
1403	1
1404	0
1405	0
1406	1
1407	3
1408	3
1409	0
1410	3
1411	1
1412	0
1413	0
1414	0
1415	2
1416	0
1417	0
1418	1
1419	0
1420	0
1421	2
1422	0
1423	0
1424	1
1425	1
1426	1
1427	1
1428	1
1429	1
1430	1
1431	3
1432	3
1433	1
1434	0
1435	0
1436	2
1437	3
1438	0
1439	0
1440	1
1441	0
1442	1
1443	0
1444	1
1445	1
1446	1
1447	0
1448	0
1449	0
1450	3
1451	0
1452	1
1453	0
1454	1
1455	3
1456	0
1457	1
1458	0
1459	2
1460	1
1461	2
1462	3
1463	1
1464	0
1465	1
1466	2
1467	0
1468	1
1469	1
1470	1
1471	1
1472	1
1473	0
1474	1
1475	1
1476	1
1477	2
1478	2
1479	0
1480	2
1481	0
1482	1
1483	0
1484	2
1485	0
1486	2
1487	0
1488	0
1489	1
1490	2
1491	1
1492	0
1493	4
1494	2
1495	1
1496	2
1497	2
1498	2
1499	1
1500	1
1501	1
1502	2
1503	4
1504	2
1505	3
1506	2
1507	1
1508	1
1509	1
1510	3
1511	2
1512	0
1513	4
1514	1
1515	3
1516	4
1517	5
1518	2
1519	2
1520	2
1521	2
1522	1
1523	2
1524	4
1525	1
1526	1
1527	2
1528	1
1529	2
1530	1
1531	1
1532	2
1533	3
1534	4
1535	3
1536	3
1537	4
1538	1
1539	3
1540	4
1541	2
1542	6
1543	2
1544	2
1545	4
1546	0
1547	2
1548	5
1549	2
1550	1
1551	3
1552	2
1553	3
1554	1
1555	7
1556	1
1557	3
1558	3
1559	4
1560	2
1561	2
1562	1
1563	2
1564	3
1565	0
1566	0
1567	2
1568	0
1569	0
1570	0
1571	1
1572	3
1573	1
1574	0
1575	0
1576	0
1577	1
1578	0
1579	1
1580	0
1581	1
1582	0
1583	0
1584	3
1585	2
1586	2
1587	1
1588	0
1589	2
1590	1
1591	3
1592	2
1593	2
1594	1
1595	1
1596	0
1597	1
1598	1
1599	3
1600	0
1601	1
1602	0
1603	0
1604	0
1605	1
1606	0
1607	1
1608	0
1609	1
1610	0
1611	1
1612	1
1613	0
1614	3
1615	0
1616	1
1617	0
1618	0
1619	0
1620	2
1621	0
1622	2
1623	0
1624	3
1625	0
1626	0
1627	0
1628	0
1629	1
1630	0
1631	0
1632	0
1633	1
1634	0
1635	1
1636	2
1637	0
1638	1
1639	2
1640	0
1641	2
1642	2
1643	0
1644	2
1645	0
1646	1
1647	1
1648	0
1649	0
1650	0
1651	1
1652	4
1653	0
1654	0
1655	1
1656	0
1657	1
1658	0
1659	0
1660	2
1661	0
1662	0
1663	2
1664	1
1665	1
1666	0
1667	1
1668	2
1669	0
1670	1
1671	0
1672	0
1673	1
1674	0
1675	0
1676	1
1677	1
1678	0
1679	0
1680	1
1681	0
1682	3
1683	3
1684	0
1685	1
1686	3
1687	1
1688	1
1689	2
1690	1
1691	1
1692	3
1693	0
1694	1
1695	2
1696	2
1697	3
1698	2
1699	1
1700	1
1701	1
1702	0
1703	0
1704	1
1705	0
1706	0
1707	4
1708	2
1709	0
1710	4
1711	3
1712	0
1713	1
1714	2
1715	0
1716	1
1717	2
1718	2
1719	0
1720	1
1721	0
1722	0
1723	2
1724	0
1725	1
1726	0
1727	1
1728	3
1729	0
1730	1
1731	5
1732	2
1733	0
1734	3
1735	1
1736	3
1737	4
1738	1
1739	1
1740	4
1741	0
1742	3
1743	0
1744	1
1745	2
1746	1
1747	2
1748	0
1749	1
1750	3
1751	1
1752	3
1753	0
1754	3
1755	1
1756	4
1757	0
1758	1
1759	4
1760	2
1761	3
1762	1
1763	1
1764	2
1765	1
1766	2
1767	2
1768	1
1769	2
1770	0
1771	3
1772	2
1773	3
1774	0
1775	1
1776	3
1777	4
1778	1
1779	1
1780	3
1781	1
1782	2
1783	1
1784	2
1785	1
1786	0
1787	4
1788	5
1789	3
1790	0
1791	5
1792	2
1793	4
1794	2
1795	1
1796	5
1797	0
1798	2
1799	2
1800	5
1801	7
1802	3
1803	5
1804	1
1805	4
1806	2
1807	1
1808	0
1809	1
1810	3
1811	3
1812	3
1813	5
1814	2
1815	3
1816	4
1817	1
1818	1
1819	1
1820	3
1821	1
1822	1
1823	1
1824	1
1825	2
1826	4
1827	3
1828	3
1829	3
1830	2
1831	1
1832	2
1833	7
1834	1
1835	2
1836	3
1837	3
1838	0
1839	1
1840	1
1841	3
1842	3
1843	2
1844	0
1845	3
1846	3
1847	4
1848	0
1849	0
1850	3
1851	5
1852	1
1853	3
1854	3
1855	1
1856	2
1857	1
1858	1
1859	0
1860	3
1861	3
1862	3
1863	1
1864	0
1865	2
1866	3
1867	0
1868	1
1869	2
1870	2
1871	0
1872	2
1873	1
1874	1
1875	1
1876	1
1877	1
1878	4
1879	0
1880	4
1881	2
1882	0
1883	1
1884	0
1885	0
1886	1
1887	1
1888	1
1889	0
1890	4
1891	1
1892	2
1893	0
1894	1
1895	0
1896	0
1897	0
1898	1
1899	2
1900	4
1901	1
1902	1
1903	2
1904	0
1905	1
1906	1
1907	1
1908	0
1909	1
1910	0
1911	0
1912	0
1913	0
1914	0
1915	0
1916	0
1917	1
1918	1
1919	0
1920	0
1921	1
1922	0
1923	0
1924	2
1925	0
1926	0
1927	0
1928	1
1929	0
1930	1
1931	0
1932	0
1933	0
1934	0
1935	0
1936	1
1937	0
1938	0
1939	0
1940	0
1941	0
1942	0
1943	0
1944	1
1945	0
1946	1
1947	0
1948	0
1949	1
1950	1
1951	0
1952	0
1953	0
1954	0
1955	0
1956	3
1957	0
1958	0
1959	0
1960	0
1961	0
1962	2
1963	0
1964	0
1965	1
1966	0
1967	0
1968	3
1969	1
1970	0
1971	1
1972	3
1973	0
1974	0
1975	0
1976	0
1977	1
1978	0
1979	0
1980	0
1981	0
1982	0
1983	0
1984	1
1985	2
1986	0
1987	0
1988	0
1989	0
1990	0
1991	0
1992	0
1993	0
1994	0
1995	1
1996	0
1997	0
1998	1
1999	1
2000	0
2001	0
2002	1
2003	0
2004	0
2005	1
2006	1
2007	1
2008	0
2009	2
2010	2
2011	1
2012	0
2013	3
2014	0
2015	1
2016	0
2017	0
2018	1
2019	0
2020	2
2021	0
2022	1
2023	1
2024	2
2025	0
2026	1
2027	0
2028	1
2029	1
2030	0
2031	1
2032	0
2033	0
2034	0
2035	0
2036	1
2037	1
2038	0
2039	1
2040	0
2041	0
2042	2
2043	3
2044	0
2045	1
2046	3
2047	0
2048	1
2049	1
2050	3
2051	1
2052	2
2053	0
2054	2
2055	0
2056	2
2057	0
2058	1
2059	0
2060	0
2061	1
2062	1
2063	0
2064	0
2065	0
2066	1
2067	1
2068	1
2069	1
2070	1
2071	0
2072	1
2073	2
2074	0
2075	0
2076	0
2077	3
2078	1
2079	2
2080	0
2081	0
2082	1
2083	1
2084	0
2085	1
2086	1
2087	1
2088	0
2089	0
2090	1
2091	0
2092	0
2093	0
2094	0
2095	1
2096	0
2097	1
2098	0
2099	2
2100	0
2101	0
2102	2
2103	3
2104	1
2105	1
2106	0
2107	1
2108	1
2109	0
2110	0
2111	0
2112	1
2113	0
2114	0
2115	1
2116	1
2117	0
2118	0
2119	0
2120	1
2121	1
2122	1
2123	0
2124	0
2125	0
2126	1
2127	0
2128	1
2129	1
2130	0
2131	1
2132	1
2133	0
2134	2
2135	0
2136	0
2137	1
2138	1
2139	0
2140	1
2141	0
2142	1
2143	0
2144	1
2145	0
2146	1
2147	0
2148	2
2149	0
2150	0
2151	0
2152	1
2153	1
2154	2
2155	0
2156	0
2157	1
2158	0
2159	0
2160	1
2161	0
2162	0
2163	0
2164	0
2165	1
2166	1
2167	0
2168	0
2169	1
2170	0
2171	0
2172	0
2173	0
2174	0
2175	0
2176	0
2177	0
2178	0
2179	0
2180	0
2181	1
2182	1
2183	0
2184	0
2185	0
2186	0
2187	0
2188	0
2189	1
2190	0
2191	0
2192	0
2193	1
2194	0
2195	0
2196	0
2197	0
2198	0
2199	0
2200	0
2201	0
2202	0
2203	0
2204	0
2205	0
2206	0
2207	0
2208	1
2209	0
2210	0
2211	0
2212	0
2213	0
2214	0
2215	1
2216	0
2217	1
2218	0
2219	0
2220	0
2221	0
2222	0
2223	0
2224	0
2225	0
2226	0
2227	1
2228	0
2229	0
2230	0
2231	0
2232	0
2233	0
2234	0
2235	0
2236	0
2237	0
2238	0
2239	0
2240	0
2241	0
2242	0
2243	0
2244	0
2245	0
2246	1
2247	0
2248	0
2249	0
2250	0
2251	0
2252	0
2253	1
2254	1
2255	0
2256	0
2257	0
2258	1
2259	0
2260	0
2261	0
2262	0
2263	0
2264	0
2265	0
2266	0
2267	0
2268	1
2269	0
2270	0
2271	0
2272	0
2273	1
2274	0
2275	0
2276	1
2277	1
2278	2
2279	0
2280	0
2281	1
2282	0
2283	0
2284	0
2285	1
2286	0
2287	0
2288	0
2289	0
2290	0
2291	1
2292	0
2293	1
2294	0
2295	0
2296	0
2297	0
2298	0
2299	0
2300	0
2301	1
2302	0
2303	0
2304	0
2305	1
2306	1
2307	1
2308	1
2309	0
2310	0
2311	1
2312	0
2313	0
2314	0
2315	0
2316	0
2317	2
2318	0
2319	0
2320	1
2321	1
2322	0
2323	0
2324	0
2325	0
2326	1
2327	1
2328	0
2329	0
2330	0
2331	0
2332	0
2333	1
2334	0
2335	0
2336	0
2337	0
2338	0
2339	0
2340	2
2341	1
2342	0
2343	0
2344	0
2345	0
2346	0
2347	0
2348	0
2349	1
2350	0
2351	0
2352	0
2353	0
2354	0
2355	0
2356	0
2357	0
2358	0
2359	1
2360	1
2361	0
2362	0
2363	0
2364	1
2365	0
2366	0
2367	0
2368	0
2369	0
2370	0
2371	2
2372	0
2373	0
2374	0
2375	0
2376	1
2377	1
2378	0
2379	0
2380	0
2381	0
2382	1
2383	0
2384	0
2385	0
2386	0
2387	1
2388	0
2389	0
2390	0
2391	0
2392	1
2393	1
2394	0
2395	0
2396	1
2397	0
2398	0
2399	0
2400	1
2401	0
2402	0
2403	1
2404	0
2405	0
2406	1
2407	0
2408	0
2409	0
2410	0
2411	0
2412	0
2413	0
2414	0
2415	0
2416	0
2417	0
2418	0
2419	0
2420	0
2421	1
2422	0
2423	0
2424	0
2425	0
2426	0
2427	0
2428	1
2429	0
2430	0
2431	0
2432	0
2433	0
2434	0
2435	0
2436	1
2437	0
2438	0
2439	0
2440	0
2441	0
2442	0
2443	0
2444	0
2445	0
2446	0
2447	0
2448	0
2449	0
2450	0
2451	0
2452	1
2453	0
2454	0
2455	0
2456	0
2457	0
2458	0
2459	1
2460	0
2461	0
2462	0
2463	0
2464	0
2465	0
2466	0
2467	0
2468	0
2469	0
2470	3
2471	1
2472	0
2473	0
2474	1
2475	0
2476	1
2477	0
2478	0
2479	0
2480	0
2481	0
2482	0
2483	0
2484	1
2485	0
2486	1
2487	1
2488	0
2489	1
2490	0
2491	1
2492	0
2493	0
2494	0
2495	0
2496	0
2497	1
2498	0
2499	0
2500	1
2501	0
2502	0
2503	0
2504	0
2505	0
2506	0
2507	0
2508	2
2509	0
2510	1
2511	0
2512	0
2513	1
2514	0
2515	0
2516	0
2517	0
2518	0
2519	0
2520	1
2521	1
2522	0
2523	0
2524	0
2525	0
2526	0
2527	0
2528	0
2529	0
2530	0
2531	0
2532	0
2533	0
2534	0
2535	0
2536	1
2537	0
2538	1
2539	0
2540	0
2541	0
2542	1
2543	1
2544	0
2545	0
2546	0
2547	0
2548	0
2549	0
2550	0
2551	1
2552	0
2553	0
2554	0
2555	1
2556	0
2557	0
2558	0
2559	0
2560	0
2561	0
2562	1
2563	0
2564	1
2565	0
2566	1
2567	0
2568	0
2569	0
2570	0
2571	0
2572	2
2573	0
2574	0
2575	0
2576	1
2577	0
2578	0
2579	0
2580	0
2581	0
2582	0
2583	0
2584	0
2585	0
2586	0
2587	0
2588	0
2589	0
2590	1
2591	0
2592	0
2593	0
2594	0
2595	0
2596	0
2597	0
2598	0
2599	0
2600	0
2601	0
2602	0
2603	0
2604	1
2605	0
2606	0
2607	0
2608	0
2609	0
2610	0
2611	0
2612	0
2613	0
2614	0
2615	1
2616	0
2617	0
2618	0
2619	0
2620	0
2621	1
2622	0
2623	0
2624	0
2625	0
2626	0
2627	0
2628	1
2629	0
2630	0
2631	0
2632	0
2633	2
2634	0
2635	1
2636	0
2637	0
2638	0
2639	0
2640	0
2641	0
2642	0
2643	0
2644	0
2645	0
2646	0
2647	0
2648	0
2649	0
2650	0
2651	0
2652	0
2653	0
2654	0
2655	0
2656	1
2657	0
2658	0
2659	0
2660	0
2661	0
2662	0
2663	0
2664	0
2665	0
2666	0
2667	0
2668	0
2669	0
2670	0
2671	0
2672	0
2673	0
2674	1
2675	0
2676	0
2677	0
2678	0
2679	0
2680	0
2681	0
2682	0
2683	0
2684	0
2685	0
2686	0
2687	0
2688	0
2689	0
2690	1
2691	0
2692	0
2693	1
2694	1
2695	0
2696	0
2697	0
2698	0
2699	0
2700	0
2701	0
2702	0
2703	0
2704	0
2705	0
2706	0
2707	0
2708	1
2709	0
2710	0
2711	0
2712	0
2713	0
2714	0
2715	0
2716	0
2717	0
2718	0
2719	0
2720	0
2721	0
2722	1
2723	0
2724	1
2725	0
2726	0
2727	0
2728	0
2729	0
2730	0
2731	0
2732	0
2733	0
2734	0
2735	0
2736	0
2737	0
2738	0
2739	0
2740	0
2741	0
2742	1
2743	0
2744	0
2745	0
2746	0
2747	0
2748	1
2749	0
2750	0
2751	0
2752	0
2753	1
2754	0
2755	0
2756	0
2757	0
2758	0
2759	0
2760	0
2761	0
2762	1
2763	0
2764	0
2765	0
2766	0
2767	0
2768	0
2769	1
2770	0
2771	1
2772	0
2773	0
2774	0
2775	0
2776	0
2777	0
2778	0
2779	0
2780	0
2781	0
2782	0
2783	0
2784	0
2785	0
2786	0
2787	0
2788	0
2789	0
2790	0
2791	0
2792	0
2793	0
2794	0
2795	0
2796	0
2797	0
2798	0
2799	0
2800	0
2801	0
2802	0
2803	0
2804	0
2805	0
2806	0
2807	0
2808	0
2809	0
2810	0
2811	0
2812	0
2813	0
2814	1
2815	0
2816	0
2817	1
2818	0
2819	0
2820	0
2821	0
2822	0
2823	0
2824	1
2825	0
2826	0
2827	1
2828	0
2829	0
2830	0
2831	0
2832	0
2833	0
2834	0
2835	1
2836	0
2837	0
2838	0
2839	0
2840	0
2841	0
2842	0
2843	0
2844	0
2845	0
2846	0
2847	0
2848	0
2849	0
2850	0
2851	0
2852	0
2853	0
2854	0
2855	0
2856	0
2857	0
2858	0
2859	0
2860	0
2861	0
2862	0
2863	1
2864	0
2865	0
2866	0
2867	0
2868	0
2869	0
2870	0
2871	0
2872	0
2873	0
2874	0
2875	1
2876	0
2877	0
2878	0
2879	0
2880	0
2881	1
2882	0
2883	0
2884	0
2885	0
2886	0
2887	0
2888	0
2889	0
2890	0
2891	0
2892	0
2893	0
2894	0
2895	0
2896	0
2897	0
2898	0
2899	0
2900	0
2901	0
2902	0
2903	0
2904	0
2905	0
2906	0
2907	0
2908	0
2909	0
2910	0
2911	0
2912	1
2913	0
2914	0
2915	0
2916	0
2917	0
2918	0
2919	0
2920	0
2921	0
2922	0
2923	0
2924	0
2925	0
2926	0
2927	0
2928	0
2929	0
2930	0
2931	0
2932	0
2933	0
2934	0
2935	1
2936	0
2937	0
2938	0
2939	0
2940	0
2941	0
2942	0
2943	0
2944	0
2945	0
2946	1
2947	1
2948	0
2949	0
2950	0
2951	0
2952	0
2953	0
2954	0
2955	0
2956	0
2957	1
2958	0
2959	0
2960	0
2961	0
2962	0
2963	0
2964	0
2965	0
2966	0
2967	0
2968	0
2969	0
2970	0
2971	1
2972	0
2973	0
2974	1
2975	1
2976	0
2977	0
2978	0
2979	0
2980	0
2981	0
2982	0
2983	0
2984	0
2985	0
2986	0
2987	0
2988	0
2989	0
2990	0
2991	0
2992	0
2993	0
2994	0
2995	0
2996	0
2997	0
2998	0
2999	0
3000	0
3001	0
3002	0
3003	0
3004	1
3005	0
3006	0
3007	0
3008	0
3009	0
3010	0
3011	0
3012	0
3013	0
3014	1
3015	0
3016	0
3017	0
3018	0
3019	0
3020	0
3021	0
3022	0
3023	0
3024	0
3025	0
3026	0
3027	0
3028	0
3029	1
3030	0
3031	0
3032	0
3033	0
3034	0
3035	0
3036	0
3037	0
3038	0
3039	0
3040	0
3041	0
3042	0
3043	0
3044	0
3045	1
3046	0
3047	0
3048	0
3049	0
3050	0
3051	0
3052	0
3053	0
3054	1
3055	0
3056	0
3057	0
3058	0
3059	0
3060	0
3061	0
3062	0
3063	0
3064	0
3065	1
3066	0
3067	0
3068	0
3069	0
3070	0
3071	0
3072	0
3073	0
3074	0
3075	0
3076	1
3077	0
3078	0
3079	0
3080	0
3081	0
3082	0
3083	0
3084	0
3085	0
3086	0
3087	0
3088	0
3089	0
3090	0
3091	0
3092	0
3093	0
3094	0
3095	0
3096	0
3097	0
3098	0
3099	0
3100	0
3101	0
3102	0
3103	0
3104	0
3105	0
3106	0
3107	0
3108	0
3109	0
3110	0
3111	0
3112	0
3113	0
3114	1
3115	1
3116	0
3117	0
3118	0
3119	0
3120	0
3121	0
3122	0
3123	0
3124	0
3125	0
3126	0
3127	1
3128	0
3129	0
3130	0
3131	0
3132	0
3133	0
3134	0
3135	0
3136	0
3137	0
3138	0
3139	0
3140	0
3141	0
3142	0
3143	0
3144	0
3145	0
3146	0
3147	0
3148	0
3149	0
3150	0
3151	0
3152	0
3153	0
3154	0
3155	0
3156	0
3157	0
3158	1
3159	0
3160	0
3161	0
3162	0
3163	0
3164	0
3165	0
3166	0
3167	0
3168	0
3169	0
3170	0
3171	0
3172	0
3173	0
3174	0
3175	1
3176	1
3177	0
3178	0
3179	0
3180	0
3181	0
3182	0
3183	0
3184	0
3185	0
3186	0
3187	0
3188	0
3189	0
3190	0
3191	0
3192	0
3193	0
3194	0
3195	0
3196	0
3197	0
3198	0
3199	0
3200	0
3201	0
3202	0
3203	0
3204	0
3205	0
3206	0
3207	0
3208	0
3209	0
3210	0
3211	0
3212	0
3213	0
3214	0
3215	0
3216	0
3217	0
3218	0
3219	0
3220	0
3221	0
3222	0
3223	0
3224	0
3225	0
3226	0
3227	1
3228	0
3229	0
3230	0
3231	0
3232	0
3233	0
3234	0
3235	0
3236	0
3237	0
3238	0
3239	0
3240	0
3241	0
3242	0
3243	0
3244	0
3245	0
3246	0
3247	0
3248	0
3249	0
3250	0
3251	0
3252	1
3253	0
3254	0
3255	0
3256	0
3257	0
3258	0
3259	0
3260	0
3261	0
3262	0
3263	0
3264	0
3265	0
3266	1
3267	0
3268	0
3269	0
3270	0
3271	0
3272	0
3273	0
3274	0
3275	0
3276	0
3277	0
3278	0
3279	0
3280	0
3281	0
3282	0
3283	0
3284	0
3285	0
3286	0
3287	0
3288	1
3289	0
3290	0
3291	1
3292	0
3293	0
3294	0
3295	0
3296	0
3297	0
3298	0
3299	0
3300	0
3301	0
3302	0
3303	0
3304	0
3305	0
3306	0
3307	0
3308	0
3309	0
3310	0
3311	1
3312	0
3313	0
3314	0
3315	0
3316	0
3317	0
3318	0
3319	0
3320	0
3321	0
3322	0
3323	0
3324	0
3325	0
3326	0
3327	0
3328	0
3329	0
3330	0
3331	0
3332	0
3333	0
3334	0
3335	0
3336	0
3337	0
3338	0
3339	0
3340	0
3341	0
3342	0
3343	0
3344	0
3345	0
3346	0
3347	0
3348	0
3349	0
3350	0
3351	0
3352	0
3353	0
3354	0
3355	0
3356	0
3357	0
3358	0
3359	0
3360	0
3361	0
3362	0
3363	0
3364	0
3365	0
3366	0
3367	0
3368	0
3369	0
3370	0
3371	0
3372	1
3373	0
3374	0
3375	0
3376	0
3377	0
3378	1
3379	0
3380	0
3381	0
3382	0
3383	0
3384	0
3385	0
3386	0
3387	0
3388	0
3389	0
3390	0
3391	0
3392	0
3393	0
3394	0
3395	0
3396	0
3397	0
3398	0
3399	0
3400	0
3401	0
3402	0
3403	0
3404	0
3405	0
3406	0
3407	0
3408	0
3409	0
3410	0
3411	0
3412	0
3413	0
3414	0
3415	0
3416	0
3417	0
3418	0
3419	1
3420	0
3421	0
3422	0
3423	0
3424	0
3425	0
3426	0
3427	0
3428	0
3429	0
3430	0
3431	0
3432	0
3433	0
3434	0
3435	0
3436	0
3437	0
3438	0
3439	0
3440	0
3441	0
3442	0
3443	0
3444	0
3445	0
3446	0
3447	0
3448	0
3449	0
3450	0
3451	0
3452	0
3453	0
3454	0
3455	0
3456	0
3457	0
3458	0
3459	0
3460	0
3461	0
3462	0
3463	0
3464	0
3465	0
3466	0
3467	0
3468	0
3469	0
3470	0
3471	0
3472	0
3473	0
3474	0
3475	0
3476	0
3477	0
3478	0
3479	0
3480	0
3481	0
3482	0
3483	0
3484	0
3485	0
3486	0
3487	0
3488	0
3489	0
3490	0
3491	0
3492	0
3493	0
3494	0
3495	0
3496	0
3497	0
3498	0
3499	0
3500	0
3501	0
3502	1
3503	0
3504	0
3505	0
3506	0
3507	1
3508	0
3509	0
3510	0
3511	0
3512	0
3513	0
3514	0
3515	0
3516	0
3517	0
3518	0
3519	0
3520	0
3521	0
3522	0
3523	0
3524	0
3525	0
3526	0
3527	0
3528	0
3529	0
3530	0
3531	0
3532	0
3533	0
3534	0
3535	0
3536	0
3537	0
3538	0
3539	0
3540	0
3541	0
3542	0
3543	0
3544	0
3545	0
3546	0
3547	0
3548	0
3549	0
3550	0
3551	0
3552	0
3553	0
3554	0
3555	0
3556	0
3557	0
3558	0
3559	0
3560	0
3561	0
3562	0
3563	0
3564	0
3565	0
3566	0
3567	0
3568	0
3569	0
3570	0
3571	0
3572	0
3573	0
3574	0
3575	0
3576	0
3577	0
3578	0
3579	0
3580	0
3581	0
3582	0
3583	0
3584	0
3585	0
3586	0
3587	0
3588	0
3589	0
3590	0
3591	0
3592	0
3593	0
3594	0
3595	0
3596	0
3597	0
3598	0
3599	0
3600	0
3601	0
3602	0
3603	0
3604	0
3605	0
3606	0
3607	0
3608	0
3609	0
3610	0
3611	0
3612	0
3613	0
3614	0
3615	0
3616	0
3617	0
3618	0
3619	0
3620	0
3621	0
3622	0
3623	0
3624	0
3625	0
3626	0
3627	0
3628	0
3629	0
3630	0
3631	0
3632	0
3633	0
3634	0
3635	0
3636	0
3637	0
3638	0
3639	0
3640	0
3641	0
3642	0
3643	0
3644	0
3645	0
3646	0
3647	0
3648	0
3649	0
3650	0
3651	0
3652	0
3653	0
3654	0
3655	0
3656	0
3657	0
3658	0
3659	0
3660	0
3661	0
3662	0
3663	0
3664	0
3665	0
3666	0
3667	0
3668	0
3669	0
3670	0
3671	0
3672	0
3673	0
3674	0
3675	0
3676	0
3677	0
3678	0
3679	0
3680	0
3681	0
3682	0
3683	0
3684	0
3685	0
3686	0
3687	0
3688	0
3689	0
3690	0
3691	0
3692	0
3693	0
3694	0
3695	0
3696	0
3697	0
3698	0
3699	0
3700	0
3701	0
3702	0
3703	0
3704	0
3705	0
3706	0
3707	0
3708	0
3709	0
3710	0
3711	0
3712	0
3713	0
3714	0
3715	0
3716	0
3717	0
3718	0
3719	0
3720	0
3721	0
3722	0
3723	0
3724	0
3725	0
3726	0
3727	0
3728	0
3729	0
3730	0
3731	0
3732	0
3733	0
3734	0
3735	0
3736	0
3737	0
3738	0
3739	0
3740	0
3741	0
3742	0
3743	0
3744	0
3745	0
3746	0
3747	0
3748	0
3749	0
3750	0
3751	0
3752	0
3753	0
3754	0
3755	0
3756	0
3757	0
3758	0
3759	0
3760	0
3761	0
3762	0
3763	0
3764	0
3765	0
3766	0
3767	0
3768	0
3769	0
3770	0
3771	0
3772	0
3773	0
3774	0
3775	0
3776	0
3777	0
3778	0
3779	0
3780	0
3781	0
3782	0
3783	0
3784	0
3785	0
3786	0
3787	0
3788	0
3789	0
3790	0
3791	0
3792	0
3793	0
3794	0
3795	0
3796	0
3797	0
3798	0
3799	0
3800	0
3801	0
3802	0
3803	0
3804	0
3805	0
3806	0
3807	0
3808	0
3809	0
3810	0
3811	0
3812	0
3813	0
3814	0
3815	0
3816	0
3817	0
3818	0
3819	0
3820	0
3821	0
3822	0
3823	0
3824	0
3825	0
3826	0
3827	0
3828	0
3829	0
3830	0
3831	0
3832	0
3833	0
3834	0
3835	0
3836	0
3837	0
3838	0
3839	0
3840	0
3841	0
3842	0
3843	0
3844	0
3845	0
3846	0
3847	0
3848	0
3849	0
3850	0
3851	0
3852	0
3853	0
3854	0
3855	0
3856	0
3857	0
3858	0
3859	0
3860	0
3861	0
3862	0
3863	0
3864	0
3865	0
3866	0
3867	0
3868	0
3869	0
3870	0
3871	0
3872	0
3873	0
3874	0
3875	0
3876	0
3877	0
3878	0
3879	0
3880	0
3881	0
3882	0
3883	0
3884	0
3885	0
3886	0
3887	0
3888	0
3889	0
3890	0
3891	0
3892	0
3893	0
3894	0
3895	0
3896	0
3897	0
3898	0
3899	0
3900	0
3901	0
3902	0
3903	0
3904	0
3905	0
3906	0
3907	0
3908	0
3909	0
3910	0
3911	0
3912	0
3913	0
3914	0
3915	0
3916	0
3917	0
3918	0
3919	0
3920	0
3921	0
3922	0
3923	0
3924	0
3925	0
3926	0
3927	0
3928	0
3929	0
3930	0
3931	0
3932	0
3933	0
3934	0
3935	0
3936	0
3937	0
3938	0
3939	0
3940	0
3941	0
3942	0
3943	0
3944	0
3945	0
3946	0
3947	0
3948	0
3949	0
3950	0
3951	0
3952	0
3953	0
3954	0
3955	0
3956	0
3957	0
3958	0
3959	0
3960	0
3961	0
3962	0
3963	0
3964	0
3965	0
3966	0
3967	0
3968	0
3969	0
3970	0
3971	0
3972	0
3973	0
3974	0
3975	0
3976	0
3977	0
3978	0
3979	0
3980	0
3981	0
3982	0
3983	0
3984	0
3985	0
3986	0
3987	0
3988	0
3989	0
3990	0
3991	0
3992	0
3993	0
3994	0
3995	0
3996	0
3997	0
3998	0
3999	0
4000	0
