Channel number	Impulses
Channel/#	Impulses/#

0	0
1	0
2	0
3	0
4	0
5	0
6	0
7	0
8	0
9	0
10	0
11	0
12	0
13	0
14	0
15	0
16	0
17	0
18	0
19	0
20	0
21	0
22	0
23	0
24	0
25	0
26	0
27	0
28	0
29	0
30	0
31	0
32	0
33	0
34	0
35	0
36	0
37	0
38	0
39	0
40	0
41	0
42	0
43	0
44	0
45	0
46	0
47	0
48	0
49	0
50	0
51	0
52	0
53	0
54	0
55	0
56	0
57	0
58	0
59	0
60	0
61	0
62	0
63	0
64	1
65	0
66	1
67	0
68	0
69	1
70	1
71	1
72	0
73	3
74	1
75	0
76	1
77	1
78	1
79	2
80	0
81	0
82	1
83	0
84	1
85	0
86	1
87	0
88	1
89	2
90	0
91	3
92	1
93	2
94	1
95	2
96	0
97	1
98	0
99	1
100	1
101	0
102	0
103	1
104	1
105	1
106	0
107	2
108	0
109	2
110	1
111	0
112	1
113	0
114	1
115	2
116	0
117	0
118	1
119	0
120	0
121	1
122	1
123	0
124	0
125	1
126	0
127	4
128	0
129	0
130	1
131	1
132	0
133	1
134	2
135	1
136	0
137	1
138	1
139	1
140	0
141	0
142	0
143	0
144	0
145	1
146	3
147	1
148	0
149	2
150	0
151	0
152	0
153	0
154	0
155	2
156	1
157	1
158	1
159	3
160	1
161	1
162	0
163	1
164	0
165	2
166	0
167	0
168	0
169	0
170	0
171	1
172	1
173	2
174	1
175	1
176	1
177	1
178	1
179	1
180	0
181	0
182	1
183	1
184	0
185	0
186	3
187	0
188	2
189	1
190	0
191	1
192	0
193	0
194	0
195	0
196	1
197	1
198	0
199	0
200	0
201	2
202	3
203	0
204	1
205	2
206	0
207	1
208	2
209	1
210	0
211	1
212	1
213	1
214	1
215	0
216	0
217	1
218	1
219	0
220	0
221	1
222	1
223	1
224	1
225	1
226	0
227	1
228	0
229	0
230	0
231	1
232	0
233	0
234	1
235	2
236	0
237	1
238	1
239	0
240	0
241	2
242	0
243	0
244	2
245	0
246	1
247	2
248	1
249	2
250	0
251	0
252	1
253	1
254	0
255	1
256	1
257	1
258	0
259	2
260	2
261	2
262	0
263	0
264	0
265	0
266	1
267	1
268	0
269	0
270	0
271	1
272	1
273	1
274	0
275	0
276	0
277	0
278	0
279	1
280	1
281	0
282	2
283	0
284	0
285	0
286	1
287	0
288	0
289	3
290	0
291	1
292	2
293	2
294	0
295	0
296	0
297	1
298	0
299	1
300	1
301	1
302	0
303	0
304	0
305	2
306	1
307	1
308	3
309	0
310	0
311	1
312	0
313	2
314	0
315	1
316	1
317	0
318	1
319	1
320	0
321	0
322	2
323	2
324	1
325	0
326	1
327	0
328	0
329	2
330	0
331	0
332	1
333	2
334	0
335	2
336	2
337	2
338	1
339	0
340	1
341	0
342	2
343	0
344	2
345	2
346	1
347	0
348	0
349	1
350	2
351	1
352	2
353	1
354	1
355	1
356	1
357	1
358	3
359	0
360	0
361	1
362	0
363	3
364	1
365	0
366	0
367	0
368	0
369	1
370	3
371	1
372	3
373	1
374	0
375	1
376	0
377	0
378	1
379	1
380	1
381	1
382	0
383	2
384	0
385	0
386	0
387	2
388	1
389	1
390	0
391	0
392	0
393	1
394	2
395	0
396	1
397	1
398	1
399	2
400	0
401	1
402	1
403	2
404	4
405	1
406	0
407	2
408	0
409	1
410	1
411	0
412	1
413	3
414	0
415	1
416	0
417	0
418	1
419	0
420	1
421	0
422	0
423	1
424	0
425	1
426	0
427	1
428	0
429	1
430	1
431	3
432	0
433	0
434	0
435	0
436	2
437	0
438	0
439	2
440	0
441	0
442	0
443	0
444	2
445	1
446	0
447	0
448	0
449	2
450	1
451	2
452	2
453	2
454	1
455	1
456	0
457	1
458	1
459	1
460	0
461	0
462	0
463	0
464	1
465	0
466	1
467	0
468	1
469	2
470	0
471	1
472	2
473	2
474	1
475	0
476	0
477	1
478	1
479	1
480	1
481	1
482	0
483	1
484	2
485	0
486	1
487	1
488	0
489	1
490	1
491	0
492	0
493	1
494	2
495	1
496	0
497	2
498	2
499	1
500	1
501	1
502	1
503	0
504	1
505	2
506	1
507	0
508	2
509	2
510	1
511	2
512	2
513	4
514	2
515	0
516	1
517	2
518	1
519	2
520	3
521	2
522	0
523	1
524	2
525	0
526	0
527	0
528	3
529	2
530	0
531	2
532	3
533	1
534	3
535	2
536	2
537	2
538	4
539	2
540	1
541	2
542	1
543	1
544	1
545	1
546	0
547	4
548	0
549	1
550	1
551	2
552	0
553	0
554	2
555	3
556	4
557	4
558	3
559	3
560	0
561	3
562	2
563	1
564	2
565	1
566	2
567	1
568	1
569	2
570	2
571	2
572	3
573	0
574	3
575	2
576	2
577	1
578	3
579	1
580	0
581	1
582	4
583	1
584	2
585	3
586	3
587	2
588	1
589	1
590	3
591	0
592	2
593	2
594	1
595	3
596	4
597	1
598	2
599	2
600	0
601	2
602	3
603	5
604	2
605	5
606	5
607	2
608	4
609	3
610	2
611	4
612	4
613	3
614	4
615	3
616	2
617	4
618	1
619	0
620	6
621	2
622	4
623	4
624	1
625	4
626	1
627	1
628	1
629	0
630	2
631	5
632	6
633	1
634	7
635	3
636	2
637	2
638	3
639	8
640	0
641	4
642	6
643	4
644	2
645	1
646	2
647	2
648	0
649	3
650	2
651	4
652	5
653	2
654	2
655	1
656	0
657	2
658	3
659	6
660	3
661	3
662	4
663	1
664	1
665	6
666	1
667	2
668	6
669	6
670	5
671	4
672	2
673	5
674	6
675	2
676	5
677	3
678	5
679	2
680	3
681	4
682	2
683	4
684	4
685	2
686	4
687	4
688	2
689	5
690	0
691	7
692	5
693	1
694	1
695	4
696	1
697	5
698	4
699	6
700	0
701	1
702	3
703	7
704	2
705	1
706	4
707	1
708	2
709	2
710	4
711	4
712	4
713	5
714	2
715	0
716	6
717	2
718	5
719	3
720	0
721	5
722	2
723	4
724	6
725	2
726	3
727	3
728	3
729	5
730	6
731	5
732	5
733	1
734	2
735	8
736	3
737	0
738	4
739	2
740	9
741	4
742	5
743	10
744	4
745	4
746	4
747	3
748	4
749	3
750	6
751	8
752	6
753	3
754	6
755	6
756	4
757	2
758	5
759	6
760	5
761	3
762	3
763	4
764	2
765	7
766	5
767	2
768	2
769	5
770	3
771	7
772	6
773	4
774	7
775	7
776	3
777	9
778	3
779	6
780	5
781	1
782	6
783	5
784	2
785	5
786	4
787	4
788	4
789	6
790	6
791	4
792	4
793	4
794	1
795	3
796	5
797	1
798	6
799	5
800	2
801	2
802	2
803	7
804	2
805	4
806	5
807	5
808	2
809	3
810	6
811	3
812	4
813	4
814	9
815	1
816	4
817	4
818	4
819	8
820	6
821	6
822	3
823	1
824	1
825	4
826	2
827	4
828	6
829	4
830	4
831	3
832	2
833	7
834	9
835	3
836	3
837	4
838	7
839	6
840	5
841	3
842	4
843	6
844	4
845	4
846	6
847	6
848	5
849	4
850	10
851	1
852	6
853	9
854	5
855	2
856	2
857	5
858	4
859	6
860	6
861	7
862	8
863	14
864	1
865	5
866	5
867	4
868	14
869	6
870	8
871	6
872	10
873	5
874	2
875	7
876	10
877	4
878	4
879	2
880	4
881	3
882	6
883	8
884	5
885	3
886	6
887	4
888	2
889	6
890	3
891	3
892	4
893	5
894	11
895	7
896	1
897	9
898	4
899	9
900	5
901	9
902	6
903	6
904	4
905	2
906	2
907	0
908	5
909	6
910	4
911	2
912	1
913	6
914	5
915	6
916	5
917	6
918	11
919	6
920	4
921	4
922	4
923	6
924	3
925	3
926	2
927	3
928	6
929	5
930	7
931	11
932	5
933	5
934	6
935	4
936	1
937	7
938	4
939	5
940	4
941	3
942	5
943	8
944	4
945	5
946	6
947	4
948	3
949	4
950	4
951	11
952	4
953	10
954	7
955	11
956	7
957	5
958	7
959	5
960	4
961	4
962	5
963	2
964	6
965	2
966	8
967	3
968	7
969	8
970	4
971	9
972	4
973	8
974	5
975	6
976	3
977	7
978	5
979	9
980	5
981	5
982	10
983	6
984	2
985	5
986	9
987	8
988	6
989	7
990	7
991	8
992	3
993	4
994	3
995	3
996	8
997	6
998	2
999	7
1000	2
1001	4
1002	4
1003	7
1004	10
1005	8
1006	7
1007	2
1008	8
1009	10
1010	7
1011	6
1012	6
1013	2
1014	10
1015	6
1016	4
1017	5
1018	4
1019	3
1020	5
1021	3
1022	8
1023	9
1024	4
1025	6
1026	5
1027	10
1028	7
1029	2
1030	4
1031	5
1032	5
1033	7
1034	3
1035	6
1036	2
1037	8
1038	7
1039	9
1040	2
1041	5
1042	5
1043	6
1044	6
1045	3
1046	10
1047	3
1048	8
1049	6
1050	5
1051	13
1052	6
1053	6
1054	2
1055	10
1056	3
1057	3
1058	4
1059	8
1060	6
1061	5
1062	4
1063	3
1064	4
1065	13
1066	6
1067	12
1068	5
1069	10
1070	9
1071	7
1072	4
1073	11
1074	7
1075	8
1076	9
1077	3
1078	7
1079	8
1080	1
1081	8
1082	3
1083	7
1084	8
1085	8
1086	5
1087	5
1088	2
1089	5
1090	9
1091	5
1092	4
1093	6
1094	3
1095	8
1096	6
1097	11
1098	5
1099	6
1100	3
1101	4
1102	5
1103	6
1104	3
1105	2
1106	10
1107	8
1108	7
1109	7
1110	5
1111	7
1112	6
1113	9
1114	4
1115	5
1116	3
1117	3
1118	3
1119	14
1120	5
1121	11
1122	4
1123	6
1124	3
1125	4
1126	6
1127	11
1128	10
1129	3
1130	2
1131	3
1132	4
1133	8
1134	5
1135	6
1136	4
1137	4
1138	5
1139	6
1140	7
1141	3
1142	6
1143	6
1144	7
1145	5
1146	5
1147	7
1148	5
1149	5
1150	4
1151	7
1152	5
1153	7
1154	5
1155	6
1156	5
1157	3
1158	6
1159	7
1160	5
1161	6
1162	13
1163	2
1164	9
1165	6
1166	10
1167	12
1168	3
1169	6
1170	3
1171	4
1172	5
1173	6
1174	10
1175	7
1176	6
1177	2
1178	5
1179	7
1180	8
1181	5
1182	8
1183	8
1184	2
1185	5
1186	8
1187	7
1188	8
1189	9
1190	6
1191	12
1192	5
1193	4
1194	0
1195	6
1196	12
1197	5
1198	2
1199	3
1200	3
1201	8
1202	6
1203	9
1204	8
1205	6
1206	5
1207	7
1208	4
1209	8
1210	4
1211	6
1212	3
1213	7
1214	4
1215	10
1216	4
1217	1
1218	5
1219	4
1220	8
1221	2
1222	13
1223	4
1224	5
1225	10
1226	8
1227	7
1228	10
1229	4
1230	8
1231	8
1232	7
1233	5
1234	4
1235	13
1236	4
1237	2
1238	3
1239	3
1240	6
1241	7
1242	7
1243	3
1244	7
1245	6
1246	7
1247	11
1248	3
1249	6
1250	6
1251	4
1252	5
1253	6
1254	1
1255	6
1256	3
1257	5
1258	5
1259	3
1260	4
1261	6
1262	4
1263	7
1264	6
1265	6
1266	5
1267	3
1268	7
1269	6
1270	4
1271	4
1272	3
1273	5
1274	6
1275	5
1276	2
1277	2
1278	5
1279	10
1280	0
1281	1
1282	7
1283	8
1284	6
1285	2
1286	7
1287	5
1288	4
1289	11
1290	7
1291	8
1292	8
1293	7
1294	4
1295	7
1296	4
1297	4
1298	10
1299	7
1300	6
1301	8
1302	7
1303	4
1304	4
1305	2
1306	2
1307	10
1308	3
1309	9
1310	7
1311	3
1312	4
1313	3
1314	4
1315	2
1316	6
1317	6
1318	7
1319	5
1320	5
1321	3
1322	8
1323	8
1324	9
1325	1
1326	5
1327	4
1328	3
1329	6
1330	9
1331	6
1332	3
1333	1
1334	4
1335	7
1336	7
1337	12
1338	5
1339	2
1340	0
1341	7
1342	2
1343	4
1344	8
1345	1
1346	3
1347	6
1348	3
1349	5
1350	11
1351	4
1352	4
1353	9
1354	4
1355	5
1356	5
1357	5
1358	3
1359	8
1360	4
1361	3
1362	2
1363	4
1364	2
1365	5
1366	8
1367	3
1368	8
1369	3
1370	4
1371	6
1372	5
1373	4
1374	6
1375	7
1376	4
1377	4
1378	8
1379	8
1380	11
1381	5
1382	2
1383	3
1384	2
1385	5
1386	6
1387	9
1388	8
1389	3
1390	5
1391	12
1392	5
1393	7
1394	6
1395	4
1396	7
1397	2
1398	10
1399	3
1400	4
1401	10
1402	3
1403	6
1404	4
1405	4
1406	9
1407	5
1408	2
1409	7
1410	5
1411	10
1412	5
1413	8
1414	3
1415	6
1416	5
1417	4
1418	3
1419	8
1420	4
1421	7
1422	2
1423	7
1424	5
1425	3
1426	2
1427	10
1428	3
1429	7
1430	7
1431	5
1432	4
1433	5
1434	5
1435	5
1436	3
1437	4
1438	6
1439	2
1440	4
1441	4
1442	5
1443	7
1444	2
1445	6
1446	7
1447	2
1448	5
1449	7
1450	5
1451	4
1452	6
1453	4
1454	7
1455	3
1456	5
1457	5
1458	3
1459	6
1460	6
1461	1
1462	7
1463	5
1464	7
1465	2
1466	8
1467	6
1468	5
1469	7
1470	5
1471	6
1472	7
1473	5
1474	5
1475	9
1476	6
1477	1
1478	6
1479	4
1480	6
1481	1
1482	4
1483	4
1484	3
1485	2
1486	4
1487	3
1488	3
1489	6
1490	4
1491	2
1492	4
1493	3
1494	6
1495	2
1496	4
1497	9
1498	7
1499	9
1500	4
1501	7
1502	3
1503	3
1504	6
1505	5
1506	6
1507	3
1508	3
1509	7
1510	2
1511	4
1512	1
1513	3
1514	4
1515	5
1516	4
1517	8
1518	1
1519	2
1520	5
1521	4
1522	3
1523	4
1524	7
1525	3
1526	2
1527	6
1528	3
1529	9
1530	10
1531	7
1532	3
1533	3
1534	2
1535	3
1536	4
1537	6
1538	3
1539	3
1540	3
1541	4
1542	3
1543	4
1544	7
1545	8
1546	4
1547	4
1548	4
1549	6
1550	2
1551	3
1552	5
1553	5
1554	3
1555	4
1556	3
1557	3
1558	7
1559	7
1560	8
1561	6
1562	3
1563	5
1564	1
1565	2
1566	5
1567	3
1568	2
1569	7
1570	4
1571	3
1572	10
1573	3
1574	4
1575	6
1576	5
1577	8
1578	4
1579	3
1580	4
1581	5
1582	3
1583	3
1584	5
1585	3
1586	6
1587	5
1588	3
1589	1
1590	6
1591	7
1592	1
1593	2
1594	5
1595	7
1596	3
1597	6
1598	8
1599	3
1600	2
1601	8
1602	1
1603	4
1604	7
1605	5
1606	8
1607	1
1608	4
1609	5
1610	7
1611	4
1612	2
1613	3
1614	2
1615	6
1616	5
1617	6
1618	1
1619	2
1620	2
1621	8
1622	3
1623	0
1624	2
1625	2
1626	3
1627	2
1628	3
1629	4
1630	4
1631	1
1632	5
1633	6
1634	2
1635	8
1636	5
1637	4
1638	6
1639	3
1640	6
1641	8
1642	3
1643	4
1644	3
1645	5
1646	7
1647	4
1648	0
1649	2
1650	5
1651	3
1652	3
1653	5
1654	7
1655	3
1656	2
1657	5
1658	3
1659	4
1660	1
1661	4
1662	1
1663	6
1664	2
1665	1
1666	3
1667	0
1668	5
1669	2
1670	3
1671	3
1672	7
1673	4
1674	1
1675	2
1676	4
1677	2
1678	5
1679	3
1680	2
1681	3
1682	3
1683	6
1684	3
1685	3
1686	4
1687	1
1688	2
1689	4
1690	5
1691	2
1692	3
1693	7
1694	3
1695	2
1696	5
1697	7
1698	2
1699	6
1700	2
1701	6
1702	4
1703	3
1704	5
1705	3
1706	2
1707	3
1708	2
1709	1
1710	2
1711	2
1712	3
1713	6
1714	1
1715	8
1716	5
1717	4
1718	0
1719	2
1720	4
1721	4
1722	3
1723	3
1724	7
1725	2
1726	7
1727	3
1728	4
1729	1
1730	2
1731	4
1732	4
1733	2
1734	3
1735	2
1736	3
1737	4
1738	1
1739	3
1740	2
1741	2
1742	2
1743	6
1744	3
1745	5
1746	2
1747	1
1748	3
1749	2
1750	1
1751	2
1752	7
1753	9
1754	1
1755	2
1756	3
1757	6
1758	7
1759	3
1760	2
1761	1
1762	5
1763	2
1764	4
1765	5
1766	5
1767	8
1768	4
1769	7
1770	6
1771	5
1772	10
1773	8
1774	7
1775	5
1776	4
1777	5
1778	7
1779	4
1780	7
1781	6
1782	13
1783	9
1784	3
1785	4
1786	7
1787	6
1788	6
1789	6
1790	9
1791	14
1792	7
1793	13
1794	8
1795	13
1796	16
1797	5
1798	11
1799	11
1800	7
1801	17
1802	13
1803	17
1804	18
1805	13
1806	16
1807	11
1808	7
1809	17
1810	18
1811	13
1812	18
1813	17
1814	22
1815	16
1816	11
1817	13
1818	15
1819	23
1820	9
1821	22
1822	17
1823	19
1824	24
1825	13
1826	13
1827	15
1828	20
1829	13
1830	28
1831	23
1832	19
1833	16
1834	25
1835	17
1836	30
1837	15
1838	28
1839	19
1840	19
1841	18
1842	31
1843	20
1844	20
1845	16
1846	15
1847	26
1848	17
1849	21
1850	14
1851	23
1852	9
1853	22
1854	20
1855	15
1856	13
1857	19
1858	16
1859	18
1860	20
1861	16
1862	19
1863	18
1864	21
1865	25
1866	20
1867	19
1868	29
1869	19
1870	18
1871	16
1872	17
1873	16
1874	19
1875	26
1876	18
1877	8
1878	23
1879	12
1880	14
1881	20
1882	14
1883	20
1884	13
1885	13
1886	15
1887	8
1888	14
1889	11
1890	17
1891	8
1892	16
1893	9
1894	14
1895	12
1896	7
1897	10
1898	7
1899	7
1900	9
1901	10
1902	5
1903	6
1904	6
1905	8
1906	6
1907	5
1908	5
1909	3
1910	5
1911	4
1912	5
1913	4
1914	4
1915	2
1916	7
1917	2
1918	3
1919	4
1920	3
1921	5
1922	5
1923	2
1924	5
1925	3
1926	3
1927	4
1928	3
1929	5
1930	2
1931	3
1932	4
1933	3
1934	3
1935	0
1936	3
1937	3
1938	2
1939	5
1940	7
1941	2
1942	7
1943	0
1944	3
1945	3
1946	4
1947	3
1948	0
1949	3
1950	4
1951	4
1952	1
1953	0
1954	1
1955	3
1956	4
1957	3
1958	2
1959	4
1960	4
1961	2
1962	5
1963	1
1964	3
1965	2
1966	2
1967	1
1968	1
1969	1
1970	2
1971	3
1972	3
1973	1
1974	2
1975	2
1976	2
1977	5
1978	1
1979	0
1980	2
1981	2
1982	2
1983	1
1984	4
1985	2
1986	1
1987	0
1988	2
1989	2
1990	3
1991	1
1992	1
1993	5
1994	2
1995	1
1996	4
1997	1
1998	2
1999	2
2000	0
2001	3
2002	1
2003	1
2004	2
2005	0
2006	5
2007	1
2008	1
2009	0
2010	1
2011	1
2012	2
2013	1
2014	2
2015	1
2016	2
2017	0
2018	0
2019	3
2020	1
2021	2
2022	6
2023	1
2024	1
2025	4
2026	2
2027	0
2028	1
2029	1
2030	2
2031	4
2032	4
2033	1
2034	3
2035	2
2036	2
2037	2
2038	1
2039	2
2040	3
2041	2
2042	1
2043	4
2044	2
2045	4
2046	2
2047	3
2048	4
2049	3
2050	2
2051	4
2052	5
2053	5
2054	2
2055	5
2056	3
2057	8
2058	4
2059	7
2060	4
2061	2
2062	3
2063	4
2064	3
2065	5
2066	3
2067	3
2068	1
2069	0
2070	2
2071	1
2072	3
2073	4
2074	2
2075	4
2076	3
2077	1
2078	5
2079	5
2080	4
2081	2
2082	6
2083	0
2084	4
2085	5
2086	6
2087	3
2088	2
2089	5
2090	3
2091	6
2092	3
2093	5
2094	3
2095	2
2096	2
2097	6
2098	2
2099	4
2100	4
2101	3
2102	10
2103	5
2104	4
2105	6
2106	4
2107	7
2108	1
2109	4
2110	2
2111	4
2112	4
2113	3
2114	4
2115	7
2116	11
2117	1
2118	5
2119	0
2120	5
2121	4
2122	3
2123	8
2124	7
2125	1
2126	5
2127	6
2128	4
2129	2
2130	3
2131	7
2132	3
2133	3
2134	3
2135	0
2136	3
2137	5
2138	3
2139	6
2140	6
2141	7
2142	4
2143	5
2144	4
2145	8
2146	5
2147	3
2148	2
2149	3
2150	3
2151	1
2152	2
2153	3
2154	8
2155	4
2156	2
2157	2
2158	3
2159	2
2160	1
2161	1
2162	8
2163	5
2164	2
2165	1
2166	3
2167	4
2168	2
2169	1
2170	2
2171	3
2172	3
2173	3
2174	2
2175	1
2176	4
2177	1
2178	1
2179	4
2180	1
2181	1
2182	5
2183	4
2184	2
2185	4
2186	2
2187	2
2188	0
2189	1
2190	0
2191	0
2192	4
2193	2
2194	0
2195	1
2196	1
2197	0
2198	6
2199	3
2200	2
2201	2
2202	3
2203	1
2204	1
2205	3
2206	0
2207	1
2208	1
2209	0
2210	1
2211	3
2212	1
2213	0
2214	1
2215	3
2216	1
2217	3
2218	3
2219	0
2220	2
2221	2
2222	0
2223	0
2224	2
2225	0
2226	1
2227	0
2228	2
2229	2
2230	0
2231	2
2232	0
2233	2
2234	0
2235	0
2236	2
2237	1
2238	1
2239	0
2240	3
2241	1
2242	0
2243	0
2244	0
2245	0
2246	0
2247	1
2248	2
2249	2
2250	0
2251	0
2252	1
2253	0
2254	3
2255	0
2256	0
2257	0
2258	5
2259	2
2260	2
2261	1
2262	2
2263	0
2264	1
2265	1
2266	1
2267	0
2268	2
2269	6
2270	1
2271	0
2272	2
2273	0
2274	0
2275	2
2276	1
2277	0
2278	1
2279	0
2280	0
2281	1
2282	0
2283	0
2284	0
2285	4
2286	0
2287	2
2288	1
2289	2
2290	1
2291	1
2292	0
2293	0
2294	4
2295	1
2296	0
2297	3
2298	0
2299	0
2300	2
2301	2
2302	0
2303	0
2304	0
2305	2
2306	3
2307	2
2308	2
2309	0
2310	2
2311	0
2312	1
2313	1
2314	2
2315	2
2316	0
2317	2
2318	1
2319	0
2320	2
2321	0
2322	3
2323	1
2324	1
2325	0
2326	1
2327	2
2328	0
2329	0
2330	1
2331	1
2332	1
2333	1
2334	0
2335	2
2336	1
2337	1
2338	2
2339	0
2340	1
2341	0
2342	1
2343	0
2344	1
2345	1
2346	0
2347	0
2348	2
2349	2
2350	0
2351	2
2352	0
2353	2
2354	0
2355	1
2356	3
2357	0
2358	2
2359	0
2360	1
2361	1
2362	2
2363	1
2364	0
2365	1
2366	1
2367	0
2368	0
2369	0
2370	1
2371	3
2372	0
2373	0
2374	1
2375	0
2376	1
2377	3
2378	1
2379	0
2380	3
2381	1
2382	2
2383	0
2384	2
2385	1
2386	2
2387	1
2388	0
2389	3
2390	2
2391	1
2392	2
2393	3
2394	2
2395	1
2396	0
2397	2
2398	2
2399	0
2400	1
2401	1
2402	1
2403	0
2404	0
2405	2
2406	0
2407	0
2408	2
2409	4
2410	1
2411	0
2412	1
2413	0
2414	4
2415	1
2416	1
2417	1
2418	0
2419	2
2420	2
2421	0
2422	1
2423	2
2424	0
2425	2
2426	0
2427	0
2428	1
2429	0
2430	1
2431	0
2432	1
2433	0
2434	0
2435	0
2436	1
2437	0
2438	2
2439	1
2440	0
2441	0
2442	0
2443	2
2444	1
2445	1
2446	1
2447	0
2448	2
2449	0
2450	1
2451	1
2452	1
2453	0
2454	0
2455	1
2456	0
2457	1
2458	0
2459	1
2460	0
2461	0
2462	0
2463	2
2464	2
2465	0
2466	1
2467	1
2468	1
2469	2
2470	1
2471	0
2472	2
2473	0
2474	0
2475	2
2476	1
2477	1
2478	3
2479	0
2480	0
2481	0
2482	1
2483	1
2484	1
2485	0
2486	1
2487	1
2488	1
2489	1
2490	0
2491	1
2492	0
2493	0
2494	0
2495	1
2496	1
2497	2
2498	1
2499	0
2500	1
2501	0
2502	1
2503	0
2504	2
2505	2
2506	2
2507	1
2508	0
2509	0
2510	2
2511	0
2512	0
2513	2
2514	0
2515	2
2516	0
2517	1
2518	2
2519	1
2520	0
2521	1
2522	0
2523	2
2524	1
2525	0
2526	0
2527	2
2528	0
2529	1
2530	1
2531	0
2532	2
2533	0
2534	0
2535	0
2536	0
2537	1
2538	0
2539	1
2540	2
2541	0
2542	0
2543	1
2544	2
2545	0
2546	2
2547	0
2548	0
2549	1
2550	1
2551	2
2552	0
2553	0
2554	1
2555	0
2556	0
2557	0
2558	0
2559	0
2560	0
2561	0
2562	0
2563	1
2564	0
2565	0
2566	0
2567	0
2568	2
2569	1
2570	0
2571	0
2572	0
2573	1
2574	0
2575	0
2576	0
2577	0
2578	0
2579	0
2580	0
2581	1
2582	1
2583	1
2584	1
2585	0
2586	2
2587	0
2588	1
2589	0
2590	1
2591	0
2592	0
2593	0
2594	2
2595	0
2596	0
2597	0
2598	0
2599	0
2600	2
2601	1
2602	2
2603	0
2604	0
2605	0
2606	0
2607	0
2608	1
2609	0
2610	0
2611	2
2612	0
2613	0
2614	0
2615	0
2616	2
2617	1
2618	0
2619	1
2620	0
2621	0
2622	1
2623	1
2624	1
2625	1
2626	1
2627	0
2628	0
2629	1
2630	1
2631	0
2632	0
2633	0
2634	1
2635	0
2636	1
2637	1
2638	1
2639	0
2640	0
2641	1
2642	1
2643	1
2644	1
2645	0
2646	1
2647	1
2648	1
2649	1
2650	0
2651	1
2652	2
2653	2
2654	1
2655	0
2656	0
2657	2
2658	1
2659	1
2660	2
2661	0
2662	0
2663	0
2664	1
2665	1
2666	1
2667	1
2668	2
2669	1
2670	0
2671	0
2672	0
2673	1
2674	0
2675	0
2676	0
2677	0
2678	1
2679	1
2680	1
2681	1
2682	0
2683	0
2684	1
2685	0
2686	0
2687	0
2688	0
2689	0
2690	1
2691	0
2692	4
2693	1
2694	1
2695	1
2696	0
2697	2
2698	1
2699	0
2700	1
2701	2
2702	1
2703	0
2704	0
2705	0
2706	1
2707	0
2708	0
2709	1
2710	1
2711	0
2712	0
2713	3
2714	0
2715	1
2716	0
2717	0
2718	1
2719	1
2720	0
2721	0
2722	0
2723	2
2724	0
2725	1
2726	0
2727	0
2728	1
2729	1
2730	0
2731	1
2732	0
2733	1
2734	0
2735	1
2736	1
2737	1
2738	1
2739	1
2740	2
2741	1
2742	0
2743	0
2744	0
2745	0
2746	0
2747	1
2748	1
2749	1
2750	1
2751	3
2752	1
2753	2
2754	0
2755	1
2756	0
2757	0
2758	1
2759	0
2760	2
2761	2
2762	0
2763	0
2764	0
2765	0
2766	1
2767	1
2768	0
2769	1
2770	1
2771	0
2772	0
2773	0
2774	2
2775	1
2776	1
2777	0
2778	0
2779	0
2780	0
2781	0
2782	0
2783	1
2784	0
2785	0
2786	0
2787	0
2788	2
2789	0
2790	0
2791	1
2792	1
2793	1
2794	1
2795	1
2796	1
2797	1
2798	1
2799	0
2800	0
2801	0
2802	4
2803	1
2804	2
2805	0
2806	0
2807	1
2808	0
2809	1
2810	0
2811	0
2812	0
2813	1
2814	1
2815	0
2816	0
2817	0
2818	0
2819	0
2820	1
2821	0
2822	0
2823	1
2824	0
2825	0
2826	0
2827	0
2828	0
2829	1
2830	0
2831	1
2832	1
2833	1
2834	0
2835	1
2836	0
2837	1
2838	2
2839	0
2840	0
2841	0
2842	1
2843	0
2844	0
2845	0
2846	0
2847	1
2848	1
2849	0
2850	0
2851	0
2852	1
2853	1
2854	2
2855	1
2856	2
2857	0
2858	0
2859	0
2860	0
2861	0
2862	2
2863	1
2864	0
2865	0
2866	0
2867	0
2868	0
2869	0
2870	2
2871	2
2872	0
2873	0
2874	1
2875	1
2876	0
2877	1
2878	0
2879	0
2880	0
2881	1
2882	0
2883	1
2884	1
2885	1
2886	0
2887	0
2888	0
2889	1
2890	1
2891	0
2892	0
2893	0
2894	1
2895	0
2896	0
2897	0
2898	1
2899	1
2900	1
2901	0
2902	2
2903	0
2904	0
2905	1
2906	0
2907	0
2908	0
2909	0
2910	0
2911	0
2912	0
2913	0
2914	0
2915	0
2916	1
2917	1
2918	1
2919	0
2920	0
2921	1
2922	1
2923	0
2924	0
2925	1
2926	0
2927	0
2928	0
2929	0
2930	1
2931	0
2932	0
2933	1
2934	1
2935	0
2936	0
2937	0
2938	0
2939	0
2940	1
2941	0
2942	1
2943	0
2944	0
2945	0
2946	0
2947	0
2948	0
2949	0
2950	0
2951	1
2952	0
2953	0
2954	1
2955	0
2956	2
2957	0
2958	0
2959	0
2960	0
2961	0
2962	1
2963	0
2964	0
2965	0
2966	1
2967	0
2968	0
2969	0
2970	0
2971	0
2972	0
2973	0
2974	0
2975	0
2976	0
2977	1
2978	0
2979	0
2980	1
2981	0
2982	1
2983	0
2984	0
2985	0
2986	0
2987	0
2988	1
2989	0
2990	0
2991	1
2992	1
2993	0
2994	0
2995	1
2996	1
2997	0
2998	1
2999	0
3000	0
3001	0
3002	0
3003	0
3004	0
3005	0
3006	3
3007	0
3008	0
3009	0
3010	1
3011	2
3012	2
3013	0
3014	0
3015	0
3016	0
3017	0
3018	0
3019	0
3020	0
3021	0
3022	2
3023	2
3024	3
3025	0
3026	0
3027	0
3028	0
3029	0
3030	1
3031	0
3032	0
3033	0
3034	0
3035	0
3036	0
3037	0
3038	1
3039	0
3040	0
3041	0
3042	0
3043	0
3044	0
3045	3
3046	0
3047	0
3048	1
3049	0
3050	0
3051	1
3052	1
3053	0
3054	1
3055	0
3056	0
3057	0
3058	1
3059	1
3060	2
3061	1
3062	0
3063	0
3064	0
3065	0
3066	0
3067	0
3068	0
3069	1
3070	0
3071	0
3072	0
3073	0
3074	0
3075	0
3076	1
3077	0
3078	0
3079	0
3080	1
3081	0
3082	0
3083	0
3084	1
3085	0
3086	0
3087	1
3088	0
3089	0
3090	0
3091	1
3092	1
3093	1
3094	0
3095	0
3096	1
3097	0
3098	0
3099	1
3100	0
3101	0
3102	0
3103	0
3104	0
3105	0
3106	0
3107	0
3108	0
3109	0
3110	0
3111	0
3112	0
3113	0
3114	1
3115	0
3116	1
3117	0
3118	1
3119	0
3120	0
3121	1
3122	1
3123	0
3124	0
3125	0
3126	0
3127	1
3128	0
3129	1
3130	1
3131	2
3132	0
3133	1
3134	1
3135	1
3136	1
3137	1
3138	0
3139	2
3140	0
3141	1
3142	0
3143	0
3144	0
3145	0
3146	0
3147	0
3148	1
3149	0
3150	0
3151	0
3152	0
3153	0
3154	0
3155	0
3156	1
3157	0
3158	0
3159	2
3160	0
3161	1
3162	0
3163	0
3164	1
3165	0
3166	0
3167	0
3168	0
3169	0
3170	0
3171	0
3172	0
3173	0
3174	0
3175	0
3176	0
3177	0
3178	0
3179	0
3180	0
3181	1
3182	0
3183	0
3184	0
3185	0
3186	0
3187	0
3188	0
3189	0
3190	1
3191	0
3192	0
3193	0
3194	1
3195	1
3196	1
3197	0
3198	0
3199	0
3200	0
3201	0
3202	1
3203	0
3204	1
3205	1
3206	0
3207	1
3208	1
3209	0
3210	1
3211	0
3212	0
3213	0
3214	0
3215	0
3216	0
3217	0
3218	0
3219	0
3220	0
3221	1
3222	0
3223	0
3224	0
3225	0
3226	0
3227	0
3228	0
3229	1
3230	0
3231	0
3232	1
3233	0
3234	0
3235	0
3236	0
3237	0
3238	1
3239	0
3240	0
3241	0
3242	1
3243	0
3244	1
3245	0
3246	0
3247	0
3248	0
3249	0
3250	1
3251	0
3252	0
3253	0
3254	0
3255	0
3256	0
3257	0
3258	0
3259	0
3260	0
3261	2
3262	0
3263	0
3264	0
3265	0
3266	1
3267	1
3268	0
3269	1
3270	0
3271	0
3272	0
3273	0
3274	0
3275	0
3276	0
3277	0
3278	2
3279	0
3280	0
3281	1
3282	0
3283	0
3284	0
3285	0
3286	0
3287	0
3288	0
3289	0
3290	0
3291	0
3292	0
3293	0
3294	0
3295	0
3296	1
3297	1
3298	0
3299	0
3300	0
3301	0
3302	0
3303	0
3304	0
3305	0
3306	0
3307	0
3308	1
3309	0
3310	0
3311	0
3312	0
3313	0
3314	1
3315	0
3316	0
3317	0
3318	0
3319	0
3320	0
3321	0
3322	0
3323	0
3324	0
3325	0
3326	0
3327	0
3328	0
3329	0
3330	0
3331	2
3332	0
3333	0
3334	0
3335	0
3336	0
3337	0
3338	0
3339	0
3340	0
3341	0
3342	0
3343	0
3344	0
3345	1
3346	0
3347	0
3348	0
3349	0
3350	0
3351	0
3352	0
3353	0
3354	0
3355	0
3356	0
3357	0
3358	0
3359	0
3360	0
3361	0
3362	0
3363	0
3364	0
3365	0
3366	0
3367	0
3368	0
3369	1
3370	0
3371	0
3372	0
3373	0
3374	0
3375	0
3376	0
3377	0
3378	1
3379	0
3380	0
3381	0
3382	0
3383	0
3384	0
3385	0
3386	0
3387	0
3388	0
3389	0
3390	0
3391	0
3392	0
3393	0
3394	0
3395	0
3396	0
3397	0
3398	0
3399	1
3400	0
3401	0
3402	0
3403	0
3404	0
3405	0
3406	0
3407	0
3408	1
3409	0
3410	0
3411	0
3412	0
3413	0
3414	0
3415	0
3416	0
3417	0
3418	0
3419	0
3420	0
3421	0
3422	0
3423	0
3424	0
3425	0
3426	0
3427	0
3428	0
3429	0
3430	0
3431	0
3432	0
3433	0
3434	0
3435	0
3436	1
3437	1
3438	0
3439	0
3440	0
3441	0
3442	0
3443	0
3444	0
3445	0
3446	0
3447	0
3448	0
3449	1
3450	0
3451	0
3452	0
3453	0
3454	0
3455	0
3456	0
3457	0
3458	0
3459	0
3460	0
3461	0
3462	0
3463	0
3464	0
3465	0
3466	0
3467	0
3468	0
3469	0
3470	2
3471	0
3472	0
3473	0
3474	0
3475	0
3476	0
3477	0
3478	0
3479	0
3480	0
3481	0
3482	0
3483	0
3484	0
3485	0
3486	0
3487	0
3488	0
3489	0
3490	0
3491	0
3492	0
3493	0
3494	0
3495	0
3496	0
3497	1
3498	0
3499	1
3500	0
3501	0
3502	0
3503	0
3504	0
3505	0
3506	0
3507	0
3508	0
3509	0
3510	0
3511	0
3512	0
3513	0
3514	0
3515	0
3516	0
3517	0
3518	0
3519	0
3520	0
3521	0
3522	0
3523	0
3524	0
3525	0
3526	0
3527	0
3528	1
3529	0
3530	0
3531	0
3532	0
3533	0
3534	0
3535	0
3536	0
3537	0
3538	1
3539	1
3540	0
3541	0
3542	0
3543	0
3544	0
3545	0
3546	0
3547	0
3548	0
3549	0
3550	0
3551	0
3552	0
3553	0
3554	0
3555	0
3556	0
3557	0
3558	0
3559	0
3560	0
3561	0
3562	0
3563	1
3564	0
3565	0
3566	0
3567	0
3568	0
3569	0
3570	0
3571	0
3572	0
3573	0
3574	1
3575	0
3576	0
3577	0
3578	0
3579	0
3580	1
3581	1
3582	1
3583	0
3584	0
3585	0
3586	0
3587	0
3588	0
3589	0
3590	0
3591	0
3592	0
3593	0
3594	0
3595	0
3596	0
3597	0
3598	0
3599	0
3600	0
3601	0
3602	0
3603	0
3604	0
3605	0
3606	0
3607	0
3608	0
3609	0
3610	0
3611	0
3612	1
3613	0
3614	1
3615	0
3616	0
3617	1
3618	0
3619	0
3620	0
3621	0
3622	0
3623	0
3624	0
3625	0
3626	0
3627	1
3628	1
3629	0
3630	1
3631	0
3632	0
3633	0
3634	0
3635	0
3636	0
3637	0
3638	0
3639	0
3640	0
3641	0
3642	0
3643	0
3644	0
3645	0
3646	0
3647	0
3648	0
3649	0
3650	0
3651	0
3652	1
3653	0
3654	0
3655	0
3656	0
3657	0
3658	0
3659	0
3660	0
3661	0
3662	0
3663	0
3664	0
3665	0
3666	1
3667	0
3668	0
3669	0
3670	0
3671	0
3672	0
3673	0
3674	0
3675	0
3676	0
3677	0
3678	0
3679	0
3680	0
3681	0
3682	0
3683	0
3684	0
3685	0
3686	0
3687	0
3688	1
3689	1
3690	0
3691	0
3692	1
3693	0
3694	0
3695	0
3696	0
3697	0
3698	0
3699	1
3700	0
3701	0
3702	0
3703	0
3704	0
3705	0
3706	0
3707	0
3708	0
3709	0
3710	0
3711	0
3712	0
3713	0
3714	0
3715	0
3716	1
3717	0
3718	0
3719	0
3720	0
3721	0
3722	0
3723	0
3724	0
3725	0
3726	0
3727	0
3728	0
3729	0
3730	0
3731	0
3732	1
3733	0
3734	0
3735	0
3736	0
3737	0
3738	1
3739	0
3740	0
3741	0
3742	0
3743	0
3744	0
3745	0
3746	0
3747	0
3748	0
3749	0
3750	0
3751	0
3752	0
3753	0
3754	0
3755	0
3756	0
3757	0
3758	0
3759	0
3760	0
3761	1
3762	0
3763	0
3764	0
3765	0
3766	0
3767	0
3768	0
3769	0
3770	0
3771	0
3772	0
3773	0
3774	0
3775	0
3776	0
3777	0
3778	0
3779	1
3780	0
3781	0
3782	0
3783	0
3784	0
3785	0
3786	0
3787	0
3788	0
3789	0
3790	0
3791	0
3792	0
3793	0
3794	0
3795	0
3796	0
3797	0
3798	0
3799	0
3800	0
3801	0
3802	0
3803	0
3804	0
3805	0
3806	0
3807	0
3808	0
3809	0
3810	0
3811	0
3812	0
3813	0
3814	0
3815	0
3816	0
3817	0
3818	0
3819	0
3820	0
3821	0
3822	1
3823	0
3824	0
3825	0
3826	0
3827	0
3828	0
3829	0
3830	0
3831	0
3832	0
3833	0
3834	0
3835	0
3836	0
3837	0
3838	0
3839	0
3840	0
3841	0
3842	0
3843	0
3844	0
3845	0
3846	0
3847	0
3848	0
3849	0
3850	0
3851	0
3852	0
3853	0
3854	0
3855	0
3856	0
3857	0
3858	0
3859	0
3860	0
3861	0
3862	0
3863	0
3864	0
3865	0
3866	0
3867	0
3868	0
3869	0
3870	0
3871	0
3872	0
3873	0
3874	0
3875	0
3876	0
3877	0
3878	0
3879	0
3880	0
3881	0
3882	0
3883	0
3884	0
3885	0
3886	0
3887	0
3888	1
3889	0
3890	0
3891	0
3892	0
3893	0
3894	0
3895	0
3896	0
3897	0
3898	0
3899	0
3900	0
3901	0
3902	0
3903	0
3904	0
3905	0
3906	0
3907	0
3908	0
3909	0
3910	0
3911	0
3912	0
3913	0
3914	0
3915	0
3916	0
3917	0
3918	0
3919	0
3920	0
3921	0
3922	0
3923	0
3924	0
3925	0
3926	0
3927	0
3928	0
3929	0
3930	0
3931	0
3932	0
3933	0
3934	0
3935	0
3936	0
3937	0
3938	0
3939	0
3940	0
3941	0
3942	0
3943	0
3944	0
3945	0
3946	1
3947	0
3948	0
3949	0
3950	0
3951	0
3952	0
3953	0
3954	0
3955	0
3956	0
3957	0
3958	0
3959	0
3960	0
3961	0
3962	0
3963	0
3964	0
3965	0
3966	0
3967	0
3968	0
3969	0
3970	0
3971	0
3972	0
3973	0
3974	0
3975	0
3976	0
3977	0
3978	0
3979	0
3980	0
3981	0
3982	0
3983	0
3984	0
3985	0
3986	0
3987	0
3988	0
3989	0
3990	0
3991	0
3992	0
3993	0
3994	0
3995	1
3996	0
3997	0
3998	0
3999	0
4000	0
