Channel number	Impulses
Channel/#	Impulses/#

0	0
1	0
2	0
3	0
4	0
5	0
6	0
7	0
8	0
9	0
10	0
11	0
12	0
13	0
14	0
15	0
16	0
17	0
18	0
19	0
20	0
21	0
22	0
23	0
24	0
25	0
26	0
27	0
28	0
29	0
30	0
31	0
32	0
33	0
34	0
35	0
36	0
37	0
38	0
39	0
40	0
41	0
42	0
43	0
44	0
45	0
46	0
47	0
48	0
49	0
50	0
51	0
52	0
53	0
54	0
55	0
56	0
57	0
58	3
59	1
60	1
61	1
62	0
63	0
64	2
65	1
66	5
67	4
68	5
69	7
70	4
71	6
72	8
73	8
74	5
75	6
76	13
77	6
78	5
79	13
80	5
81	12
82	5
83	5
84	4
85	12
86	10
87	10
88	17
89	5
90	12
91	14
92	7
93	12
94	9
95	14
96	6
97	12
98	12
99	19
100	17
101	15
102	15
103	19
104	10
105	12
106	11
107	9
108	18
109	12
110	9
111	20
112	8
113	6
114	10
115	11
116	15
117	11
118	17
119	12
120	11
121	11
122	10
123	12
124	9
125	10
126	9
127	20
128	6
129	13
130	15
131	13
132	13
133	14
134	10
135	8
136	10
137	17
138	7
139	19
140	14
141	17
142	19
143	13
144	10
145	14
146	10
147	15
148	11
149	16
150	15
151	11
152	10
153	21
154	17
155	13
156	14
157	14
158	8
159	17
160	5
161	13
162	12
163	15
164	8
165	14
166	16
167	9
168	6
169	14
170	16
171	11
172	7
173	8
174	16
175	11
176	10
177	11
178	6
179	6
180	8
181	8
182	8
183	13
184	8
185	6
186	10
187	11
188	6
189	12
190	6
191	13
192	5
193	5
194	9
195	11
196	8
197	8
198	9
199	8
200	3
201	14
202	6
203	8
204	9
205	8
206	5
207	15
208	7
209	8
210	10
211	3
212	5
213	7
214	10
215	6
216	10
217	7
218	7
219	9
220	11
221	14
222	16
223	7
224	5
225	9
226	6
227	8
228	5
229	7
230	4
231	7
232	5
233	8
234	10
235	5
236	8
237	8
238	10
239	5
240	5
241	11
242	9
243	5
244	16
245	2
246	10
247	9
248	10
249	11
250	12
251	10
252	8
253	9
254	10
255	15
256	4
257	5
258	7
259	13
260	9
261	7
262	4
263	7
264	12
265	7
266	8
267	7
268	9
269	15
270	3
271	7
272	4
273	16
274	4
275	12
276	9
277	8
278	8
279	5
280	5
281	10
282	10
283	9
284	6
285	7
286	6
287	8
288	2
289	2
290	10
291	4
292	12
293	10
294	7
295	10
296	7
297	5
298	3
299	11
300	7
301	10
302	9
303	6
304	6
305	1
306	7
307	4
308	17
309	5
310	8
311	12
312	6
313	7
314	6
315	5
316	4
317	5
318	4
319	10
320	2
321	8
322	8
323	12
324	3
325	9
326	10
327	2
328	7
329	4
330	9
331	1
332	5
333	2
334	11
335	10
336	9
337	8
338	10
339	12
340	8
341	6
342	6
343	8
344	6
345	6
346	2
347	11
348	9
349	5
350	6
351	8
352	6
353	3
354	4
355	4
356	7
357	7
358	6
359	3
360	7
361	6
362	8
363	9
364	7
365	4
366	8
367	6
368	9
369	6
370	6
371	6
372	4
373	7
374	8
375	8
376	6
377	4
378	7
379	8
380	5
381	4
382	5
383	7
384	2
385	5
386	6
387	7
388	5
389	8
390	13
391	5
392	1
393	7
394	6
395	5
396	8
397	10
398	8
399	12
400	6
401	8
402	2
403	4
404	9
405	6
406	5
407	4
408	3
409	8
410	8
411	10
412	10
413	11
414	9
415	7
416	6
417	3
418	6
419	9
420	5
421	9
422	7
423	7
424	4
425	7
426	6
427	4
428	10
429	4
430	10
431	7
432	7
433	9
434	7
435	7
436	8
437	3
438	11
439	8
440	7
441	12
442	9
443	12
444	5
445	4
446	7
447	6
448	6
449	5
450	9
451	8
452	12
453	4
454	10
455	16
456	6
457	7
458	3
459	5
460	8
461	8
462	12
463	7
464	11
465	9
466	6
467	10
468	10
469	5
470	10
471	5
472	16
473	8
474	13
475	12
476	7
477	9
478	9
479	15
480	15
481	12
482	9
483	10
484	7
485	12
486	9
487	16
488	11
489	23
490	10
491	18
492	22
493	16
494	12
495	10
496	18
497	14
498	10
499	7
500	18
501	9
502	15
503	13
504	15
505	14
506	8
507	18
508	9
509	14
510	16
511	24
512	3
513	10
514	16
515	15
516	19
517	18
518	14
519	18
520	12
521	17
522	18
523	15
524	20
525	22
526	18
527	12
528	13
529	11
530	16
531	11
532	15
533	11
534	19
535	13
536	12
537	11
538	7
539	16
540	12
541	13
542	11
543	23
544	8
545	10
546	17
547	7
548	11
549	12
550	11
551	15
552	11
553	10
554	8
555	8
556	14
557	7
558	5
559	12
560	7
561	9
562	13
563	13
564	9
565	5
566	14
567	8
568	5
569	6
570	14
571	10
572	8
573	9
574	12
575	10
576	3
577	13
578	8
579	8
580	10
581	8
582	7
583	8
584	5
585	19
586	3
587	6
588	8
589	10
590	5
591	7
592	5
593	9
594	8
595	11
596	10
597	1
598	8
599	9
600	9
601	6
602	4
603	10
604	7
605	3
606	9
607	11
608	6
609	9
610	9
611	8
612	4
613	6
614	7
615	13
616	7
617	9
618	7
619	8
620	5
621	10
622	9
623	13
624	6
625	8
626	7
627	6
628	8
629	4
630	13
631	5
632	12
633	11
634	4
635	6
636	8
637	8
638	12
639	10
640	2
641	7
642	10
643	8
644	7
645	4
646	8
647	4
648	6
649	6
650	5
651	7
652	7
653	7
654	12
655	8
656	7
657	10
658	11
659	7
660	5
661	4
662	8
663	8
664	7
665	11
666	3
667	4
668	7
669	9
670	5
671	6
672	3
673	5
674	13
675	3
676	10
677	8
678	11
679	5
680	8
681	10
682	9
683	6
684	6
685	7
686	7
687	5
688	5
689	8
690	3
691	5
692	9
693	6
694	11
695	8
696	5
697	6
698	4
699	5
700	3
701	9
702	5
703	11
704	6
705	14
706	7
707	12
708	18
709	11
710	11
711	7
712	7
713	10
714	8
715	6
716	9
717	8
718	7
719	8
720	9
721	11
722	5
723	9
724	5
725	4
726	10
727	3
728	11
729	5
730	7
731	8
732	7
733	7
734	3
735	6
736	4
737	5
738	9
739	6
740	8
741	9
742	9
743	12
744	6
745	11
746	7
747	8
748	14
749	2
750	8
751	5
752	4
753	8
754	9
755	11
756	6
757	4
758	6
759	4
760	5
761	12
762	8
763	8
764	8
765	13
766	9
767	12
768	3
769	8
770	18
771	6
772	7
773	7
774	6
775	7
776	8
777	9
778	9
779	7
780	10
781	12
782	8
783	6
784	7
785	4
786	8
787	7
788	7
789	6
790	8
791	4
792	5
793	12
794	8
795	5
796	10
797	5
798	14
799	9
800	7
801	12
802	9
803	14
804	11
805	6
806	9
807	3
808	7
809	4
810	7
811	5
812	9
813	10
814	9
815	4
816	11
817	7
818	14
819	7
820	12
821	5
822	12
823	8
824	4
825	10
826	8
827	10
828	2
829	10
830	6
831	8
832	0
833	8
834	10
835	6
836	8
837	7
838	17
839	6
840	7
841	10
842	12
843	11
844	11
845	9
846	10
847	10
848	5
849	4
850	8
851	5
852	6
853	10
854	9
855	6
856	10
857	7
858	13
859	8
860	10
861	1
862	8
863	8
864	7
865	5
866	10
867	5
868	6
869	7
870	7
871	7
872	6
873	9
874	7
875	2
876	13
877	11
878	10
879	11
880	5
881	7
882	12
883	5
884	13
885	12
886	10
887	11
888	12
889	9
890	6
891	6
892	8
893	6
894	12
895	13
896	6
897	8
898	7
899	8
900	10
901	3
902	12
903	11
904	7
905	14
906	10
907	8
908	10
909	7
910	9
911	8
912	11
913	10
914	5
915	12
916	13
917	10
918	18
919	11
920	9
921	10
922	8
923	7
924	10
925	13
926	9
927	9
928	10
929	10
930	10
931	8
932	12
933	13
934	16
935	14
936	10
937	10
938	6
939	11
940	10
941	5
942	8
943	5
944	8
945	6
946	13
947	12
948	9
949	11
950	10
951	3
952	14
953	22
954	13
955	13
956	15
957	13
958	7
959	18
960	9
961	5
962	8
963	8
964	15
965	10
966	7
967	5
968	14
969	9
970	14
971	11
972	8
973	13
974	19
975	7
976	9
977	11
978	16
979	8
980	8
981	10
982	14
983	8
984	5
985	7
986	7
987	7
988	10
989	13
990	10
991	9
992	8
993	11
994	11
995	10
996	10
997	5
998	10
999	10
1000	9
1001	14
1002	2
1003	10
1004	21
1005	9
1006	7
1007	6
1008	12
1009	5
1010	10
1011	8
1012	14
1013	6
1014	16
1015	14
1016	10
1017	7
1018	11
1019	8
1020	12
1021	9
1022	9
1023	18
1024	1
1025	9
1026	7
1027	13
1028	9
1029	10
1030	7
1031	10
1032	6
1033	12
1034	17
1035	13
1036	12
1037	18
1038	11
1039	14
1040	8
1041	8
1042	7
1043	18
1044	10
1045	15
1046	21
1047	12
1048	7
1049	16
1050	16
1051	17
1052	10
1053	16
1054	11
1055	18
1056	10
1057	17
1058	13
1059	14
1060	14
1061	10
1062	10
1063	10
1064	13
1065	10
1066	19
1067	12
1068	15
1069	9
1070	17
1071	12
1072	13
1073	10
1074	18
1075	18
1076	13
1077	12
1078	16
1079	13
1080	10
1081	20
1082	13
1083	16
1084	13
1085	20
1086	12
1087	21
1088	12
1089	15
1090	11
1091	15
1092	15
1093	18
1094	6
1095	14
1096	6
1097	21
1098	17
1099	12
1100	14
1101	13
1102	8
1103	12
1104	12
1105	7
1106	7
1107	12
1108	12
1109	11
1110	7
1111	9
1112	11
1113	8
1114	13
1115	14
1116	14
1117	8
1118	16
1119	17
1120	13
1121	11
1122	18
1123	9
1124	19
1125	5
1126	18
1127	12
1128	19
1129	13
1130	16
1131	8
1132	19
1133	20
1134	13
1135	14
1136	13
1137	5
1138	15
1139	10
1140	13
1141	8
1142	14
1143	10
1144	11
1145	13
1146	9
1147	9
1148	12
1149	10
1150	12
1151	14
1152	10
1153	8
1154	12
1155	17
1156	10
1157	4
1158	13
1159	16
1160	13
1161	14
1162	11
1163	8
1164	18
1165	14
1166	15
1167	11
1168	12
1169	11
1170	15
1171	11
1172	13
1173	13
1174	11
1175	10
1176	7
1177	16
1178	17
1179	12
1180	11
1181	10
1182	16
1183	22
1184	6
1185	11
1186	13
1187	13
1188	20
1189	12
1190	10
1191	17
1192	8
1193	23
1194	12
1195	15
1196	13
1197	15
1198	11
1199	7
1200	15
1201	19
1202	17
1203	8
1204	6
1205	17
1206	11
1207	10
1208	10
1209	18
1210	13
1211	16
1212	21
1213	15
1214	7
1215	19
1216	16
1217	11
1218	12
1219	15
1220	18
1221	10
1222	13
1223	16
1224	7
1225	25
1226	12
1227	11
1228	17
1229	9
1230	11
1231	9
1232	11
1233	18
1234	13
1235	21
1236	8
1237	11
1238	17
1239	11
1240	13
1241	15
1242	6
1243	14
1244	11
1245	19
1246	17
1247	21
1248	9
1249	9
1250	15
1251	11
1252	25
1253	8
1254	19
1255	15
1256	19
1257	19
1258	20
1259	14
1260	13
1261	13
1262	16
1263	16
1264	6
1265	13
1266	12
1267	17
1268	10
1269	9
1270	8
1271	9
1272	10
1273	10
1274	20
1275	9
1276	16
1277	20
1278	13
1279	17
1280	4
1281	11
1282	18
1283	19
1284	18
1285	11
1286	18
1287	10
1288	10
1289	10
1290	12
1291	20
1292	13
1293	12
1294	21
1295	11
1296	13
1297	16
1298	11
1299	16
1300	16
1301	12
1302	19
1303	16
1304	18
1305	13
1306	8
1307	26
1308	15
1309	17
1310	12
1311	20
1312	14
1313	13
1314	10
1315	16
1316	14
1317	16
1318	17
1319	14
1320	17
1321	17
1322	13
1323	15
1324	14
1325	9
1326	9
1327	19
1328	19
1329	19
1330	18
1331	16
1332	21
1333	13
1334	20
1335	13
1336	20
1337	17
1338	17
1339	11
1340	11
1341	19
1342	18
1343	20
1344	6
1345	15
1346	27
1347	16
1348	12
1349	8
1350	17
1351	22
1352	15
1353	19
1354	10
1355	10
1356	23
1357	15
1358	16
1359	11
1360	7
1361	17
1362	10
1363	15
1364	12
1365	9
1366	20
1367	12
1368	11
1369	22
1370	7
1371	18
1372	11
1373	12
1374	22
1375	19
1376	12
1377	13
1378	13
1379	10
1380	21
1381	11
1382	18
1383	13
1384	17
1385	25
1386	13
1387	12
1388	17
1389	22
1390	13
1391	17
1392	15
1393	22
1394	22
1395	22
1396	13
1397	13
1398	18
1399	16
1400	8
1401	16
1402	13
1403	22
1404	13
1405	17
1406	19
1407	18
1408	15
1409	15
1410	18
1411	22
1412	12
1413	15
1414	20
1415	16
1416	17
1417	20
1418	14
1419	13
1420	19
1421	14
1422	16
1423	19
1424	12
1425	14
1426	19
1427	18
1428	12
1429	11
1430	17
1431	9
1432	18
1433	16
1434	14
1435	20
1436	23
1437	10
1438	12
1439	17
1440	14
1441	14
1442	13
1443	15
1444	14
1445	7
1446	16
1447	18
1448	12
1449	21
1450	11
1451	19
1452	18
1453	19
1454	11
1455	13
1456	14
1457	14
1458	13
1459	25
1460	11
1461	10
1462	20
1463	17
1464	19
1465	19
1466	19
1467	24
1468	13
1469	16
1470	12
1471	18
1472	13
1473	21
1474	17
1475	14
1476	20
1477	11
1478	22
1479	9
1480	16
1481	25
1482	18
1483	12
1484	25
1485	11
1486	16
1487	10
1488	14
1489	21
1490	19
1491	25
1492	13
1493	12
1494	22
1495	13
1496	27
1497	17
1498	11
1499	27
1500	22
1501	20
1502	19
1503	19
1504	15
1505	17
1506	10
1507	15
1508	30
1509	18
1510	20
1511	13
1512	16
1513	21
1514	20
1515	17
1516	25
1517	20
1518	18
1519	21
1520	28
1521	25
1522	14
1523	19
1524	21
1525	14
1526	31
1527	23
1528	15
1529	20
1530	16
1531	22
1532	30
1533	14
1534	21
1535	30
1536	11
1537	16
1538	21
1539	26
1540	33
1541	16
1542	20
1543	24
1544	25
1545	36
1546	19
1547	30
1548	20
1549	29
1550	33
1551	27
1552	21
1553	31
1554	32
1555	39
1556	23
1557	30
1558	35
1559	26
1560	21
1561	36
1562	30
1563	35
1564	49
1565	33
1566	30
1567	36
1568	25
1569	29
1570	28
1571	37
1572	43
1573	36
1574	43
1575	47
1576	33
1577	48
1578	47
1579	47
1580	51
1581	62
1582	46
1583	47
1584	53
1585	55
1586	64
1587	61
1588	47
1589	62
1590	94
1591	81
1592	60
1593	70
1594	65
1595	77
1596	89
1597	90
1598	82
1599	124
1600	69
1601	83
1602	85
1603	98
1604	108
1605	99
1606	111
1607	71
1608	91
1609	111
1610	96
1611	101
1612	101
1613	102
1614	106
1615	101
1616	84
1617	107
1618	111
1619	131
1620	124
1621	84
1622	144
1623	103
1624	117
1625	118
1626	101
1627	116
1628	101
1629	121
1630	105
1631	118
1632	100
1633	104
1634	130
1635	93
1636	109
1637	90
1638	123
1639	92
1640	68
1641	111
1642	86
1643	87
1644	121
1645	72
1646	109
1647	102
1648	74
1649	84
1650	94
1651	94
1652	98
1653	65
1654	78
1655	69
1656	63
1657	95
1658	66
1659	65
1660	61
1661	60
1662	74
1663	93
1664	33
1665	52
1666	63
1667	47
1668	64
1669	51
1670	51
1671	41
1672	42
1673	51
1674	27
1675	44
1676	54
1677	39
1678	58
1679	26
1680	37
1681	25
1682	35
1683	44
1684	31
1685	19
1686	34
1687	18
1688	34
1689	39
1690	14
1691	35
1692	32
1693	13
1694	27
1695	29
1696	14
1697	22
1698	27
1699	21
1700	26
1701	12
1702	19
1703	20
1704	13
1705	17
1706	17
1707	18
1708	26
1709	18
1710	20
1711	20
1712	16
1713	14
1714	18
1715	15
1716	22
1717	16
1718	16
1719	16
1720	9
1721	16
1722	14
1723	18
1724	13
1725	18
1726	17
1727	16
1728	15
1729	19
1730	18
1731	14
1732	18
1733	7
1734	16
1735	10
1736	8
1737	16
1738	13
1739	8
1740	16
1741	14
1742	21
1743	16
1744	22
1745	11
1746	16
1747	14
1748	17
1749	14
1750	24
1751	14
1752	18
1753	20
1754	13
1755	17
1756	11
1757	26
1758	13
1759	21
1760	15
1761	17
1762	12
1763	12
1764	20
1765	9
1766	19
1767	10
1768	15
1769	19
1770	21
1771	16
1772	15
1773	18
1774	13
1775	14
1776	21
1777	12
1778	23
1779	14
1780	16
1781	13
1782	16
1783	10
1784	13
1785	17
1786	11
1787	22
1788	21
1789	19
1790	15
1791	20
1792	11
1793	22
1794	16
1795	11
1796	14
1797	8
1798	27
1799	19
1800	19
1801	18
1802	14
1803	18
1804	20
1805	22
1806	21
1807	11
1808	20
1809	21
1810	22
1811	21
1812	19
1813	22
1814	19
1815	22
1816	27
1817	21
1818	15
1819	25
1820	14
1821	18
1822	16
1823	23
1824	20
1825	24
1826	29
1827	23
1828	26
1829	14
1830	31
1831	23
1832	17
1833	24
1834	14
1835	15
1836	23
1837	28
1838	23
1839	26
1840	20
1841	30
1842	25
1843	15
1844	30
1845	24
1846	33
1847	27
1848	32
1849	33
1850	30
1851	37
1852	36
1853	29
1854	31
1855	38
1856	23
1857	29
1858	29
1859	23
1860	41
1861	28
1862	41
1863	20
1864	29
1865	35
1866	28
1867	31
1868	54
1869	35
1870	43
1871	32
1872	28
1873	31
1874	42
1875	36
1876	39
1877	28
1878	52
1879	24
1880	40
1881	34
1882	38
1883	36
1884	30
1885	41
1886	28
1887	36
1888	37
1889	24
1890	43
1891	26
1892	43
1893	32
1894	47
1895	28
1896	30
1897	51
1898	27
1899	31
1900	34
1901	31
1902	29
1903	25
1904	33
1905	30
1906	35
1907	44
1908	32
1909	25
1910	41
1911	26
1912	24
1913	35
1914	32
1915	42
1916	39
1917	31
1918	17
1919	26
1920	23
1921	28
1922	25
1923	28
1924	31
1925	24
1926	36
1927	22
1928	29
1929	30
1930	24
1931	22
1932	31
1933	28
1934	20
1935	13
1936	24
1937	13
1938	21
1939	27
1940	22
1941	11
1942	19
1943	9
1944	26
1945	20
1946	17
1947	18
1948	12
1949	16
1950	16
1951	15
1952	21
1953	17
1954	15
1955	18
1956	13
1957	15
1958	18
1959	14
1960	21
1961	25
1962	9
1963	17
1964	13
1965	16
1966	14
1967	14
1968	19
1969	19
1970	14
1971	12
1972	9
1973	11
1974	18
1975	17
1976	14
1977	18
1978	4
1979	14
1980	16
1981	13
1982	5
1983	17
1984	14
1985	6
1986	10
1987	10
1988	13
1989	13
1990	13
1991	6
1992	15
1993	18
1994	12
1995	17
1996	19
1997	15
1998	9
1999	10
2000	14
2001	11
2002	17
2003	13
2004	9
2005	10
2006	14
2007	7
2008	12
2009	14
2010	15
2011	15
2012	18
2013	14
2014	14
2015	14
2016	11
2017	9
2018	16
2019	9
2020	16
2021	12
2022	18
2023	9
2024	11
2025	22
2026	18
2027	13
2028	12
2029	11
2030	13
2031	8
2032	13
2033	20
2034	14
2035	11
2036	12
2037	6
2038	15
2039	11
2040	9
2041	13
2042	9
2043	11
2044	11
2045	10
2046	11
2047	16
2048	5
2049	8
2050	6
2051	18
2052	12
2053	18
2054	20
2055	10
2056	7
2057	13
2058	10
2059	11
2060	18
2061	15
2062	10
2063	6
2064	9
2065	15
2066	14
2067	18
2068	11
2069	20
2070	15
2071	13
2072	7
2073	16
2074	11
2075	16
2076	10
2077	13
2078	10
2079	11
2080	16
2081	20
2082	20
2083	16
2084	17
2085	12
2086	16
2087	9
2088	7
2089	19
2090	14
2091	15
2092	20
2093	11
2094	14
2095	17
2096	8
2097	16
2098	13
2099	14
2100	13
2101	7
2102	21
2103	20
2104	13
2105	21
2106	10
2107	19
2108	17
2109	16
2110	12
2111	13
2112	18
2113	18
2114	23
2115	26
2116	23
2117	17
2118	29
2119	15
2120	16
2121	26
2122	13
2123	19
2124	26
2125	19
2126	17
2127	24
2128	22
2129	24
2130	26
2131	34
2132	19
2133	17
2134	28
2135	22
2136	23
2137	21
2138	18
2139	37
2140	26
2141	32
2142	35
2143	36
2144	25
2145	41
2146	32
2147	28
2148	34
2149	31
2150	37
2151	41
2152	24
2153	46
2154	26
2155	35
2156	38
2157	35
2158	36
2159	47
2160	28
2161	46
2162	40
2163	51
2164	34
2165	41
2166	28
2167	44
2168	26
2169	48
2170	31
2171	54
2172	38
2173	53
2174	43
2175	43
2176	47
2177	50
2178	41
2179	40
2180	47
2181	43
2182	53
2183	40
2184	50
2185	42
2186	41
2187	45
2188	54
2189	40
2190	37
2191	38
2192	32
2193	45
2194	42
2195	56
2196	36
2197	40
2198	37
2199	25
2200	37
2201	40
2202	31
2203	41
2204	41
2205	37
2206	33
2207	33
2208	22
2209	32
2210	29
2211	26
2212	43
2213	18
2214	36
2215	30
2216	13
2217	42
2218	25
2219	10
2220	31
2221	34
2222	31
2223	21
2224	21
2225	22
2226	22
2227	27
2228	19
2229	28
2230	25
2231	18
2232	18
2233	17
2234	16
2235	22
2236	12
2237	23
2238	22
2239	19
2240	17
2241	17
2242	17
2243	16
2244	14
2245	15
2246	15
2247	13
2248	14
2249	18
2250	13
2251	14
2252	19
2253	16
2254	25
2255	16
2256	12
2257	15
2258	15
2259	17
2260	14
2261	13
2262	16
2263	9
2264	10
2265	16
2266	9
2267	10
2268	15
2269	19
2270	10
2271	26
2272	12
2273	11
2274	14
2275	9
2276	13
2277	13
2278	14
2279	8
2280	8
2281	22
2282	12
2283	16
2284	11
2285	16
2286	11
2287	10
2288	9
2289	12
2290	10
2291	17
2292	11
2293	14
2294	24
2295	10
2296	15
2297	10
2298	6
2299	17
2300	10
2301	21
2302	9
2303	12
2304	10
2305	12
2306	17
2307	18
2308	20
2309	16
2310	13
2311	13
2312	16
2313	15
2314	4
2315	11
2316	7
2317	11
2318	11
2319	11
2320	10
2321	12
2322	14
2323	16
2324	12
2325	10
2326	14
2327	10
2328	17
2329	14
2330	11
2331	10
2332	11
2333	12
2334	10
2335	15
2336	10
2337	14
2338	12
2339	14
2340	13
2341	9
2342	14
2343	12
2344	15
2345	14
2346	9
2347	15
2348	18
2349	16
2350	12
2351	7
2352	12
2353	7
2354	15
2355	23
2356	8
2357	9
2358	11
2359	20
2360	13
2361	13
2362	9
2363	16
2364	11
2365	10
2366	7
2367	13
2368	9
2369	12
2370	6
2371	10
2372	20
2373	9
2374	8
2375	15
2376	13
2377	17
2378	7
2379	24
2380	11
2381	15
2382	10
2383	11
2384	14
2385	12
2386	9
2387	15
2388	15
2389	6
2390	15
2391	11
2392	12
2393	28
2394	15
2395	15
2396	15
2397	13
2398	6
2399	14
2400	15
2401	13
2402	18
2403	15
2404	20
2405	9
2406	12
2407	18
2408	11
2409	18
2410	10
2411	10
2412	15
2413	11
2414	13
2415	9
2416	13
2417	10
2418	16
2419	15
2420	10
2421	13
2422	14
2423	10
2424	8
2425	23
2426	13
2427	9
2428	13
2429	13
2430	14
2431	11
2432	13
2433	10
2434	15
2435	12
2436	14
2437	13
2438	19
2439	12
2440	17
2441	9
2442	3
2443	8
2444	20
2445	15
2446	12
2447	11
2448	17
2449	11
2450	15
2451	17
2452	10
2453	17
2454	16
2455	14
2456	11
2457	24
2458	9
2459	24
2460	14
2461	15
2462	14
2463	19
2464	12
2465	16
2466	13
2467	18
2468	19
2469	17
2470	12
2471	13
2472	13
2473	16
2474	19
2475	13
2476	14
2477	17
2478	16
2479	13
2480	21
2481	16
2482	15
2483	19
2484	6
2485	12
2486	23
2487	14
2488	16
2489	23
2490	15
2491	15
2492	12
2493	16
2494	14
2495	30
2496	15
2497	25
2498	17
2499	13
2500	31
2501	10
2502	24
2503	10
2504	22
2505	20
2506	14
2507	24
2508	17
2509	23
2510	20
2511	16
2512	11
2513	18
2514	16
2515	23
2516	21
2517	19
2518	23
2519	9
2520	17
2521	24
2522	14
2523	29
2524	20
2525	20
2526	20
2527	12
2528	16
2529	21
2530	14
2531	16
2532	23
2533	17
2534	24
2535	13
2536	17
2537	17
2538	12
2539	21
2540	19
2541	32
2542	17
2543	15
2544	20
2545	14
2546	23
2547	23
2548	19
2549	16
2550	22
2551	13
2552	26
2553	21
2554	16
2555	18
2556	19
2557	12
2558	16
2559	14
2560	10
2561	18
2562	15
2563	19
2564	27
2565	19
2566	16
2567	13
2568	12
2569	20
2570	12
2571	17
2572	23
2573	17
2574	19
2575	10
2576	22
2577	16
2578	9
2579	24
2580	19
2581	14
2582	27
2583	10
2584	16
2585	20
2586	14
2587	17
2588	15
2589	15
2590	11
2591	14
2592	14
2593	11
2594	8
2595	16
2596	16
2597	10
2598	21
2599	14
2600	8
2601	14
2602	13
2603	20
2604	19
2605	22
2606	16
2607	14
2608	6
2609	13
2610	17
2611	27
2612	15
2613	12
2614	17
2615	16
2616	14
2617	18
2618	9
2619	19
2620	15
2621	17
2622	6
2623	20
2624	18
2625	14
2626	17
2627	13
2628	21
2629	13
2630	21
2631	8
2632	16
2633	23
2634	7
2635	18
2636	16
2637	14
2638	14
2639	21
2640	11
2641	16
2642	14
2643	19
2644	13
2645	15
2646	16
2647	17
2648	18
2649	18
2650	12
2651	19
2652	22
2653	23
2654	15
2655	16
2656	11
2657	13
2658	19
2659	10
2660	34
2661	17
2662	18
2663	15
2664	9
2665	23
2666	10
2667	17
2668	20
2669	13
2670	20
2671	14
2672	11
2673	21
2674	14
2675	21
2676	18
2677	13
2678	19
2679	14
2680	13
2681	20
2682	12
2683	26
2684	19
2685	24
2686	16
2687	17
2688	10
2689	23
2690	24
2691	11
2692	17
2693	12
2694	18
2695	11
2696	17
2697	27
2698	20
2699	19
2700	11
2701	12
2702	25
2703	12
2704	19
2705	19
2706	15
2707	20
2708	15
2709	15
2710	23
2711	11
2712	18
2713	23
2714	12
2715	24
2716	23
2717	8
2718	17
2719	15
2720	12
2721	12
2722	20
2723	16
2724	17
2725	10
2726	24
2727	10
2728	11
2729	23
2730	18
2731	19
2732	25
2733	6
2734	22
2735	8
2736	17
2737	17
2738	25
2739	16
2740	18
2741	11
2742	24
2743	10
2744	15
2745	32
2746	13
2747	17
2748	17
2749	17
2750	16
2751	18
2752	25
2753	14
2754	11
2755	12
2756	19
2757	16
2758	25
2759	10
2760	18
2761	27
2762	7
2763	18
2764	21
2765	20
2766	20
2767	13
2768	14
2769	18
2770	16
2771	28
2772	15
2773	13
2774	17
2775	13
2776	19
2777	22
2778	13
2779	22
2780	19
2781	11
2782	18
2783	18
2784	16
2785	13
2786	16
2787	17
2788	17
2789	9
2790	26
2791	19
2792	13
2793	19
2794	16
2795	16
2796	27
2797	17
2798	18
2799	19
2800	16
2801	19
2802	21
2803	22
2804	16
2805	8
2806	18
2807	18
2808	13
2809	23
2810	15
2811	27
2812	23
2813	25
2814	18
2815	18
2816	18
2817	11
2818	16
2819	21
2820	20
2821	8
2822	14
2823	15
2824	9
2825	22
2826	15
2827	21
2828	24
2829	24
2830	15
2831	10
2832	16
2833	24
2834	10
2835	17
2836	9
2837	26
2838	20
2839	12
2840	19
2841	20
2842	15
2843	13
2844	21
2845	17
2846	20
2847	15
2848	13
2849	21
2850	19
2851	15
2852	28
2853	22
2854	28
2855	18
2856	17
2857	22
2858	12
2859	22
2860	30
2861	18
2862	15
2863	18
2864	22
2865	14
2866	22
2867	23
2868	21
2869	11
2870	21
2871	19
2872	12
2873	26
2874	15
2875	24
2876	19
2877	18
2878	27
2879	20
2880	15
2881	21
2882	14
2883	18
2884	24
2885	19
2886	25
2887	12
2888	22
2889	15
2890	14
2891	24
2892	17
2893	15
2894	22
2895	22
2896	19
2897	16
2898	19
2899	23
2900	17
2901	17
2902	17
2903	17
2904	16
2905	21
2906	19
2907	25
2908	17
2909	22
2910	15
2911	18
2912	24
2913	16
2914	22
2915	13
2916	24
2917	13
2918	29
2919	26
2920	19
2921	12
2922	17
2923	23
2924	24
2925	15
2926	21
2927	17
2928	12
2929	17
2930	19
2931	21
2932	24
2933	8
2934	29
2935	13
2936	17
2937	24
2938	23
2939	20
2940	20
2941	23
2942	13
2943	18
2944	18
2945	17
2946	13
2947	19
2948	27
2949	13
2950	20
2951	12
2952	16
2953	17
2954	11
2955	25
2956	28
2957	12
2958	31
2959	15
2960	24
2961	11
2962	15
2963	32
2964	16
2965	9
2966	26
2967	24
2968	19
2969	31
2970	17
2971	14
2972	22
2973	18
2974	18
2975	15
2976	22
2977	18
2978	21
2979	17
2980	24
2981	15
2982	19
2983	16
2984	21
2985	28
2986	17
2987	25
2988	28
2989	22
2990	17
2991	6
2992	19
2993	13
2994	14
2995	17
2996	14
2997	15
2998	16
2999	19
3000	23
3001	25
3002	12
3003	25
3004	18
3005	18
3006	16
3007	30
3008	20
3009	18
3010	24
3011	22
3012	29
3013	11
3014	35
3015	12
3016	14
3017	21
3018	16
3019	17
3020	29
3021	11
3022	19
3023	19
3024	20
3025	13
3026	20
3027	22
3028	21
3029	17
3030	32
3031	15
3032	21
3033	22
3034	16
3035	22
3036	18
3037	22
3038	14
3039	17
3040	17
3041	17
3042	28
3043	11
3044	31
3045	12
3046	29
3047	13
3048	15
3049	24
3050	15
3051	18
3052	27
3053	21
3054	17
3055	18
3056	22
3057	23
3058	30
3059	25
3060	21
3061	9
3062	27
3063	19
3064	24
3065	28
3066	16
3067	27
3068	28
3069	18
3070	19
3071	9
3072	22
3073	14
3074	23
3075	14
3076	24
3077	14
3078	24
3079	12
3080	22
3081	22
3082	16
3083	25
3084	25
3085	15
3086	17
3087	20
3088	15
3089	26
3090	23
3091	18
3092	17
3093	11
3094	31
3095	13
3096	11
3097	33
3098	24
3099	19
3100	13
3101	17
3102	20
3103	18
3104	23
3105	24
3106	11
3107	21
3108	18
3109	23
3110	31
3111	18
3112	14
3113	21
3114	11
3115	16
3116	24
3117	17
3118	21
3119	17
3120	13
3121	17
3122	20
3123	24
3124	25
3125	13
3126	29
3127	24
3128	15
3129	28
3130	19
3131	16
3132	20
3133	15
3134	21
3135	17
3136	24
3137	11
3138	22
3139	16
3140	19
3141	14
3142	21
3143	15
3144	19
3145	27
3146	8
3147	24
3148	30
3149	15
3150	19
3151	21
3152	17
3153	21
3154	22
3155	27
3156	16
3157	19
3158	22
3159	13
3160	14
3161	31
3162	19
3163	19
3164	19
3165	24
3166	21
3167	19
3168	15
3169	23
3170	13
3171	19
3172	22
3173	15
3174	25
3175	18
3176	13
3177	22
3178	17
3179	22
3180	19
3181	20
3182	10
3183	19
3184	17
3185	20
3186	20
3187	19
3188	17
3189	15
3190	14
3191	8
3192	17
3193	25
3194	12
3195	24
3196	25
3197	12
3198	22
3199	16
3200	12
3201	18
3202	20
3203	13
3204	19
3205	20
3206	20
3207	19
3208	16
3209	16
3210	8
3211	20
3212	20
3213	24
3214	21
3215	17
3216	16
3217	20
3218	14
3219	26
3220	16
3221	9
3222	29
3223	19
3224	22
3225	20
3226	17
3227	25
3228	23
3229	17
3230	16
3231	26
3232	18
3233	24
3234	15
3235	19
3236	22
3237	20
3238	25
3239	18
3240	22
3241	25
3242	16
3243	16
3244	20
3245	16
3246	14
3247	11
3248	13
3249	20
3250	18
3251	27
3252	24
3253	11
3254	19
3255	25
3256	14
3257	34
3258	18
3259	28
3260	16
3261	29
3262	25
3263	10
3264	13
3265	16
3266	19
3267	20
3268	26
3269	16
3270	24
3271	11
3272	21
3273	26
3274	12
3275	18
3276	25
3277	16
3278	10
3279	16
3280	11
3281	20
3282	14
3283	26
3284	19
3285	13
3286	26
3287	11
3288	22
3289	21
3290	13
3291	19
3292	15
3293	23
3294	17
3295	22
3296	20
3297	16
3298	19
3299	20
3300	29
3301	16
3302	15
3303	14
3304	17
3305	26
3306	19
3307	21
3308	13
3309	15
3310	22
3311	13
3312	19
3313	11
3314	27
3315	18
3316	9
3317	12
3318	25
3319	10
3320	13
3321	16
3322	14
3323	21
3324	23
3325	11
3326	17
3327	20
3328	16
3329	12
3330	18
3331	19
3332	20
3333	9
3334	19
3335	13
3336	22
3337	29
3338	15
3339	24
3340	16
3341	17
3342	20
3343	17
3344	11
3345	15
3346	20
3347	26
3348	20
3349	12
3350	22
3351	15
3352	18
3353	22
3354	13
3355	28
3356	16
3357	15
3358	13
3359	11
3360	14
3361	18
3362	12
3363	14
3364	17
3365	13
3366	20
3367	4
3368	18
3369	25
3370	11
3371	19
3372	16
3373	21
3374	11
3375	14
3376	16
3377	20
3378	10
3379	18
3380	16
3381	13
3382	13
3383	24
3384	12
3385	19
3386	12
3387	14
3388	26
3389	10
3390	9
3391	19
3392	20
3393	11
3394	9
3395	11
3396	24
3397	13
3398	16
3399	12
3400	29
3401	21
3402	15
3403	12
3404	26
3405	14
3406	11
3407	16
3408	8
3409	19
3410	19
3411	18
3412	14
3413	11
3414	19
3415	11
3416	15
3417	16
3418	17
3419	15
3420	24
3421	16
3422	16
3423	12
3424	12
3425	15
3426	11
3427	15
3428	19
3429	9
3430	11
3431	14
3432	12
3433	22
3434	10
3435	12
3436	26
3437	12
3438	18
3439	14
3440	12
3441	11
3442	15
3443	25
3444	13
3445	16
3446	19
3447	13
3448	13
3449	11
3450	9
3451	22
3452	10
3453	20
3454	15
3455	10
3456	10
3457	15
3458	14
3459	12
3460	15
3461	5
3462	15
3463	5
3464	16
3465	15
3466	7
3467	17
3468	12
3469	8
3470	19
3471	5
3472	10
3473	16
3474	13
3475	18
3476	12
3477	10
3478	17
3479	4
3480	18
3481	17
3482	12
3483	9
3484	11
3485	13
3486	14
3487	14
3488	3
3489	17
3490	17
3491	12
3492	16
3493	12
3494	16
3495	13
3496	13
3497	19
3498	12
3499	8
3500	11
3501	17
3502	9
3503	6
3504	11
3505	15
3506	17
3507	12
3508	12
3509	10
3510	22
3511	10
3512	13
3513	12
3514	8
3515	16
3516	4
3517	7
3518	11
3519	8
3520	8
3521	12
3522	12
3523	3
3524	10
3525	8
3526	12
3527	11
3528	12
3529	12
3530	11
3531	11
3532	13
3533	10
3534	6
3535	13
3536	7
3537	7
3538	8
3539	16
3540	7
3541	8
3542	16
3543	7
3544	9
3545	13
3546	6
3547	10
3548	10
3549	17
3550	11
3551	10
3552	14
3553	10
3554	8
3555	6
3556	11
3557	7
3558	12
3559	9
3560	9
3561	16
3562	8
3563	7
3564	12
3565	6
3566	12
3567	11
3568	8
3569	6
3570	13
3571	9
3572	3
3573	10
3574	7
3575	12
3576	8
3577	9
3578	4
3579	2
3580	9
3581	4
3582	8
3583	3
3584	6
3585	8
3586	10
3587	8
3588	10
3589	5
3590	8
3591	9
3592	4
3593	11
3594	7
3595	8
3596	7
3597	1
3598	4
3599	11
3600	5
3601	5
3602	10
3603	14
3604	4
3605	2
3606	6
3607	2
3608	5
3609	9
3610	5
3611	4
3612	5
3613	6
3614	6
3615	4
3616	9
3617	3
3618	2
3619	8
3620	6
3621	5
3622	8
3623	3
3624	6
3625	8
3626	7
3627	3
3628	3
3629	0
3630	6
3631	3
3632	13
3633	6
3634	7
3635	2
3636	4
3637	5
3638	9
3639	3
3640	3
3641	2
3642	5
3643	1
3644	3
3645	7
3646	8
3647	1
3648	6
3649	2
3650	2
3651	1
3652	7
3653	3
3654	3
3655	2
3656	2
3657	3
3658	1
3659	3
3660	2
3661	4
3662	4
3663	5
3664	1
3665	2
3666	6
3667	2
3668	1
3669	4
3670	6
3671	0
3672	1
3673	1
3674	2
3675	0
3676	2
3677	5
3678	1
3679	1
3680	3
3681	0
3682	1
3683	3
3684	1
3685	0
3686	2
3687	0
3688	1
3689	3
3690	0
3691	1
3692	1
3693	0
3694	1
3695	2
3696	1
3697	0
3698	0
3699	3
3700	2
3701	0
3702	1
3703	1
3704	1
3705	2
3706	1
3707	1
3708	2
3709	0
3710	0
3711	0
3712	0
3713	0
3714	0
3715	0
3716	1
3717	0
3718	0
3719	0
3720	1
3721	1
3722	0
3723	0
3724	0
3725	0
3726	0
3727	0
3728	0
3729	0
3730	0
3731	0
3732	0
3733	0
3734	0
3735	0
3736	0
3737	0
3738	0
3739	0
3740	0
3741	0
3742	0
3743	0
3744	0
3745	0
3746	0
3747	0
3748	0
3749	0
3750	0
3751	0
3752	0
3753	0
3754	0
3755	0
3756	0
3757	1
3758	0
3759	0
3760	0
3761	0
3762	0
3763	0
3764	0
3765	0
3766	0
3767	0
3768	0
3769	0
3770	0
3771	0
3772	0
3773	0
3774	0
3775	0
3776	0
3777	0
3778	0
3779	0
3780	0
3781	0
3782	0
3783	0
3784	0
3785	0
3786	0
3787	0
3788	0
3789	0
3790	0
3791	1
3792	0
3793	0
3794	0
3795	0
3796	0
3797	0
3798	0
3799	0
3800	0
3801	0
3802	0
3803	0
3804	0
3805	0
3806	0
3807	0
3808	0
3809	0
3810	0
3811	0
3812	0
3813	0
3814	0
3815	0
3816	0
3817	0
3818	0
3819	0
3820	0
3821	0
3822	0
3823	0
3824	0
3825	0
3826	0
3827	0
3828	0
3829	0
3830	0
3831	0
3832	0
3833	0
3834	0
3835	0
3836	0
3837	0
3838	0
3839	1
3840	0
3841	0
3842	0
3843	0
3844	0
3845	0
3846	0
3847	0
3848	0
3849	0
3850	0
3851	0
3852	0
3853	0
3854	0
3855	0
3856	0
3857	0
3858	0
3859	0
3860	0
3861	0
3862	0
3863	0
3864	0
3865	0
3866	0
3867	0
3868	0
3869	0
3870	0
3871	0
3872	0
3873	0
3874	0
3875	0
3876	0
3877	0
3878	0
3879	0
3880	0
3881	0
3882	0
3883	0
3884	0
3885	0
3886	0
3887	0
3888	0
3889	0
3890	0
3891	0
3892	0
3893	0
3894	0
3895	0
3896	0
3897	0
3898	0
3899	0
3900	0
3901	0
3902	0
3903	0
3904	0
3905	0
3906	0
3907	0
3908	0
3909	0
3910	0
3911	0
3912	0
3913	0
3914	0
3915	0
3916	0
3917	0
3918	0
3919	0
3920	0
3921	0
3922	0
3923	0
3924	0
3925	0
3926	0
3927	0
3928	0
3929	0
3930	0
3931	0
3932	0
3933	0
3934	0
3935	0
3936	0
3937	0
3938	0
3939	0
3940	0
3941	0
3942	0
3943	0
3944	0
3945	0
3946	0
3947	0
3948	0
3949	0
3950	0
3951	0
3952	0
3953	0
3954	0
3955	0
3956	0
3957	0
3958	0
3959	1
3960	0
3961	0
3962	0
3963	0
3964	0
3965	0
3966	0
3967	0
3968	0
3969	0
3970	0
3971	0
3972	0
3973	0
3974	0
3975	0
3976	0
3977	0
3978	0
3979	0
3980	0
3981	0
3982	0
3983	0
3984	0
3985	0
3986	0
3987	0
3988	0
3989	0
3990	0
3991	0
3992	0
3993	0
3994	0
3995	0
3996	0
3997	0
3998	0
3999	0
4000	0
