#system sample L1 L2 Lplus Lminus
1  0  5.63  83.5  102.2  76.3
1  1  5.71  99.1  120.4  89.6
1  2  5.80  108.4  131.6  97.3
2  0  5.6  84.7	103.2	77.5
2	1	5.7	100.0	121.2	90.6
2	2	5.8	111.1	134.3	99.8
3  0  5.56  83.5  76.4  102.0
3  1  5.65  99.4  89.9  120.5
3  2  5.74  106.3  98.2  132.2
4  0	5.8	84.4	103.0	77.3
4  1	5.8	100.6	121.8	91.1
4  2	5.9	109.8	132.8	98.5
5  0  5.74  84.3  103.1  77.3
5  1  5.84  99.9  121.3  90.6
5  2  5.92  111.2  134.5  99.8
6  0	5.6	83.2	101.5	76.0
6  1	5.7	98.0	118.7	88.6
6  2	5.8	108.2	130.8	97.1
7  0  5.56  83.8  76.8  102.5
7  1  5.65  99.4  90.2  120.5
7  2  5.73  110.4  99.2  133.3
8  0  5.22  86.9  104.8  79.8
8  1  5.31  100.6  120.5  91.1
8  2  5.39  113.8  136.1  102.6
9  0	5.3	80.2	97.9	73.3
9  1	5.4	91.6	111.4	82.9
9  2	5.6	104.9	126.7	94.2
10  0	5.4	88.0	106.1	80.6
10  1	5.5	101.6	122.1	92.1
10  2	5.6	115.3	137.8	103.8
11  0  5.24  84.9  103.3  77.6
11  1  5.34  98.8  119.2  89.6
11  2  5.42  112.6  135.2  101.1
12  0  5.31  84.1  102.1  77.1
12  1  5.39  98.3  118.6  89.1
12  2  5.48  110.3  132.7  99.3
13  0	5.4	86.8	104.8	79.5
13  1	5.5	100.4	120.8	91.0
13  2	5.6	113.1	135.5	101.9




