#	time(s)	count A	count B	count C	count D
1	0.0500		0		
2	0.1000		0		
3	0.1500		0		
4	0.2000		0		
5	0.2500		0		
6	0.3000		0		
7	0.3500		0		
8	0.4000		0		
9	0.4500		0		
10	0.5000		0		
11	0.5500		0		
12	0.6000		0		
13	0.6500		0		
14	0.7000		0		
15	0.7500		0		
16	0.8000		0		
17	0.8500		0		
18	0.9000		0		
19	0.9500		0		
20	1.0000		0		
21	1.0500		0		
22	1.1000		0		
23	1.1500		0		
24	1.2000		0		
25	1.2500		0		
26	1.3000		0		
27	1.3500		0		
28	1.4000		0		
29	1.4500		0		
30	1.5000		0		
31	1.5500		0		
32	1.6000		0		
33	1.6500		1		
34	1.7000		1		
35	1.7500		1		
36	1.8000		1		
37	1.8500		1		
38	1.9000		2		
39	1.9500		2		
40	2.0000		2		
41	2.0500		2		
42	2.1000		2		
43	2.1500		2		
44	2.2000		2		
45	2.2500		2		
46	2.3000		2		
47	2.3500		2		
48	2.4000		2		
49	2.4500		2		
50	2.5000		2		
51	2.5500		2		
52	2.6000		2		
53	2.6500		2		
54	2.7000		2		
55	2.7500		2		
56	2.8000		2		
57	2.8500		2		
58	2.9000		2		
59	2.9500		2		
60	3.0000		2		
61	3.0500		2		
62	3.1000		2		
63	3.1500		2		
64	3.2000		2		
65	3.2500		3		
66	3.3000		3		
67	3.3500		4		
68	3.4000		4		
69	3.4500		4		
70	3.5000		4		
71	3.5500		4		
72	3.6000		4		
73	3.6500		4		
74	3.7000		4		
75	3.7500		4		
76	3.8000		4		
77	3.8500		4		
78	3.9000		4		
79	3.9500		4		
80	4.0000		4		
81	4.0500		4		
82	4.1000		4		
83	4.1500		4		
84	4.2000		4		
85	4.2500		4		
86	4.3000		5		
87	4.3500		5		
88	4.4000		6		
89	4.4500		6		
90	4.5000		6		
91	4.5500		6		
92	4.6000		6		
93	4.6500		6		
94	4.7000		6		
95	4.7500		6		
96	4.8000		6		
97	4.8500		6		
98	4.9000		6		
99	4.9500		6		
100	5.0000		6		
101	5.0500		6		
102	5.1000		6		
103	5.1500		6		
104	5.2000		7		
105	5.2500		7		
106	5.3000		8		
107	5.3500		8		
108	5.4000		8		
109	5.4500		8		
110	5.5000		8		
111	5.5500		8		
112	5.6000		8		
113	5.6500		8		
114	5.7000		8		
115	5.7500		8		
116	5.8000		8		
117	5.8500		8		
118	5.9000		8		
119	5.9500		9		
120	6.0000		9		
121	6.0500		10		
122	6.1000		10		
123	6.1500		10		
124	6.2000		10		
125	6.2500		10		
126	6.3000		10		
127	6.3500		10		
128	6.4000		10		
129	6.4500		10		
130	6.5000		10		
131	6.5500		10		
132	6.6000		11		
133	6.6500		11		
134	6.7000		12		
135	6.7500		12		
136	6.8000		12		
137	6.8500		12		
138	6.9000		12		
139	6.9500		12		
140	7.0000		12		
141	7.0500		12		
142	7.1000		12		
143	7.1500		12		
144	7.2000		12		
145	7.2500		13		
146	7.3000		14		
147	7.3500		14		
148	7.4000		14		
149	7.4500		14		
150	7.5000		14		
151	7.5500		14		
152	7.6000		14		
153	7.6500		14		
154	7.7000		14		
155	7.7500		14		
156	7.8000		15		
157	7.8500		16		
158	7.9000		16		
159	7.9500		16		
160	8.0000		16		
161	8.0500		16		
162	8.1000		16		
163	8.1500		16		
164	8.2000		16		
165	8.2500		16		
166	8.3000		16		
167	8.3500		17		
168	8.4000		18		
169	8.4500		18		
170	8.5000		18		
171	8.5500		18		
172	8.6000		18		
173	8.6500		18		
174	8.7000		18		
175	8.7500		18		
176	8.8000		18		
177	8.8500		19		
178	8.9000		20		
179	8.9500		20		
180	9.0000		20		
181	9.0500		20		
182	9.1000		20		
183	9.1500		20		
184	9.2000		20		
185	9.2500		20		
186	9.3000		20		
187	9.3500		21		
188	9.4000		22		
189	9.4500		22		
190	9.5000		22		
191	9.5500		22		
192	9.6000		22		
193	9.6500		22		
194	9.7000		22		
195	9.7500		22		
196	9.8000		23		
197	9.8500		24		
198	9.9000		24		
199	9.9500		24		
200	10.0000		24		
201	10.0500		24		
202	10.1000		24		
203	10.1500		24		
204	10.2000		25		
205	10.2500		26		
206	10.3000		26		
207	10.3500		26		
208	10.4000		26		
209	10.4500		26		
210	10.5000		26		
211	10.5500		26		
212	10.6000		26		
213	10.6500		27		
214	10.7000		28		
215	10.7500		28		
216	10.8000		28		
217	10.8500		28		
218	10.9000		28		
219	10.9500		28		
220	11.0000		28		
221	11.0500		29		
222	11.1000		30		
223	11.1500		30		
224	11.2000		30		
225	11.2500		30		
226	11.3000		30		
227	11.3500		30		
228	11.4000		30		
229	11.4500		31		
230	11.5000		32		
231	11.5500		32		
232	11.6000		32		
233	11.6500		32		
234	11.7000		32		
235	11.7500		32		
236	11.8000		33		
237	11.8500		34		
238	11.9000		34		
239	11.9500		34		
240	12.0000		34		
241	12.0500		34		
242	12.1000		34		
243	12.1500		34		
244	12.2000		35		
245	12.2500		36		
246	12.3000		36		
247	12.3500		36		
248	12.4000		36		
249	12.4500		36		
250	12.5000		36		
251	12.5500		37		
252	12.6000		38		
253	12.6500		38		
254	12.7000		38		
255	12.7500		38		
256	12.8000		38		
257	12.8500		38		
258	12.9000		39		
259	12.9500		40		
260	13.0000		40		
261	13.0500		40		
262	13.1000		40		
263	13.1500		40		
264	13.2000		40		
265	13.2500		42		
266	13.3000		42		
267	13.3500		42		
268	13.4000		42		
269	13.4500		42		
270	13.5000		42		
271	13.5500		43		
272	13.6000		44		
273	13.6500		44		
274	13.7000		44		
275	13.7500		44		
276	13.8000		44		
277	13.8500		44		
278	13.9000		46		
279	13.9500		46		
280	14.0000		46		
281	14.0500		46		
282	14.1000		46		
283	14.1500		46		
284	14.2000		47		
285	14.2500		48		
286	14.3000		48		
287	14.3500		48		
288	14.4000		48		
289	14.4500		48		
290	14.5000		49		
291	14.5500		50		
292	14.6000		50		
293	14.6500		50		
294	14.7000		50		
295	14.7500		50		
296	14.8000		51		
297	14.8500		52		
298	14.9000		52		
299	14.9500		52		
300	15.0000		52		
301	15.0500		52		
302	15.1000		53		
303	15.1500		54		
304	15.2000		54		
305	15.2500		54		
306	15.3000		54		
307	15.3500		54		
308	15.4000		55		
309	15.4500		56		
310	15.5000		56		
311	15.5500		56		
312	15.6000		56		
313	15.6500		56		
314	15.7000		57		
315	15.7500		58		
316	15.8000		58		
317	15.8500		58		
318	15.9000		58		
319	15.9500		58		
320	16.0000		60		
321	16.0500		60		
322	16.1000		60		
323	16.1500		60		
324	16.2000		60		
325	16.2500		61		
326	16.3000		62		
327	16.3500		62		
328	16.4000		62		
329	16.4500		62		
330	16.5000		62		
331	16.5500		64		
332	16.6000		64		
333	16.6500		64		
334	16.7000		64		
335	16.7500		64		
336	16.8000		65		
337	16.8500		66		
338	16.9000		66		
339	16.9500		66		
340	17.0000		66		
341	17.0500		67		
342	17.1000		68		
343	17.1500		68		
344	17.2000		68		
345	17.2500		68		
346	17.3000		69		
347	17.3500		70		
348	17.4000		70		
349	17.4500		70		
350	17.5000		70		
351	17.5500		70		
352	17.6000		72		
353	17.6500		72		
354	17.7000		72		
355	17.7500		72		
356	17.8000		72		
357	17.8500		74		
358	17.9000		74		
359	17.9500		74		
360	18.0000		74		
361	18.0500		74		
362	18.1000		76		
363	18.1500		76		
364	18.2000		76		
365	18.2500		76		
366	18.3000		76		
367	18.3500		78		
368	18.4000		78		
369	18.4500		78		
370	18.5000		78		
371	18.5500		79		
372	18.6000		80		
373	18.6500		80		
374	18.7000		80		
375	18.7500		80		
376	18.8000		81		
377	18.8500		82		
378	18.9000		82		
379	18.9500		82		
380	19.0000		82		
381	19.0500		83		
382	19.1000		84		
383	19.1500		84		
384	19.2000		84		
385	19.2500		84		
386	19.3000		86		
387	19.3500		86		
388	19.4000		86		
389	19.4500		86		
390	19.5000		87		
391	19.5500		88		
392	19.6000		88		
393	19.6500		88		
394	19.7000		88		
395	19.7500		89		
396	19.8000		90		
397	19.8500		90		
398	19.9000		90		
399	19.9500		90		
400	20.0000		92		
401	20.0500		92		
402	20.1000		92		
403	20.1500		92		
404	20.2000		93		
405	20.2500		94		
406	20.3000		94		
407	20.3500		94		
408	20.4000		94		
409	20.4500		96		
410	20.5000		96		
411	20.5500		96		
412	20.6000		96		
413	20.6500		98		
414	20.7000		98		
415	20.7500		98		
416	20.8000		98		
417	20.8500		99		
418	20.9000		100		
419	20.9500		100		
420	21.0000		100		
421	21.0500		100		
422	21.1000		102		
423	21.1500		102		
424	21.2000		102		
425	21.2500		102		
426	21.3000		104		
427	21.3500		104		
428	21.4000		104		
429	21.4500		104		
430	21.5000		105		
431	21.5500		106		
432	21.6000		106		
433	21.6500		106		
434	21.7000		107		
435	21.7500		108		
436	21.8000		108		
437	21.8500		108		
438	21.9000		108		
439	21.9500		110		
440	22.0000		110		
441	22.0500		110		
442	22.1000		110		
443	22.1500		112		
444	22.2000		112		
445	22.2500		112		
446	22.3000		112		
447	22.3500		114		
448	22.4000		114		
449	22.4500		114		
450	22.5000		114		
451	22.5500		116		
452	22.6000		116		
453	22.6500		116		
454	22.7000		116		
455	22.7500		118		
456	22.8000		118		
457	22.8500		118		
458	22.9000		118		
459	22.9500		120		
460	23.0000		120		
461	23.0500		120		
462	23.1000		120		
463	23.1500		122		
464	23.2000		122		
465	23.2500		122		
466	23.3000		122		
467	23.3500		123		
468	23.4000		123		
469	23.4500		123		
470	23.5000		123		
471	23.5500		123		
472	23.6000		123		
473	23.6500		123		
474	23.7000		123		
475	23.7500		123		
476	23.8000		124		
477	23.8500		124		
478	23.9000		124		
479	23.9500		124		
480	24.0000		124		
481	24.0500		124		
482	24.1000		124		
483	24.1500		124		
484	24.2000		124		
485	24.2500		124		
486	24.3000		124		
487	24.3500		124		
488	24.4000		124		
489	24.4500		124		
490	24.5000		124		
491	24.5500		124		
492	24.6000		124		
493	24.6500		124		
494	24.7000		124		
495	24.7500		124		
496	24.8000		124		
497	24.8500		124		
498	24.9000		124		
499	24.9500		124		
500	25.0000		124		
501	25.0500		124		
502	25.1000		124		
503	25.1500		124		
504	25.2000		124		
505	25.2500		124		
506	25.3000		124		
507	25.3500		124		
508	25.4000		124		
509	25.4500		124		
510	25.5000		124		
511	25.5500		124		
512	25.6000		124		
513	25.6500		124		
514	25.7000		124		
515	25.7500		124		
516	25.8000		124		
517	25.8500		124		
518	25.9000		124		
519	25.9500		124		
520	26.0000		124		
521	26.0500		124		
522	26.1000		124		
523	26.1500		124		
524	26.2000		124		
525	26.2500		124		
526	26.3000		124		
527	26.3500		124		
528	26.4000		124		
529	26.4500		124		
530	26.5000		124		
531	26.5500		124		
532	26.6000		124		
533	26.6500		124		
534	26.7000		124		
535	26.7500		124		
536	26.8000		124		
537	26.8500		124		
538	26.9000		124		
539	26.9500		124		
540	27.0000		124		
541	27.0500		124		
542	27.1000		124		
543	27.1500		124		
544	27.2000		124		
545	27.2500		124		
546	27.3000		124		
547	27.3500		124		
548	27.4000		124		
549	27.4500		124		
550	27.5000		124		
551	27.5500		124		
552	27.6000		124		
553	27.6500		124		
554	27.7000		124		
555	27.7500		124		
556	27.8000		124		
557	27.8500		124		
558	27.9000		124		
559	27.9500		124		
560	28.0000		124		
561	28.0500		124		
562	28.1000		124		
563	28.1500		124		
564	28.2000		124		
565	28.2500		124		
566	28.3000		124		
567	28.3500		124		
568	28.4000		124		
569	28.4500		124		
570	28.5000		124		
571	28.5500		124		
572	28.6000		124		
573	28.6500		124		
574	28.7000		124		
575	28.7500		124		
576	28.8000		124		
577	28.8500		124		
578	28.9000		124		
579	28.9500		124		
580	29.0000		124		
581	29.0500		124		
582	29.1000		124		
583	29.1500		124		
584	29.2000		124		
585	29.2500		124		
586	29.3000		124		
587	29.3500		124		
588	29.4000		124		
589	29.4500		124		
590	29.5000		124		
591	29.5500		124		
592	29.6000		124		
593	29.6500		124		
594	29.7000		124		
595	29.7500		124		
596	29.8000		124		
597	29.8500		124		
598	29.9000		124		
599	29.9500		124		
600	30.0000		124		
601	30.0500		124		
602	30.1000		124		
603	30.1500		124		
604	30.2000		124		
605	30.2500		124		
606	30.3000		124		
607	30.3500		124		
608	30.4000		124		
609	30.4500		124		
610	30.5000		124		
611	30.5500		124		
612	30.6000		124		
613	30.6500		124		
614	30.7000		124		
615	30.7500		124		
616	30.8000		124		
617	30.8500		124		
618	30.9000		124		
619	30.9500		124		
620	31.0000		124		
621	31.0500		124		
622	31.1000		124		
623	31.1500		124		
624	31.2000		124		
625	31.2500		124		
626	31.3000		124		
627	31.3500		124		
628	31.4000		124		
629	31.4500		124		
630	31.5000		124		
631	31.5500		124		
632	31.6000		124		
633	31.6500		124		
634	31.7000		124		
635	31.7500		124		
636	31.8000		124		
637	31.8500		124		
638	31.9000		124		
639	31.9500		124		
640	32.0000		124		
641	32.0500		124		
642	32.1000		124		
643	32.1500		124		
644	32.2000		124		
645	32.2500		124		
646	32.3000		124		
647	32.3500		124		
648	32.4000		124		
649	32.4500		124		
650	32.5000		124		
651	32.5500		124		
652	32.6000		124		
653	32.6500		124		
654	32.7000		124		
655	32.7500		124		
656	32.8000		124		
657	32.8500		124		
658	32.9000		124		
659	32.9500		124		
660	33.0000		124		
661	33.0500		124		
662	33.1000		124		
663	33.1500		124		
664	33.2000		124		
665	33.2500		124		
666	33.3000		124		
667	33.3500		124		
668	33.4000		124		
669	33.4500		124		
670	33.5000		124		
671	33.5500		124		
672	33.6000		124		
673	33.6500		124		
674	33.7000		124		
675	33.7500		124		
676	33.8000		124		
677	33.8500		124		
678	33.9000		124		
679	33.9500		124		
680	34.0000		124		
681	34.0500		124		
682	34.1000		124		
683	34.1500		124		
684	34.2000		124		
685	34.2500		124		
686	34.3000		124		
687	34.3500		124		
688	34.4000		124		
689	34.4500		124		
690	34.5000		124		
691	34.5500		124		
692	34.6000		124		
693	34.6500		124		
694	34.7000		124		
695	34.7500		124		
696	34.8000		124		
697	34.8500		124		
698	34.9000		124		
699	34.9500		124		
700	35.0000		124		
701	35.0500		124		
702	35.1000		124		
703	35.1500		124		
704	35.2000		124		
705	35.2500		124		
706	35.3000		124		
707	35.3500		124		
708	35.4000		124		
709	35.4500		124		
710	35.5000		124		
711	35.5500		124		
712	35.6000		124		
713	35.6500		124		
714	35.7000		124		
715	35.7500		124		
716	35.8000		124		
717	35.8500		124		
718	35.9000		124		
719	35.9500		124		
720	36.0000		124		
721	36.0500		124		
722	36.1000		124		
723	36.1500		124		
724	36.2000		124		
725	36.2500		124		
726	36.3000		124		
727	36.3500		124		
728	36.4000		124		
729	36.4500		124		
730	36.5000		124		
731	36.5500		124		
732	36.6000		124		
733	36.6500		124		
734	36.7000		124		
735	36.7500		124		
736	36.8000		124		
737	36.8500		124		
738	36.9000		124		
739	36.9500		124		
740	37.0000		124		
741	37.0500		124		
742	37.1000		124		
743	37.1500		124		
744	37.2000		124		
745	37.2500		124		
746	37.3000		124		
747	37.3500		124		
748	37.4000		124		
749	37.4500		124		
750	37.5000		124		
751	37.5500		124		
752	37.6000		124		
753	37.6500		124		
754	37.7000		124		
755	37.7500		124		
756	37.8000		124		
757	37.8500		124		
758	37.9000		124		
759	37.9500		124		
760	38.0000		124		
761	38.0500		124		
762	38.1000		124		
763	38.1500		124		
764	38.2000		124		
765	38.2500		124		
766	38.3000		124		
767	38.3500		124		
768	38.4000		124		
769	38.4500		124		
770	38.5000		124		
771	38.5500		124		
772	38.6000		124		
773	38.6500		124		
774	38.7000		124		
775	38.7500		124		
776	38.8000		124		
777	38.8500		124		
778	38.9000		124		
779	38.9500		124		
780	39.0000		124		
781	39.0500		124		
782	39.1000		124		
783	39.1500		124		
784	39.2000		124		
785	39.2500		124		
786	39.3000		124		
787	39.3500		124		
788	39.4000		124		
789	39.4500		124		
790	39.5000		124		
791	39.5500		124		
792	39.6000		124		
793	39.6500		124		
794	39.7000		124		
795	39.7500		124		
796	39.8000		124		
797	39.8500		124		
798	39.9000		124		
799	39.9500		124		
800	40.0000		124		
801	40.0500		124		
802	40.1000		124		
803	40.1500		124		
804	40.2000		124		
805	40.2500		124		
806	40.3000		124		
807	40.3500		124		
808	40.4000		124		
809	40.4500		124		
810	40.5000		124		
811	40.5500		124		
812	40.6000		124		
813	40.6500		124		
814	40.7000		124		
815	40.7500		124		
816	40.8000		124		
817	40.8500		124		
818	40.9000		124		
819	40.9500		124		
820	41.0000		124		
821	41.0500		124		
822	41.1000		124		
823	41.1500		124		
824	41.2000		124		
825	41.2500		124		
826	41.3000		124		
827	41.3500		124		
828	41.4000		124		
829	41.4500		124		
830	41.5000		124		
831	41.5500		124		
832	41.6000		124		
833	41.6500		124		
834	41.7000		124		
835	41.7500		124		
836	41.8000		124		
837	41.8500		124		
838	41.9000		124		
839	41.9500		124		
840	42.0000		124		
841	42.0500		124		
842	42.1000		124		
843	42.1500		124		
844	42.2000		124		
845	42.2500		124		
846	42.3000		124		
847	42.3500		124		
848	42.4000		124		
849	42.4500		124		
850	42.5000		124		
851	42.5500		124		
852	42.6000		124		
853	42.6500		124		
854	42.7000		124		
855	42.7500		124		
856	42.8000		124		
857	42.8500		124		
858	42.9000		124		
859	42.9500		124		
860	43.0000		124		
861	43.0500		124		
862	43.1000		124		
863	43.1500		124		
864	43.2000		124		
865	43.2500		124		
866	43.3000		124		
867	43.3500		124		
868	43.4000		124		
869	43.4500		124		
870	43.5000		124		
871	43.5500		124		
872	43.6000		124		
873	43.6500		124		
874	43.7000		124		
875	43.7500		124		
876	43.8000		124		
877	43.8500		124		
878	43.9000		124		
879	43.9500		124		
880	44.0000		124		
881	44.0500		124		
882	44.1000		124		
883	44.1500		124		
884	44.2000		124		
885	44.2500		124		
886	44.3000		124		
887	44.3500		124		
888	44.4000		124		
889	44.4500		124		
890	44.5000		124		
891	44.5500		124		
892	44.6000		124		
893	44.6500		124		
894	44.7000		124		
895	44.7500		124		
896	44.8000		124		
897	44.8500		124		
898	44.9000		124		
899	44.9500		124		
900	45.0000		124		
901	45.0500		124		
902	45.1000		124		
903	45.1500		124		
904	45.2000		124		
905	45.2500		124		
906	45.3000		124		
907	45.3500		124		
908	45.4000		124		
909	45.4500		124		
910	45.5000		124		
911	45.5500		124		
912	45.6000		124		
913	45.6500		124		
914	45.7000		124		
915	45.7500		124		
916	45.8000		124		
917	45.8500		124		
918	45.9000		124		
919	45.9500		124		
920	46.0000		124		
921	46.0500		124		
922	46.1000		124		
923	46.1500		124		
924	46.2000		124		
925	46.2500		124		
926	46.3000		124		
927	46.3500		124		
928	46.4000		124		
929	46.4500		124		
930	46.5000		124		
931	46.5500		124		
932	46.6000		124		
933	46.6500		124		
934	46.7000		124		
935	46.7500		124		
936	46.8000		124		
937	46.8500		124		
938	46.9000		124		
939	46.9500		124		
940	47.0000		124		
941	47.0500		124		
942	47.1000		124		
943	47.1500		124		
944	47.2000		124		
945	47.2500		124		
946	47.3000		124		
947	47.3500		124		
948	47.4000		124		
949	47.4500		124		
950	47.5000		124		
951	47.5500		124		
952	47.6000		124		
953	47.6500		124		
954	47.7000		124		
955	47.7500		124		
956	47.8000		124		
957	47.8500		124		
958	47.9000		124		
959	47.9500		124		
960	48.0000		124		
961	48.0500		124		
962	48.1000		124		
963	48.1500		124		
964	48.2000		124		
965	48.2500		124		
966	48.3000		124		
967	48.3500		124		
968	48.4000		124		
969	48.4500		124		
970	48.5000		124		
971	48.5500		124		
972	48.6000		124		
973	48.6500		124		
974	48.7000		124		
975	48.7500		124		
976	48.8000		124		
977	48.8500		124		
978	48.9000		124		
979	48.9500		124		
980	49.0000		124		
981	49.0500		124		
982	49.1000		124		
983	49.1500		124		
984	49.2000		124		
985	49.2500		124		
986	49.3000		124		
987	49.3500		124		
988	49.4000		124		
989	49.4500		124		
990	49.5000		124		
991	49.5500		124		
992	49.6000		124		
993	49.6500		124		
994	49.7000		124		
995	49.7500		124		
996	49.8000		124		
997	49.8500		124		
998	49.9000		124		
999	49.9500		124		
1000	50.0000		124		
