#	time(s)	count A	count B	count C	count D
1	0.0500		6		
2	0.1000		6		
3	0.1500		8		
4	0.2000		8		
5	0.2500		8		
6	0.3000		8		
7	0.3500		8		
8	0.4000		8		
9	0.4500		9		
10	0.5000		10		
11	0.5500		10		
12	0.6000		10		
13	0.6500		10		
14	0.7000		10		
15	0.7500		11		
16	0.8000		12		
17	0.8500		12		
18	0.9000		12		
19	0.9500		12		
20	1.0000		12		
21	1.0500		12		
22	1.1000		14		
23	1.1500		14		
24	1.2000		14		
25	1.2500		14		
26	1.3000		14		
27	1.3500		14		
28	1.4000		15		
29	1.4500		16		
30	1.5000		16		
31	1.5500		16		
32	1.6000		16		
33	1.6500		16		
34	1.7000		17		
35	1.7500		18		
36	1.8000		18		
37	1.8500		18		
38	1.9000		18		
39	1.9500		18		
40	2.0000		18		
41	2.0500		20		
42	2.1000		20		
43	2.1500		20		
44	2.2000		20		
45	2.2500		20		
46	2.3000		20		
47	2.3500		21		
48	2.4000		22		
49	2.4500		22		
50	2.5000		22		
51	2.5500		22		
52	2.6000		22		
53	2.6500		23		
54	2.7000		24		
55	2.7500		24		
56	2.8000		24		
57	2.8500		24		
58	2.9000		24		
59	2.9500		24		
60	3.0000		25		
61	3.0500		26		
62	3.1000		26		
63	3.1500		26		
64	3.2000		26		
65	3.2500		26		
66	3.3000		27		
67	3.3500		28		
68	3.4000		28		
69	3.4500		28		
70	3.5000		28		
71	3.5500		28		
72	3.6000		28		
73	3.6500		29		
74	3.7000		30		
75	3.7500		30		
76	3.8000		30		
77	3.8500		30		
78	3.9000		30		
79	3.9500		31		
80	4.0000		32		
81	4.0500		32		
82	4.1000		32		
83	4.1500		32		
84	4.2000		32		
85	4.2500		32		
86	4.3000		33		
87	4.3500		34		
88	4.4000		34		
89	4.4500		34		
90	4.5000		34		
91	4.5500		34		
92	4.6000		34		
93	4.6500		36		
94	4.7000		36		
95	4.7500		36		
96	4.8000		36		
97	4.8500		36		
98	4.9000		36		
99	4.9500		37		
100	5.0000		38		
101	5.0500		38		
102	5.1000		38		
103	5.1500		38		
104	5.2000		38		
105	5.2500		38		
106	5.3000		39		
107	5.3500		40		
108	5.4000		40		
109	5.4500		40		
110	5.5000		40		
111	5.5500		40		
112	5.6000		41		
113	5.6500		42		
114	5.7000		42		
115	5.7500		42		
116	5.8000		42		
117	5.8500		42		
118	5.9000		42		
119	5.9500		43		
120	6.0000		44		
121	6.0500		44		
122	6.1000		44		
123	6.1500		44		
124	6.2000		44		
125	6.2500		44		
126	6.3000		45		
127	6.3500		46		
128	6.4000		46		
129	6.4500		46		
130	6.5000		46		
131	6.5500		46		
132	6.6000		46		
133	6.6500		48		
134	6.7000		48		
135	6.7500		48		
136	6.8000		48		
137	6.8500		48		
138	6.9000		48		
139	6.9500		49		
140	7.0000		50		
141	7.0500		50		
142	7.1000		50		
143	7.1500		50		
144	7.2000		50		
145	7.2500		50		
146	7.3000		51		
147	7.3500		52		
148	7.4000		52		
149	7.4500		52		
150	7.5000		52		
151	7.5500		52		
152	7.6000		52		
153	7.6500		53		
154	7.7000		54		
155	7.7500		54		
156	7.8000		54		
157	7.8500		54		
158	7.9000		54		
159	7.9500		54		
160	8.0000		55		
161	8.0500		56		
162	8.1000		56		
163	8.1500		56		
164	8.2000		56		
165	8.2500		56		
166	8.3000		56		
167	8.3500		57		
168	8.4000		58		
169	8.4500		58		
170	8.5000		58		
171	8.5500		58		
172	8.6000		58		
173	8.6500		58		
174	8.7000		60		
175	8.7500		60		
176	8.8000		60		
177	8.8500		60		
178	8.9000		60		
179	8.9500		60		
180	9.0000		60		
181	9.0500		62		
182	9.1000		62		
183	9.1500		62		
184	9.2000		62		
185	9.2500		62		
186	9.3000		62		
187	9.3500		63		
188	9.4000		64		
189	9.4500		64		
190	9.5000		64		
191	9.5500		64		
192	9.6000		64		
193	9.6500		64		
194	9.7000		65		
195	9.7500		66		
196	9.8000		66		
197	9.8500		66		
198	9.9000		66		
199	9.9500		66		
200	10.0000		66		
201	10.0500		67		
202	10.1000		68		
203	10.1500		68		
204	10.2000		68		
205	10.2500		68		
206	10.3000		68		
207	10.3500		68		
208	10.4000		68		
209	10.4500		70		
210	10.5000		70		
211	10.5500		70		
212	10.6000		70		
213	10.6500		70		
214	10.7000		70		
215	10.7500		70		
216	10.8000		71		
217	10.8500		72		
218	10.9000		72		
219	10.9500		72		
220	11.0000		72		
221	11.0500		72		
222	11.1000		72		
223	11.1500		73		
224	11.2000		74		
225	11.2500		74		
226	11.3000		74		
227	11.3500		74		
228	11.4000		74		
229	11.4500		74		
230	11.5000		75		
231	11.5500		76		
232	11.6000		76		
233	11.6500		76		
234	11.7000		76		
235	11.7500		76		
236	11.8000		76		
237	11.8500		77		
238	11.9000		78		
239	11.9500		78		
240	12.0000		78		
241	12.0500		78		
242	12.1000		78		
243	12.1500		78		
244	12.2000		79		
245	12.2500		80		
246	12.3000		80		
247	12.3500		80		
248	12.4000		80		
249	12.4500		80		
250	12.5000		80		
251	12.5500		81		
252	12.6000		82		
253	12.6500		82		
254	12.7000		82		
255	12.7500		82		
256	12.8000		82		
257	12.8500		82		
258	12.9000		82		
259	12.9500		83		
260	13.0000		84		
261	13.0500		84		
262	13.1000		84		
263	13.1500		84		
264	13.2000		84		
265	13.2500		84		
266	13.3000		85		
267	13.3500		86		
268	13.4000		86		
269	13.4500		86		
270	13.5000		86		
271	13.5500		86		
272	13.6000		86		
273	13.6500		87		
274	13.7000		88		
275	13.7500		88		
276	13.8000		88		
277	13.8500		88		
278	13.9000		88		
279	13.9500		88		
280	14.0000		88		
281	14.0500		89		
282	14.1000		90		
283	14.1500		90		
284	14.2000		90		
285	14.2500		90		
286	14.3000		90		
287	14.3500		90		
288	14.4000		91		
289	14.4500		92		
290	14.5000		92		
291	14.5500		92		
292	14.6000		92		
293	14.6500		92		
294	14.7000		92		
295	14.7500		92		
296	14.8000		93		
297	14.8500		94		
298	14.9000		94		
299	14.9500		94		
300	15.0000		94		
301	15.0500		94		
302	15.1000		94		
303	15.1500		95		
304	15.2000		96		
305	15.2500		96		
306	15.3000		96		
307	15.3500		96		
308	15.4000		96		
309	15.4500		96		
310	15.5000		96		
311	15.5500		97		
312	15.6000		98		
313	15.6500		98		
314	15.7000		98		
315	15.7500		98		
316	15.8000		98		
317	15.8500		98		
318	15.9000		99		
319	15.9500		100		
320	16.0000		100		
321	16.0500		100		
322	16.1000		100		
323	16.1500		100		
324	16.2000		100		
325	16.2500		100		
326	16.3000		101		
327	16.3500		102		
328	16.4000		102		
329	16.4500		102		
330	16.5000		102		
331	16.5500		102		
332	16.6000		102		
333	16.6500		103		
334	16.7000		104		
335	16.7500		104		
336	16.8000		104		
337	16.8500		104		
338	16.9000		104		
339	16.9500		104		
340	17.0000		104		
341	17.0500		105		
342	17.1000		106		
343	17.1500		106		
344	17.2000		106		
345	17.2500		106		
346	17.3000		106		
347	17.3500		106		
348	17.4000		106		
349	17.4500		107		
350	17.5000		108		
351	17.5500		108		
352	17.6000		108		
353	17.6500		108		
354	17.7000		108		
355	17.7500		108		
356	17.8000		108		
357	17.8500		110		
358	17.9000		110		
359	17.9500		110		
360	18.0000		110		
361	18.0500		110		
362	18.1000		110		
363	18.1500		110		
364	18.2000		111		
365	18.2500		112		
366	18.3000		112		
367	18.3500		112		
368	18.4000		112		
369	18.4500		112		
370	18.5000		112		
371	18.5500		112		
372	18.6000		113		
373	18.6500		114		
374	18.7000		114		
375	18.7500		114		
376	18.8000		114		
377	18.8500		114		
378	18.9000		114		
379	18.9500		114		
380	19.0000		115		
381	19.0500		116		
382	19.1000		116		
383	19.1500		116		
384	19.2000		116		
385	19.2500		116		
386	19.3000		116		
387	19.3500		116		
388	19.4000		117		
389	19.4500		118		
390	19.5000		118		
391	19.5500		118		
392	19.6000		118		
393	19.6500		118		
394	19.7000		118		
395	19.7500		118		
396	19.8000		119		
397	19.8500		120		
398	19.9000		120		
399	19.9500		120		
400	20.0000		120		
401	20.0500		120		
402	20.1000		120		
403	20.1500		120		
404	20.2000		121		
405	20.2500		122		
406	20.3000		122		
407	20.3500		122		
408	20.4000		122		
409	20.4500		122		
410	20.5000		122		
411	20.5500		122		
412	20.6000		123		
413	20.6500		124		
414	20.7000		124		
415	20.7500		124		
416	20.8000		124		
417	20.8500		124		
418	20.9000		124		
419	20.9500		124		
420	21.0000		125		
421	21.0500		126		
422	21.1000		126		
423	21.1500		126		
424	21.2000		126		
425	21.2500		126		
426	21.3000		126		
427	21.3500		126		
428	21.4000		127		
429	21.4500		128		
430	21.5000		128		
431	21.5500		128		
432	21.6000		128		
433	21.6500		128		
434	21.7000		128		
435	21.7500		128		
436	21.8000		129		
437	21.8500		130		
438	21.9000		130		
439	21.9500		130		
440	22.0000		130		
441	22.0500		130		
442	22.1000		130		
443	22.1500		130		
444	22.2000		130		
445	22.2500		131		
446	22.3000		132		
447	22.3500		132		
448	22.4000		132		
449	22.4500		132		
450	22.5000		132		
451	22.5500		132		
452	22.6000		132		
453	22.6500		133		
454	22.7000		134		
455	22.7500		134		
456	22.8000		134		
457	22.8500		134		
458	22.9000		134		
459	22.9500		134		
460	23.0000		134		
461	23.0500		135		
462	23.1000		136		
463	23.1500		136		
464	23.2000		136		
465	23.2500		136		
466	23.3000		136		
467	23.3500		136		
468	23.4000		136		
469	23.4500		137		
470	23.5000		137		
471	23.5500		138		
472	23.6000		138		
473	23.6500		138		
474	23.7000		138		
475	23.7500		138		
476	23.8000		138		
477	23.8500		138		
478	23.9000		139		
479	23.9500		140		
480	24.0000		140		
481	24.0500		140		
482	24.1000		140		
483	24.1500		140		
484	24.2000		140		
485	24.2500		140		
486	24.3000		141		
487	24.3500		142		
488	24.4000		142		
489	24.4500		142		
490	24.5000		142		
491	24.5500		142		
492	24.6000		142		
493	24.6500		142		
494	24.7000		142		
495	24.7500		143		
496	24.8000		144		
497	24.8500		144		
498	24.9000		144		
499	24.9500		144		
500	25.0000		144		
501	25.0500		144		
502	25.1000		144		
503	25.1500		145		
504	25.2000		145		
505	25.2500		146		
506	25.3000		146		
507	25.3500		146		
508	25.4000		146		
509	25.4500		146		
510	25.5000		146		
511	25.5500		146		
512	25.6000		147		
513	25.6500		148		
514	25.7000		148		
515	25.7500		148		
516	25.8000		148		
517	25.8500		148		
518	25.9000		148		
519	25.9500		148		
520	26.0000		148		
521	26.0500		149		
522	26.1000		150		
523	26.1500		150		
524	26.2000		150		
525	26.2500		150		
526	26.3000		150		
527	26.3500		150		
528	26.4000		150		
529	26.4500		151		
530	26.5000		151		
531	26.5500		152		
532	26.6000		152		
533	26.6500		152		
534	26.7000		152		
535	26.7500		152		
536	26.8000		152		
537	26.8500		152		
538	26.9000		153		
539	26.9500		154		
540	27.0000		154		
541	27.0500		154		
542	27.1000		154		
543	27.1500		154		
544	27.2000		154		
545	27.2500		154		
546	27.3000		154		
547	27.3500		155		
548	27.4000		156		
549	27.4500		156		
550	27.5000		156		
551	27.5500		156		
552	27.6000		156		
553	27.6500		156		
554	27.7000		156		
555	27.7500		156		
556	27.8000		157		
557	27.8500		158		
558	27.9000		158		
559	27.9500		158		
560	28.0000		158		
561	28.0500		158		
562	28.1000		158		
563	28.1500		158		
564	28.2000		158		
565	28.2500		159		
566	28.3000		160		
567	28.3500		160		
568	28.4000		160		
569	28.4500		160		
570	28.5000		160		
571	28.5500		160		
572	28.6000		160		
573	28.6500		160		
574	28.7000		161		
575	28.7500		162		
576	28.8000		162		
577	28.8500		162		
578	28.9000		162		
579	28.9500		162		
580	29.0000		162		
581	29.0500		162		
582	29.1000		162		
583	29.1500		163		
584	29.2000		164		
585	29.2500		164		
586	29.3000		164		
587	29.3500		164		
588	29.4000		164		
589	29.4500		164		
590	29.5000		164		
591	29.5500		164		
592	29.6000		165		
593	29.6500		166		
594	29.7000		166		
595	29.7500		166		
596	29.8000		166		
597	29.8500		166		
598	29.9000		166		
599	29.9500		166		
600	30.0000		166		
601	30.0500		167		
602	30.1000		167		
603	30.1500		168		
604	30.2000		168		
605	30.2500		168		
606	30.3000		168		
607	30.3500		168		
608	30.4000		168		
609	30.4500		168		
610	30.5000		168		
611	30.5500		169		
612	30.6000		170		
613	30.6500		170		
614	30.7000		170		
615	30.7500		170		
616	30.8000		170		
617	30.8500		170		
618	30.9000		170		
619	30.9500		170		
620	31.0000		171		
621	31.0500		172		
622	31.1000		172		
623	31.1500		172		
624	31.2000		172		
625	31.2500		172		
626	31.3000		172		
627	31.3500		172		
628	31.4000		172		
629	31.4500		173		
630	31.5000		173		
631	31.5500		174		
632	31.6000		174		
633	31.6500		174		
634	31.7000		174		
635	31.7500		174		
636	31.8000		174		
637	31.8500		174		
638	31.9000		174		
639	31.9500		175		
640	32.0000		176		
641	32.0500		176		
642	32.1000		176		
643	32.1500		176		
644	32.2000		176		
645	32.2500		176		
646	32.3000		176		
647	32.3500		176		
648	32.4000		176		
649	32.4500		177		
650	32.5000		178		
651	32.5500		178		
652	32.6000		178		
653	32.6500		178		
654	32.7000		178		
655	32.7500		178		
656	32.8000		178		
657	32.8500		178		
658	32.9000		179		
659	32.9500		180		
660	33.0000		180		
661	33.0500		180		
662	33.1000		180		
663	33.1500		180		
664	33.2000		180		
665	33.2500		180		
666	33.3000		180		
667	33.3500		180		
668	33.4000		181		
669	33.4500		182		
670	33.5000		182		
671	33.5500		182		
672	33.6000		182		
673	33.6500		182		
674	33.7000		182		
675	33.7500		182		
676	33.8000		182		
677	33.8500		182		
678	33.9000		183		
679	33.9500		184		
680	34.0000		184		
681	34.0500		184		
682	34.1000		184		
683	34.1500		184		
684	34.2000		184		
685	34.2500		184		
686	34.3000		184		
687	34.3500		184		
688	34.4000		185		
689	34.4500		186		
690	34.5000		186		
691	34.5500		186		
692	34.6000		186		
693	34.6500		186		
694	34.7000		186		
695	34.7500		186		
696	34.8000		186		
697	34.8500		187		
698	34.9000		187		
699	34.9500		188		
700	35.0000		188		
701	35.0500		188		
702	35.1000		188		
703	35.1500		188		
704	35.2000		188		
705	35.2500		188		
706	35.3000		188		
707	35.3500		188		
708	35.4000		189		
709	35.4500		190		
710	35.5000		190		
711	35.5500		190		
712	35.6000		190		
713	35.6500		190		
714	35.7000		190		
715	35.7500		190		
716	35.8000		190		
717	35.8500		190		
718	35.9000		191		
719	35.9500		192		
720	36.0000		192		
721	36.0500		192		
722	36.1000		192		
723	36.1500		192		
724	36.2000		192		
725	36.2500		192		
726	36.3000		192		
727	36.3500		192		
728	36.4000		193		
729	36.4500		194		
730	36.5000		194		
731	36.5500		194		
732	36.6000		194		
733	36.6500		194		
734	36.7000		194		
735	36.7500		194		
736	36.8000		194		
737	36.8500		194		
738	36.9000		195		
739	36.9500		196		
740	37.0000		196		
741	37.0500		196		
742	37.1000		196		
743	37.1500		196		
744	37.2000		196		
745	37.2500		196		
746	37.3000		196		
747	37.3500		196		
748	37.4000		196		
749	37.4500		197		
750	37.5000		198		
751	37.5500		198		
752	37.6000		198		
753	37.6500		198		
754	37.7000		198		
755	37.7500		198		
756	37.8000		198		
757	37.8500		198		
758	37.9000		198		
759	37.9500		199		
760	38.0000		200		
761	38.0500		200		
762	38.1000		200		
763	38.1500		200		
764	38.2000		200		
765	38.2500		200		
766	38.3000		200		
767	38.3500		200		
768	38.4000		200		
769	38.4500		200		
770	38.5000		201		
771	38.5500		202		
772	38.6000		202		
773	38.6500		202		
774	38.7000		202		
775	38.7500		202		
776	38.8000		202		
777	38.8500		202		
778	38.9000		202		
779	38.9500		202		
780	39.0000		203		
781	39.0500		203		
782	39.1000		204		
783	39.1500		204		
784	39.2000		204		
785	39.2500		204		
786	39.3000		204		
787	39.3500		204		
788	39.4000		204		
789	39.4500		204		
790	39.5000		204		
791	39.5500		205		
792	39.6000		206		
793	39.6500		206		
794	39.7000		206		
795	39.7500		206		
796	39.8000		206		
797	39.8500		206		
798	39.9000		206		
799	39.9500		206		
800	40.0000		206		
801	40.0500		206		
802	40.1000		207		
803	40.1500		208		
804	40.2000		208		
805	40.2500		208		
806	40.3000		208		
807	40.3500		208		
808	40.4000		208		
809	40.4500		208		
810	40.5000		208		
811	40.5500		208		
812	40.6000		208		
813	40.6500		209		
814	40.7000		210		
815	40.7500		210		
816	40.8000		210		
817	40.8500		210		
818	40.9000		210		
819	40.9500		210		
820	41.0000		210		
821	41.0500		210		
822	41.1000		210		
823	41.1500		210		
824	41.2000		211		
825	41.2500		212		
826	41.3000		212		
827	41.3500		212		
828	41.4000		212		
829	41.4500		212		
830	41.5000		212		
831	41.5500		212		
832	41.6000		212		
833	41.6500		212		
834	41.7000		212		
835	41.7500		213		
836	41.8000		213		
837	41.8500		214		
838	41.9000		214		
839	41.9500		214		
840	42.0000		214		
841	42.0500		214		
842	42.1000		214		
843	42.1500		214		
844	42.2000		214		
845	42.2500		214		
846	42.3000		214		
847	42.3500		215		
848	42.4000		216		
849	42.4500		216		
850	42.5000		216		
851	42.5500		216		
852	42.6000		216		
853	42.6500		216		
854	42.7000		216		
855	42.7500		216		
856	42.8000		216		
857	42.8500		216		
858	42.9000		217		
859	42.9500		218		
860	43.0000		218		
861	43.0500		218		
862	43.1000		218		
863	43.1500		218		
864	43.2000		218		
865	43.2500		218		
866	43.3000		218		
867	43.3500		218		
868	43.4000		218		
869	43.4500		218		
870	43.5000		219		
871	43.5500		220		
872	43.6000		220		
873	43.6500		220		
874	43.7000		220		
875	43.7500		220		
876	43.8000		220		
877	43.8500		220		
878	43.9000		220		
879	43.9500		220		
880	44.0000		220		
881	44.0500		221		
882	44.1000		221		
883	44.1500		222		
884	44.2000		222		
885	44.2500		222		
886	44.3000		222		
887	44.3500		222		
888	44.4000		222		
889	44.4500		222		
890	44.5000		222		
891	44.5500		222		
892	44.6000		222		
893	44.6500		223		
894	44.7000		223		
895	44.7500		224		
896	44.8000		224		
897	44.8500		224		
898	44.9000		224		
899	44.9500		224		
900	45.0000		224		
901	45.0500		224		
902	45.1000		224		
903	45.1500		224		
904	45.2000		224		
905	45.2500		225		
906	45.3000		225		
907	45.3500		226		
908	45.4000		226		
909	45.4500		226		
910	45.5000		226		
911	45.5500		226		
912	45.6000		226		
913	45.6500		226		
914	45.7000		226		
915	45.7500		226		
916	45.8000		226		
917	45.8500		227		
918	45.9000		227		
919	45.9500		228		
920	46.0000		228		
921	46.0500		228		
922	46.1000		228		
923	46.1500		228		
924	46.2000		228		
925	46.2500		228		
926	46.3000		228		
927	46.3500		228		
928	46.4000		228		
929	46.4500		228		
930	46.5000		229		
931	46.5500		230		
932	46.6000		230		
933	46.6500		230		
934	46.7000		230		
935	46.7500		230		
936	46.8000		230		
937	46.8500		230		
938	46.9000		230		
939	46.9500		230		
940	47.0000		230		
941	47.0500		230		
942	47.1000		231		
943	47.1500		231		
944	47.2000		232		
945	47.2500		232		
946	47.3000		232		
947	47.3500		232		
948	47.4000		232		
949	47.4500		232		
950	47.5000		232		
951	47.5500		232		
952	47.6000		232		
953	47.6500		232		
954	47.7000		232		
955	47.7500		233		
956	47.8000		234		
957	47.8500		234		
958	47.9000		234		
959	47.9500		234		
960	48.0000		234		
961	48.0500		234		
962	48.1000		234		
963	48.1500		234		
964	48.2000		234		
965	48.2500		234		
966	48.3000		234		
967	48.3500		235		
968	48.4000		235		
969	48.4500		236		
970	48.5000		236		
971	48.5500		236		
972	48.6000		236		
973	48.6500		236		
974	48.7000		236		
975	48.7500		236		
976	48.8000		236		
977	48.8500		236		
978	48.9000		236		
979	48.9500		236		
980	49.0000		237		
981	49.0500		237		
982	49.1000		238		
983	49.1500		238		
984	49.2000		238		
985	49.2500		238		
986	49.3000		238		
987	49.3500		238		
988	49.4000		238		
989	49.4500		238		
990	49.5000		238		
991	49.5500		238		
992	49.6000		238		
993	49.6500		239		
994	49.7000		239		
995	49.7500		240		
996	49.8000		240		
997	49.8500		240		
998	49.9000		240		
999	49.9500		240		
1000	50.0000		240		
