#	time(s)	count A	count B	count C	count D
1	0.0050	-2		-4	
2	0.0100	-3		-4	
3	0.0150	-3		-4	
4	0.0200	-4		-4	
5	0.0250	-4		-4	
6	0.0300	-5		-4	
7	0.0350	-6		-4	
8	0.0400	-6		-4	
9	0.0450	-6		-4	
10	0.0500	-7		-4	
11	0.0550	-7		-4	
12	0.0600	-8		-4	
13	0.0650	-8		-4	
14	0.0700	-8		-4	
15	0.0750	-9		-4	
16	0.0800	-9		-4	
17	0.0850	-10		-4	
18	0.0900	-10		-4	
19	0.0950	-10		-4	
20	0.1000	-10		-4	
21	0.1050	-11		-4	
22	0.1100	-11		-4	
23	0.1150	-11		-4	
24	0.1200	-11		-4	
25	0.1250	-12		-4	
26	0.1300	-12		-4	
27	0.1350	-12		-4	
28	0.1400	-12		-4	
29	0.1450	-12		-4	
30	0.1500	-12		-4	
31	0.1550	-12		-4	
32	0.1600	-12		-4	
33	0.1650	-11		-4	
34	0.1700	-11		-4	
35	0.1750	-11		-4	
36	0.1800	-11		-4	
37	0.1850	-11		-4	
38	0.1900	-10		-4	
39	0.1950	-10		-4	
40	0.2000	-10		-4	
41	0.2050	-10		-4	
42	0.2100	-9		-4	
43	0.2150	-9		-4	
44	0.2200	-8		-4	
45	0.2250	-8		-4	
46	0.2300	-8		-4	
47	0.2350	-7		-4	
48	0.2400	-6		-4	
49	0.2450	-6		-4	
50	0.2500	-6		-4	
51	0.2550	-5		-4	
52	0.2600	-4		-4	
53	0.2650	-4		-4	
54	0.2700	-3		-4	
55	0.2750	-2		-4	
56	0.2800	-2		-4	
57	0.2850	-1		-4	
58	0.2900	-1		-4	
59	0.2950	0		-4	
60	0.3000	0		-4	
61	0.3050	1		-4	
62	0.3100	2		-4	
63	0.3150	2		-4	
64	0.3200	3		-4	
65	0.3250	4		-4	
66	0.3300	4		-4	
67	0.3350	5		-4	
68	0.3400	6		-4	
69	0.3450	6		-4	
70	0.3500	6		-4	
71	0.3550	7		-4	
72	0.3600	8		-4	
73	0.3650	8		-4	
74	0.3700	8		-4	
75	0.3750	9		-4	
76	0.3800	9		-4	
77	0.3850	10		-4	
78	0.3900	10		-4	
79	0.3950	10		-4	
80	0.4000	10		-4	
81	0.4050	11		-4	
82	0.4100	11		-4	
83	0.4150	11		-4	
84	0.4200	11		-4	
85	0.4250	11		-4	
86	0.4300	12		-4	
87	0.4350	12		-4	
88	0.4400	12		-4	
89	0.4450	12		-4	
90	0.4500	11		-4	
91	0.4550	11		-4	
92	0.4600	11		-4	
93	0.4650	11		-4	
94	0.4700	10		-4	
95	0.4750	10		-4	
96	0.4800	10		-4	
97	0.4850	10		-4	
98	0.4900	9		-4	
99	0.4950	9		-4	
100	0.5000	8		-4	
101	0.5050	8		-4	
102	0.5100	8		-4	
103	0.5150	7		-4	
104	0.5200	6		-4	
105	0.5250	6		-4	
106	0.5300	5		-4	
107	0.5350	5		-4	
108	0.5400	4		-4	
109	0.5450	4		-4	
110	0.5500	3		-4	
111	0.5550	2		-4	
112	0.5600	2		-4	
113	0.5650	1		-4	
114	0.5700	0		-4	
115	0.5750	0		-4	
116	0.5800	-1		-4	
117	0.5850	-2		-4	
118	0.5900	-2		-4	
119	0.5950	-3		-4	
120	0.6000	-4		-4	
121	0.6050	-4		-4	
122	0.6100	-5		-4	
123	0.6150	-6		-4	
124	0.6200	-6		-4	
125	0.6250	-7		-4	
126	0.6300	-7		-4	
127	0.6350	-8		-4	
128	0.6400	-8		-4	
129	0.6450	-9		-4	
130	0.6500	-9		-4	
131	0.6550	-10		-4	
132	0.6600	-10		-4	
133	0.6650	-10		-4	
134	0.6700	-10		-4	
135	0.6750	-11		-4	
136	0.6800	-11		-4	
137	0.6850	-11		-4	
138	0.6900	-11		-4	
139	0.6950	-12		-4	
140	0.7000	-12		-4	
141	0.7050	-12		-4	
142	0.7100	-12		-4	
143	0.7150	-12		-4	
144	0.7200	-12		-4	
145	0.7250	-12		-4	
146	0.7300	-12		-4	
147	0.7350	-11		-4	
148	0.7400	-11		-4	
149	0.7450	-11		-4	
150	0.7500	-10		-4	
151	0.7550	-10		-4	
152	0.7600	-10		-4	
153	0.7650	-10		-4	
154	0.7700	-9		-4	
155	0.7750	-9		-4	
156	0.7800	-8		-4	
157	0.7850	-8		-4	
158	0.7900	-7		-4	
159	0.7950	-7		-4	
160	0.8000	-6		-4	
161	0.8050	-6		-4	
162	0.8100	-5		-4	
163	0.8150	-4		-4	
164	0.8200	-4		-4	
165	0.8250	-3		-4	
166	0.8300	-2		-4	
167	0.8350	-2		-4	
168	0.8400	-1		-4	
169	0.8450	-1		-4	
170	0.8500	0		-4	
171	0.8550	1		-4	
172	0.8600	2		-4	
173	0.8650	2		-4	
174	0.8700	3		-4	
175	0.8750	3		-4	
176	0.8800	4		-4	
177	0.8850	4		-4	
178	0.8900	5		-4	
179	0.8950	6		-4	
180	0.9000	6		-4	
181	0.9050	7		-4	
182	0.9100	7		-4	
183	0.9150	8		-4	
184	0.9200	8		-4	
185	0.9250	9		-4	
186	0.9300	9		-4	
187	0.9350	10		-4	
188	0.9400	10		-4	
189	0.9450	10		-4	
190	0.9500	10		-4	
191	0.9550	11		-4	
192	0.9600	11		-4	
193	0.9650	11		-4	
194	0.9700	11		-4	
195	0.9750	12		-4	
196	0.9800	12		-4	
197	0.9850	12		-4	
198	0.9900	12		-4	
199	0.9950	12		-4	
200	1.0000	11		-4	
201	1.0050	11		-4	
202	1.0100	11		-4	
203	1.0150	11		-4	
204	1.0200	11		-4	
205	1.0250	10		-4	
206	1.0300	10		-4	
207	1.0350	10		-4	
208	1.0400	9		-4	
209	1.0450	9		-4	
210	1.0500	8		-4	
211	1.0550	8		-4	
212	1.0600	8		-4	
213	1.0650	7		-4	
214	1.0700	6		-4	
215	1.0750	6		-4	
216	1.0800	5		-4	
217	1.0850	5		-4	
218	1.0900	4		-4	
219	1.0950	4		-4	
220	1.1000	3		-4	
221	1.1050	2		-4	
222	1.1100	2		-4	
223	1.1150	1		-4	
224	1.1200	0		-4	
225	1.1250	0		-4	
226	1.1300	-1		-4	
227	1.1350	-2		-4	
228	1.1400	-2		-4	
229	1.1450	-3		-4	
230	1.1500	-4		-4	
231	1.1550	-4		-4	
232	1.1600	-5		-4	
233	1.1650	-6		-4	
234	1.1700	-6		-4	
235	1.1750	-6		-4	
236	1.1800	-7		-4	
237	1.1850	-8		-4	
238	1.1900	-8		-4	
239	1.1950	-8		-4	
240	1.2000	-9		-4	
241	1.2050	-10		-4	
242	1.2100	-10		-4	
243	1.2150	-10		-4	
244	1.2200	-10		-4	
245	1.2250	-11		-4	
246	1.2300	-11		-4	
247	1.2350	-11		-4	
248	1.2400	-11		-4	
249	1.2450	-12		-4	
250	1.2500	-12		-4	
251	1.2550	-12		-4	
252	1.2600	-12		-4	
253	1.2650	-12		-4	
254	1.2700	-12		-4	
255	1.2750	-12		-4	
256	1.2800	-12		-4	
257	1.2850	-11		-4	
258	1.2900	-11		-4	
259	1.2950	-11		-4	
260	1.3000	-10		-4	
261	1.3050	-10		-4	
262	1.3100	-10		-4	
263	1.3150	-10		-4	
264	1.3200	-9		-4	
265	1.3250	-9		-4	
266	1.3300	-8		-4	
267	1.3350	-8		-4	
268	1.3400	-8		-4	
269	1.3450	-7		-4	
270	1.3500	-6		-4	
271	1.3550	-6		-4	
272	1.3600	-5		-4	
273	1.3650	-5		-4	
274	1.3700	-4		-4	
275	1.3750	-4		-4	
276	1.3800	-3		-4	
277	1.3850	-2		-4	
278	1.3900	-2		-4	
279	1.3950	-1		-4	
280	1.4000	0		-4	
281	1.4050	0		-4	
282	1.4100	1		-4	
283	1.4150	2		-4	
284	1.4200	2		-4	
285	1.4250	3		-4	
286	1.4300	4		-4	
287	1.4350	4		-4	
288	1.4400	5		-4	
289	1.4450	6		-4	
290	1.4500	6		-4	
291	1.4550	6		-4	
292	1.4600	7		-4	
293	1.4650	8		-4	
294	1.4700	8		-4	
295	1.4750	8		-4	
296	1.4800	9		-4	
297	1.4850	9		-4	
298	1.4900	10		-4	
299	1.4950	10		-4	
300	1.5000	10		-4	
301	1.5050	11		-4	
302	1.5100	11		-4	
303	1.5150	11		-4	
304	1.5200	11		-4	
305	1.5250	11		-4	
306	1.5300	11		-4	
307	1.5350	12		-4	
308	1.5400	12		-4	
309	1.5450	12		-4	
310	1.5500	11		-4	
311	1.5550	11		-4	
312	1.5600	11		-4	
313	1.5650	11		-4	
314	1.5700	11		-4	
315	1.5750	10		-4	
316	1.5800	10		-4	
317	1.5850	10		-4	
318	1.5900	10		-4	
319	1.5950	9		-4	
320	1.6000	9		-4	
321	1.6050	8		-4	
322	1.6100	8		-4	
323	1.6150	7		-4	
324	1.6200	7		-4	
325	1.6250	6		-4	
326	1.6300	6		-4	
327	1.6350	5		-4	
328	1.6400	4		-4	
329	1.6450	4		-4	
330	1.6500	3		-4	
331	1.6550	2		-4	
332	1.6600	2		-4	
333	1.6650	1		-4	
334	1.6700	0		-4	
335	1.6750	0		-4	
336	1.6800	-1		-4	
337	1.6850	-2		-4	
338	1.6900	-2		-4	
339	1.6950	-3		-4	
340	1.7000	-4		-4	
341	1.7050	-4		-4	
342	1.7100	-5		-4	
343	1.7150	-5		-4	
344	1.7200	-6		-4	
345	1.7250	-6		-4	
346	1.7300	-7		-4	
347	1.7350	-8		-4	
348	1.7400	-8		-4	
349	1.7450	-8		-4	
350	1.7500	-9		-4	
351	1.7550	-9		-4	
352	1.7600	-10		-4	
353	1.7650	-10		-4	
354	1.7700	-10		-4	
355	1.7750	-10		-4	
356	1.7800	-11		-4	
357	1.7850	-11		-4	
358	1.7900	-11		-4	
359	1.7950	-12		-4	
360	1.8000	-12		-4	
361	1.8050	-12		-4	
362	1.8100	-12		-4	
363	1.8150	-12		-4	
364	1.8200	-12		-4	
365	1.8250	-12		-4	
366	1.8300	-12		-4	
367	1.8350	-11		-4	
368	1.8400	-11		-4	
369	1.8450	-11		-4	
370	1.8500	-11		-4	
371	1.8550	-10		-4	
372	1.8600	-10		-4	
373	1.8650	-10		-4	
374	1.8700	-9		-4	
375	1.8750	-9		-4	
376	1.8800	-8		-4	
377	1.8850	-8		-4	
378	1.8900	-8		-4	
379	1.8950	-7		-4	
380	1.9000	-6		-4	
381	1.9050	-6		-4	
382	1.9100	-5		-4	
383	1.9150	-5		-4	
384	1.9200	-4		-4	
385	1.9250	-4		-4	
386	1.9300	-3		-4	
387	1.9350	-2		-4	
388	1.9400	-2		-4	
389	1.9450	-1		-4	
390	1.9500	0		-4	
391	1.9550	0		-4	
392	1.9600	1		-4	
393	1.9650	2		-4	
394	1.9700	2		-4	
395	1.9750	3		-4	
396	1.9800	4		-4	
397	1.9850	4		-4	
398	1.9900	5		-4	
399	1.9950	6		-4	
400	2.0000	6		-4	
401	2.0050	6		-4	
402	2.0100	7		-4	
403	2.0150	8		-4	
404	2.0200	8		-4	
405	2.0250	8		-4	
406	2.0300	9		-4	
407	2.0350	9		-4	
408	2.0400	10		-4	
409	2.0450	10		-4	
410	2.0500	10		-4	
411	2.0550	11		-4	
412	2.0600	11		-4	
413	2.0650	11		-4	
414	2.0700	11		-4	
415	2.0750	11		-4	
416	2.0800	12		-4	
417	2.0850	12		-4	
418	2.0900	12		-4	
419	2.0950	12		-4	
420	2.1000	12		-4	
421	2.1050	11		-4	
422	2.1100	11		-4	
423	2.1150	11		-4	
424	2.1200	11		-4	
425	2.1250	10		-4	
426	2.1300	10		-4	
427	2.1350	10		-4	
428	2.1400	10		-4	
429	2.1450	9		-4	
430	2.1500	9		-4	
431	2.1550	8		-4	
432	2.1600	8		-4	
433	2.1650	7		-4	
434	2.1700	7		-4	
435	2.1750	6		-4	
436	2.1800	6		-4	
437	2.1850	5		-4	
438	2.1900	4		-4	
439	2.1950	4		-4	
440	2.2000	3		-4	
441	2.2050	2		-4	
442	2.2100	2		-4	
443	2.2150	1		-4	
444	2.2200	0		-4	
445	2.2250	0		-4	
446	2.2300	-1		-4	
447	2.2350	-2		-4	
448	2.2400	-2		-4	
449	2.2450	-3		-4	
450	2.2500	-4		-4	
451	2.2550	-4		-4	
452	2.2600	-5		-4	
453	2.2650	-5		-4	
454	2.2700	-6		-4	
455	2.2750	-6		-4	
456	2.2800	-7		-4	
457	2.2850	-8		-4	
458	2.2900	-8		-4	
459	2.2950	-8		-4	
460	2.3000	-9		-4	
461	2.3050	-9		-4	
462	2.3100	-10		-4	
463	2.3150	-10		-4	
464	2.3200	-10		-4	
465	2.3250	-11		-4	
466	2.3300	-11		-4	
467	2.3350	-11		-4	
468	2.3400	-11		-4	
469	2.3450	-12		-4	
470	2.3500	-12		-4	
471	2.3550	-12		-4	
472	2.3600	-12		-4	
473	2.3650	-12		-4	
474	2.3700	-12		-4	
475	2.3750	-12		-4	
476	2.3800	-12		-4	
477	2.3850	-11		-4	
478	2.3900	-11		-4	
479	2.3950	-11		-4	
480	2.4000	-11		-4	
481	2.4050	-10		-4	
482	2.4100	-10		-4	
483	2.4150	-10		-4	
484	2.4200	-9		-4	
485	2.4250	-9		-4	
486	2.4300	-8		-4	
487	2.4350	-8		-4	
488	2.4400	-8		-4	
489	2.4450	-7		-4	
490	2.4500	-6		-4	
491	2.4550	-6		-4	
492	2.4600	-5		-4	
493	2.4650	-5		-4	
494	2.4700	-4		-4	
495	2.4750	-4		-4	
496	2.4800	-3		-4	
497	2.4850	-2		-4	
498	2.4900	-2		-4	
499	2.4950	-1		-4	
500	2.5000	0		-4	
501	2.5050	0		-4	
502	2.5100	1		-4	
503	2.5150	2		-4	
504	2.5200	2		-4	
505	2.5250	3		-4	
506	2.5300	4		-4	
507	2.5350	4		-4	
508	2.5400	5		-4	
509	2.5450	6		-4	
510	2.5500	6		-4	
511	2.5550	6		-4	
512	2.5600	7		-4	
513	2.5650	8		-4	
514	2.5700	8		-4	
515	2.5750	8		-4	
516	2.5800	9		-4	
517	2.5850	9		-4	
518	2.5900	10		-4	
519	2.5950	10		-4	
520	2.6000	10		-4	
521	2.6050	11		-4	
522	2.6100	11		-4	
523	2.6150	11		-4	
524	2.6200	11		-4	
525	2.6250	11		-4	
526	2.6300	11		-4	
527	2.6350	12		-4	
528	2.6400	12		-4	
529	2.6450	12		-4	
530	2.6500	11		-4	
531	2.6550	11		-4	
532	2.6600	11		-4	
533	2.6650	11		-4	
534	2.6700	11		-4	
535	2.6750	10		-4	
536	2.6800	10		-4	
537	2.6850	10		-4	
538	2.6900	10		-4	
539	2.6950	9		-4	
540	2.7000	9		-4	
541	2.7050	8		-4	
542	2.7100	8		-4	
543	2.7150	7		-4	
544	2.7200	7		-4	
545	2.7250	6		-4	
546	2.7300	6		-4	
547	2.7350	5		-4	
548	2.7400	4		-4	
549	2.7450	4		-4	
550	2.7500	3		-4	
551	2.7550	2		-4	
552	2.7600	2		-4	
553	2.7650	1		-4	
554	2.7700	0		-4	
555	2.7750	0		-4	
556	2.7800	-1		-4	
557	2.7850	-2		-4	
558	2.7900	-2		-4	
559	2.7950	-3		-4	
560	2.8000	-4		-4	
561	2.8050	-4		-4	
562	2.8100	-5		-4	
563	2.8150	-5		-4	
564	2.8200	-6		-4	
565	2.8250	-6		-4	
566	2.8300	-7		-4	
567	2.8350	-8		-4	
568	2.8400	-8		-4	
569	2.8450	-8		-4	
570	2.8500	-9		-4	
571	2.8550	-9		-4	
572	2.8600	-10		-4	
573	2.8650	-10		-4	
574	2.8700	-10		-4	
575	2.8750	-11		-4	
576	2.8800	-11		-4	
577	2.8850	-11		-4	
578	2.8900	-11		-4	
579	2.8950	-12		-4	
580	2.9000	-12		-4	
581	2.9050	-12		-4	
582	2.9100	-12		-4	
583	2.9150	-12		-4	
584	2.9200	-12		-4	
585	2.9250	-12		-4	
586	2.9300	-12		-4	
587	2.9350	-11		-4	
588	2.9400	-11		-4	
589	2.9450	-11		-4	
590	2.9500	-11		-4	
591	2.9550	-10		-4	
592	2.9600	-10		-4	
593	2.9650	-10		-4	
594	2.9700	-9		-4	
595	2.9750	-9		-4	
596	2.9800	-8		-4	
597	2.9850	-8		-4	
598	2.9900	-8		-4	
599	2.9950	-7		-4	
600	3.0000	-6		-4	
601	3.0050	-6		-4	
602	3.0100	-5		-4	
603	3.0150	-5		-4	
604	3.0200	-4		-4	
605	3.0250	-4		-4	
606	3.0300	-3		-4	
607	3.0350	-2		-4	
608	3.0400	-2		-4	
609	3.0450	-1		-4	
610	3.0500	0		-4	
611	3.0550	0		-4	
612	3.0600	1		-4	
613	3.0650	2		-4	
614	3.0700	2		-4	
615	3.0750	3		-4	
616	3.0800	4		-4	
617	3.0850	4		-4	
618	3.0900	5		-4	
619	3.0950	6		-4	
620	3.1000	6		-4	
621	3.1050	6		-4	
622	3.1100	7		-4	
623	3.1150	8		-4	
624	3.1200	8		-4	
625	3.1250	8		-4	
626	3.1300	9		-4	
627	3.1350	9		-4	
628	3.1400	10		-4	
629	3.1450	10		-4	
630	3.1500	10		-4	
631	3.1550	11		-4	
632	3.1600	11		-4	
633	3.1650	11		-4	
634	3.1700	11		-4	
635	3.1750	11		-4	
636	3.1800	12		-4	
637	3.1850	12		-4	
638	3.1900	12		-4	
639	3.1950	12		-4	
640	3.2000	12		-4	
641	3.2050	11		-4	
642	3.2100	11		-4	
643	3.2150	11		-4	
644	3.2200	11		-4	
645	3.2250	10		-4	
646	3.2300	10		-4	
647	3.2350	10		-4	
648	3.2400	10		-4	
649	3.2450	9		-4	
650	3.2500	9		-4	
651	3.2550	8		-4	
652	3.2600	8		-4	
653	3.2650	7		-4	
654	3.2700	7		-4	
655	3.2750	6		-4	
656	3.2800	6		-4	
657	3.2850	5		-4	
658	3.2900	4		-4	
659	3.2950	4		-4	
660	3.3000	3		-4	
661	3.3050	2		-4	
662	3.3100	2		-4	
663	3.3150	1		-4	
664	3.3200	0		-4	
665	3.3250	0		-4	
666	3.3300	-1		-4	
667	3.3350	-2		-4	
668	3.3400	-2		-4	
669	3.3450	-3		-4	
670	3.3500	-4		-4	
671	3.3550	-4		-4	
672	3.3600	-5		-4	
673	3.3650	-5		-4	
674	3.3700	-6		-4	
675	3.3750	-6		-4	
676	3.3800	-7		-4	
677	3.3850	-8		-4	
678	3.3900	-8		-4	
679	3.3950	-8		-4	
680	3.4000	-9		-4	
681	3.4050	-9		-4	
682	3.4100	-10		-4	
683	3.4150	-10		-4	
684	3.4200	-10		-4	
685	3.4250	-11		-4	
686	3.4300	-11		-4	
687	3.4350	-11		-4	
688	3.4400	-11		-4	
689	3.4450	-12		-4	
690	3.4500	-12		-4	
691	3.4550	-12		-4	
692	3.4600	-12		-4	
693	3.4650	-12		-4	
694	3.4700	-12		-4	
695	3.4750	-12		-4	
696	3.4800	-12		-4	
697	3.4850	-11		-4	
698	3.4900	-11		-4	
699	3.4950	-11		-4	
700	3.5000	-11		-4	
701	3.5050	-10		-4	
702	3.5100	-10		-4	
703	3.5150	-10		-4	
704	3.5200	-9		-4	
705	3.5250	-9		-4	
706	3.5300	-8		-4	
707	3.5350	-8		-4	
708	3.5400	-8		-4	
709	3.5450	-7		-4	
710	3.5500	-6		-4	
711	3.5550	-6		-4	
712	3.5600	-5		-4	
713	3.5650	-5		-4	
714	3.5700	-4		-4	
715	3.5750	-4		-4	
716	3.5800	-3		-4	
717	3.5850	-2		-4	
718	3.5900	-2		-4	
719	3.5950	-1		-4	
720	3.6000	0		-4	
721	3.6050	0		-4	
722	3.6100	1		-4	
723	3.6150	2		-4	
724	3.6200	2		-4	
725	3.6250	3		-4	
726	3.6300	4		-4	
727	3.6350	4		-4	
728	3.6400	5		-4	
729	3.6450	6		-4	
730	3.6500	6		-4	
731	3.6550	7		-4	
732	3.6600	7		-4	
733	3.6650	8		-4	
734	3.6700	8		-4	
735	3.6750	8		-4	
736	3.6800	9		-4	
737	3.6850	10		-4	
738	3.6900	10		-4	
739	3.6950	10		-4	
740	3.7000	10		-4	
741	3.7050	11		-4	
742	3.7100	11		-4	
743	3.7150	11		-4	
744	3.7200	11		-4	
745	3.7250	11		-4	
746	3.7300	12		-4	
747	3.7350	12		-4	
748	3.7400	12		-4	
749	3.7450	12		-4	
750	3.7500	11		-4	
751	3.7550	11		-4	
752	3.7600	11		-4	
753	3.7650	11		-4	
754	3.7700	11		-4	
755	3.7750	10		-4	
756	3.7800	10		-4	
757	3.7850	10		-4	
758	3.7900	9		-4	
759	3.7950	9		-4	
760	3.8000	8		-4	
761	3.8050	8		-4	
762	3.8100	8		-4	
763	3.8150	7		-4	
764	3.8200	6		-4	
765	3.8250	6		-4	
766	3.8300	6		-4	
767	3.8350	5		-4	
768	3.8400	4		-4	
769	3.8450	4		-4	
770	3.8500	3		-4	
771	3.8550	2		-4	
772	3.8600	2		-4	
773	3.8650	1		-4	
774	3.8700	0		-4	
775	3.8750	0		-4	
776	3.8800	-1		-4	
777	3.8850	-2		-4	
778	3.8900	-2		-4	
779	3.8950	-3		-4	
780	3.9000	-4		-4	
781	3.9050	-4		-4	
782	3.9100	-5		-4	
783	3.9150	-6		-4	
784	3.9200	-6		-4	
785	3.9250	-6		-4	
786	3.9300	-7		-4	
787	3.9350	-8		-4	
788	3.9400	-8		-4	
789	3.9450	-8		-4	
790	3.9500	-9		-4	
791	3.9550	-9		-4	
792	3.9600	-10		-4	
793	3.9650	-10		-4	
794	3.9700	-10		-4	
795	3.9750	-11		-4	
796	3.9800	-11		-4	
797	3.9850	-11		-4	
798	3.9900	-11		-4	
799	3.9950	-12		-4	
800	4.0000	-12		-4	
801	4.0050	-12		-4	
802	4.0100	-12		-4	
803	4.0150	-12		-4	
804	4.0200	-12		-4	
805	4.0250	-12		-4	
806	4.0300	-12		-4	
807	4.0350	-11		-4	
808	4.0400	-11		-4	
809	4.0450	-11		-4	
810	4.0500	-10		-4	
811	4.0550	-10		-4	
812	4.0600	-10		-4	
813	4.0650	-10		-4	
814	4.0700	-9		-4	
815	4.0750	-9		-4	
816	4.0800	-8		-4	
817	4.0850	-8		-4	
818	4.0900	-7		-4	
819	4.0950	-7		-4	
820	4.1000	-6		-4	
821	4.1050	-6		-4	
822	4.1100	-5		-4	
823	4.1150	-4		-4	
824	4.1200	-4		-4	
825	4.1250	-3		-4	
826	4.1300	-3		-4	
827	4.1350	-2		-4	
828	4.1400	-1		-4	
829	4.1450	-1		-4	
830	4.1500	0		-4	
831	4.1550	0		-4	
832	4.1600	1		-4	
833	4.1650	2		-4	
834	4.1700	2		-4	
835	4.1750	3		-4	
836	4.1800	4		-4	
837	4.1850	4		-4	
838	4.1900	5		-4	
839	4.1950	6		-4	
840	4.2000	6		-4	
841	4.2050	7		-4	
842	4.2100	7		-4	
843	4.2150	8		-4	
844	4.2200	8		-4	
845	4.2250	9		-4	
846	4.2300	9		-4	
847	4.2350	10		-4	
848	4.2400	10		-4	
849	4.2450	10		-4	
850	4.2500	10		-4	
851	4.2550	11		-4	
852	4.2600	11		-4	
853	4.2650	11		-4	
854	4.2700	11		-4	
855	4.2750	11		-4	
856	4.2800	12		-4	
857	4.2850	12		-4	
858	4.2900	12		-4	
859	4.2950	12		-4	
860	4.3000	11		-4	
861	4.3050	11		-4	
862	4.3100	11		-4	
863	4.3150	11		-4	
864	4.3200	10		-4	
865	4.3250	10		-4	
866	4.3300	10		-4	
867	4.3350	10		-4	
868	4.3400	9		-4	
869	4.3450	9		-4	
870	4.3500	8		-4	
871	4.3550	8		-4	
872	4.3600	8		-4	
873	4.3650	7		-4	
874	4.3700	6		-4	
875	4.3750	6		-4	
876	4.3800	5		-4	
877	4.3850	5		-4	
878	4.3900	4		-4	
879	4.3950	4		-4	
880	4.4000	3		-4	
881	4.4050	2		-4	
882	4.4100	2		-4	
883	4.4150	1		-4	
884	4.4200	0		-4	
885	4.4250	0		-4	
886	4.4300	-1		-4	
887	4.4350	-2		-4	
888	4.4400	-2		-4	
889	4.4450	-3		-4	
890	4.4500	-4		-4	
891	4.4550	-4		-4	
892	4.4600	-5		-4	
893	4.4650	-6		-4	
894	4.4700	-6		-4	
895	4.4750	-7		-4	
896	4.4800	-7		-4	
897	4.4850	-8		-4	
898	4.4900	-8		-4	
899	4.4950	-9		-4	
900	4.5000	-9		-4	
901	4.5050	-10		-4	
902	4.5100	-10		-4	
903	4.5150	-10		-4	
904	4.5200	-10		-4	
905	4.5250	-11		-4	
906	4.5300	-11		-4	
907	4.5350	-11		-4	
908	4.5400	-12		-4	
909	4.5450	-12		-4	
910	4.5500	-12		-4	
911	4.5550	-12		-4	
912	4.5600	-12		-4	
913	4.5650	-12		-4	
914	4.5700	-12		-4	
915	4.5750	-12		-4	
916	4.5800	-12		-4	
917	4.5850	-11		-4	
918	4.5900	-11		-4	
919	4.5950	-11		-4	
920	4.6000	-10		-4	
921	4.6050	-10		-4	
922	4.6100	-10		-4	
923	4.6150	-10		-4	
924	4.6200	-9		-4	
925	4.6250	-9		-4	
926	4.6300	-8		-4	
927	4.6350	-8		-4	
928	4.6400	-7		-4	
929	4.6450	-7		-4	
930	4.6500	-6		-4	
931	4.6550	-6		-4	
932	4.6600	-5		-4	
933	4.6650	-4		-4	
934	4.6700	-4		-4	
935	4.6750	-3		-4	
936	4.6800	-2		-4	
937	4.6850	-2		-4	
938	4.6900	-1		-4	
939	4.6950	0		-4	
940	4.7000	0		-4	
941	4.7050	1		-4	
942	4.7100	2		-4	
943	4.7150	2		-4	
944	4.7200	3		-4	
945	4.7250	3		-4	
946	4.7300	4		-4	
947	4.7350	4		-4	
948	4.7400	5		-4	
949	4.7450	6		-4	
950	4.7500	6		-4	
951	4.7550	7		-4	
952	4.7600	7		-4	
953	4.7650	8		-4	
954	4.7700	8		-4	
955	4.7750	9		-4	
956	4.7800	9		-4	
957	4.7850	10		-4	
958	4.7900	10		-4	
959	4.7950	10		-4	
960	4.8000	10		-4	
961	4.8050	11		-4	
962	4.8100	11		-4	
963	4.8150	11		-4	
964	4.8200	11		-4	
965	4.8250	11		-4	
966	4.8300	12		-4	
967	4.8350	12		-4	
968	4.8400	12		-4	
969	4.8450	12		-4	
970	4.8500	11		-4	
971	4.8550	11		-4	
972	4.8600	11		-4	
973	4.8650	11		-4	
974	4.8700	10		-4	
975	4.8750	10		-4	
976	4.8800	10		-4	
977	4.8850	10		-4	
978	4.8900	9		-4	
979	4.8950	9		-4	
980	4.9000	8		-4	
981	4.9050	8		-4	
982	4.9100	7		-4	
983	4.9150	7		-4	
984	4.9200	6		-4	
985	4.9250	6		-4	
986	4.9300	5		-4	
987	4.9350	4		-4	
988	4.9400	4		-4	
989	4.9450	3		-4	
990	4.9500	3		-4	
991	4.9550	2		-4	
992	4.9600	1		-4	
993	4.9650	1		-4	
994	4.9700	0		-4	
995	4.9750	-1		-4	
996	4.9800	-1		-4	
997	4.9850	-2		-4	
998	4.9900	-3		-4	
999	4.9950	-3		-4	
1000	5.0000	-4		-4	
1001	5.0050	-4		-4	
1002	5.0100	-5		-4	
1003	5.0150	-6		-4	
1004	5.0200	-6		-4	
1005	5.0250	-7		-4	
1006	5.0300	-7		-4	
1007	5.0350	-8		-4	
1008	5.0400	-8		-4	
1009	5.0450	-9		-4	
1010	5.0500	-9		-4	
1011	5.0550	-10		-4	
1012	5.0600	-10		-4	
1013	5.0650	-10		-4	
1014	5.0700	-10		-4	
1015	5.0750	-11		-4	
1016	5.0800	-11		-4	
1017	5.0850	-11		-4	
1018	5.0900	-11		-4	
1019	5.0950	-12		-4	
1020	5.1000	-12		-4	
1021	5.1050	-12		-4	
1022	5.1100	-12		-4	
1023	5.1150	-12		-4	
1024	5.1200	-12		-4	
1025	5.1250	-12		-4	
1026	5.1300	-11		-4	
1027	5.1350	-11		-4	
1028	5.1400	-11		-4	
1029	5.1450	-11		-4	
1030	5.1500	-10		-4	
1031	5.1550	-10		-4	
1032	5.1600	-10		-4	
1033	5.1650	-9		-4	
1034	5.1700	-9		-4	
1035	5.1750	-8		-4	
1036	5.1800	-8		-4	
1037	5.1850	-8		-4	
1038	5.1900	-7		-4	
1039	5.1950	-6		-4	
1040	5.2000	-6		-4	
1041	5.2050	-5		-4	
1042	5.2100	-5		-4	
1043	5.2150	-4		-4	
1044	5.2200	-4		-4	
1045	5.2250	-3		-4	
1046	5.2300	-2		-4	
1047	5.2350	-2		-4	
1048	5.2400	-1		-4	
1049	5.2450	0		-4	
1050	5.2500	0		-4	
1051	5.2550	1		-4	
1052	5.2600	2		-4	
1053	5.2650	2		-4	
1054	5.2700	3		-4	
1055	5.2750	4		-4	
1056	5.2800	4		-4	
1057	5.2850	5		-4	
1058	5.2900	5		-4	
1059	5.2950	6		-4	
1060	5.3000	6		-4	
1061	5.3050	7		-4	
1062	5.3100	8		-4	
1063	5.3150	8		-4	
1064	5.3200	8		-4	
1065	5.3250	9		-4	
1066	5.3300	9		-4	
1067	5.3350	10		-4	
1068	5.3400	10		-4	
1069	5.3450	10		-4	
1070	5.3500	10		-4	
1071	5.3550	11		-4	
1072	5.3600	11		-4	
1073	5.3650	11		-4	
1074	5.3700	11		-4	
1075	5.3750	11		-4	
1076	5.3800	12		-4	
1077	5.3850	12		-4	
1078	5.3900	12		-4	
1079	5.3950	12		-4	
1080	5.4000	11		-4	
1081	5.4050	11		-4	
1082	5.4100	11		-4	
1083	5.4150	11		-4	
1084	5.4200	10		-4	
1085	5.4250	10		-4	
1086	5.4300	10		-4	
1087	5.4350	10		-4	
1088	5.4400	9		-4	
1089	5.4450	9		-4	
1090	5.4500	8		-4	
1091	5.4550	8		-4	
1092	5.4600	7		-4	
1093	5.4650	7		-4	
1094	5.4700	6		-4	
1095	5.4750	6		-4	
1096	5.4800	5		-4	
1097	5.4850	4		-4	
1098	5.4900	4		-4	
1099	5.4950	3		-4	
1100	5.5000	2		-4	
1101	5.5050	2		-4	
1102	5.5100	1		-4	
1103	5.5150	0		-4	
1104	5.5200	0		-4	
1105	5.5250	-1		-4	
1106	5.5300	-2		-4	
1107	5.5350	-2		-4	
1108	5.5400	-3		-4	
1109	5.5450	-4		-4	
1110	5.5500	-4		-4	
1111	5.5550	-5		-4	
1112	5.5600	-5		-4	
1113	5.5650	-6		-4	
1114	5.5700	-6		-4	
1115	5.5750	-7		-4	
1116	5.5800	-8		-4	
1117	5.5850	-8		-4	
1118	5.5900	-8		-4	
1119	5.5950	-9		-4	
1120	5.6000	-9		-4	
1121	5.6050	-10		-4	
1122	5.6100	-10		-4	
1123	5.6150	-10		-4	
1124	5.6200	-11		-4	
1125	5.6250	-11		-4	
1126	5.6300	-11		-4	
1127	5.6350	-11		-4	
1128	5.6400	-12		-4	
1129	5.6450	-12		-4	
1130	5.6500	-12		-4	
1131	5.6550	-12		-4	
1132	5.6600	-12		-4	
1133	5.6650	-12		-4	
1134	5.6700	-12		-4	
1135	5.6750	-12		-4	
1136	5.6800	-11		-4	
1137	5.6850	-11		-4	
1138	5.6900	-11		-4	
1139	5.6950	-11		-4	
1140	5.7000	-10		-4	
1141	5.7050	-10		-4	
1142	5.7100	-10		-4	
1143	5.7150	-9		-4	
1144	5.7200	-9		-4	
1145	5.7250	-8		-4	
1146	5.7300	-8		-4	
1147	5.7350	-8		-4	
1148	5.7400	-7		-4	
1149	5.7450	-6		-4	
1150	5.7500	-6		-4	
1151	5.7550	-5		-4	
1152	5.7600	-5		-4	
1153	5.7650	-4		-4	
1154	5.7700	-4		-4	
1155	5.7750	-3		-4	
1156	5.7800	-2		-4	
1157	5.7850	-2		-4	
1158	5.7900	-1		-4	
1159	5.7950	0		-4	
1160	5.8000	0		-4	
1161	5.8050	1		-4	
1162	5.8100	2		-4	
1163	5.8150	2		-4	
1164	5.8200	3		-4	
1165	5.8250	4		-4	
1166	5.8300	4		-4	
1167	5.8350	5		-4	
1168	5.8400	6		-4	
1169	5.8450	6		-4	
1170	5.8500	7		-4	
1171	5.8550	7		-4	
1172	5.8600	8		-4	
1173	5.8650	8		-4	
1174	5.8700	9		-4	
1175	5.8750	9		-4	
1176	5.8800	10		-4	
1177	5.8850	10		-4	
1178	5.8900	10		-4	
1179	5.8950	10		-4	
1180	5.9000	11		-4	
1181	5.9050	11		-4	
1182	5.9100	11		-4	
1183	5.9150	11		-4	
1184	5.9200	11		-4	
1185	5.9250	12		-4	
1186	5.9300	12		-4	
1187	5.9350	12		-4	
1188	5.9400	12		-4	
1189	5.9450	11		-4	
1190	5.9500	11		-4	
1191	5.9550	11		-4	
1192	5.9600	11		-4	
1193	5.9650	11		-4	
1194	5.9700	10		-4	
1195	5.9750	10		-4	
1196	5.9800	10		-4	
1197	5.9850	9		-4	
1198	5.9900	9		-4	
1199	5.9950	8		-4	
1200	6.0000	8		-4	
1201	6.0050	8		-4	
1202	6.0100	7		-4	
1203	6.0150	6		-4	
1204	6.0200	6		-4	
1205	6.0250	5		-4	
1206	6.0300	5		-4	
1207	6.0350	4		-4	
1208	6.0400	4		-4	
1209	6.0450	3		-4	
1210	6.0500	2		-4	
1211	6.0550	2		-4	
1212	6.0600	1		-4	
1213	6.0650	0		-4	
1214	6.0700	0		-4	
1215	6.0750	-1		-4	
1216	6.0800	-2		-4	
1217	6.0850	-2		-4	
1218	6.0900	-3		-4	
1219	6.0950	-4		-4	
1220	6.1000	-4		-4	
1221	6.1050	-5		-4	
1222	6.1100	-6		-4	
1223	6.1150	-6		-4	
1224	6.1200	-7		-4	
1225	6.1250	-7		-4	
1226	6.1300	-8		-4	
1227	6.1350	-8		-4	
1228	6.1400	-9		-4	
1229	6.1450	-9		-4	
1230	6.1500	-10		-4	
1231	6.1550	-10		-4	
1232	6.1600	-10		-4	
1233	6.1650	-10		-4	
1234	6.1700	-11		-4	
1235	6.1750	-11		-4	
1236	6.1800	-11		-4	
1237	6.1850	-11		-4	
1238	6.1900	-12		-4	
1239	6.1950	-12		-4	
1240	6.2000	-12		-4	
1241	6.2050	-12		-4	
1242	6.2100	-12		-4	
1243	6.2150	-12		-4	
1244	6.2200	-12		-4	
1245	6.2250	-11		-4	
1246	6.2300	-11		-4	
1247	6.2350	-11		-4	
1248	6.2400	-11		-4	
1249	6.2450	-10		-4	
1250	6.2500	-10		-4	
1251	6.2550	-10		-4	
1252	6.2600	-10		-4	
1253	6.2650	-9		-4	
1254	6.2700	-9		-4	
1255	6.2750	-8		-4	
1256	6.2800	-8		-4	
1257	6.2850	-7		-4	
1258	6.2900	-7		-4	
1259	6.2950	-6		-4	
1260	6.3000	-6		-4	
1261	6.3050	-5		-4	
1262	6.3100	-4		-4	
1263	6.3150	-4		-4	
1264	6.3200	-3		-4	
1265	6.3250	-2		-4	
1266	6.3300	-2		-4	
1267	6.3350	-1		-4	
1268	6.3400	0		-4	
1269	6.3450	0		-4	
1270	6.3500	1		-4	
1271	6.3550	2		-4	
1272	6.3600	2		-4	
1273	6.3650	3		-4	
1274	6.3700	3		-4	
1275	6.3750	4		-4	
1276	6.3800	4		-4	
1277	6.3850	5		-4	
1278	6.3900	6		-4	
1279	6.3950	6		-4	
1280	6.4000	7		-4	
1281	6.4050	8		-4	
1282	6.4100	8		-4	
1283	6.4150	8		-4	
1284	6.4200	9		-4	
1285	6.4250	9		-4	
1286	6.4300	10		-4	
1287	6.4350	10		-4	
1288	6.4400	10		-4	
1289	6.4450	10		-4	
1290	6.4500	11		-4	
1291	6.4550	11		-4	
1292	6.4600	11		-4	
1293	6.4650	11		-4	
1294	6.4700	11		-4	
1295	6.4750	12		-4	
1296	6.4800	12		-4	
1297	6.4850	12		-4	
1298	6.4900	12		-4	
1299	6.4950	11		-4	
1300	6.5000	11		-4	
1301	6.5050	11		-4	
1302	6.5100	11		-4	
1303	6.5150	10		-4	
1304	6.5200	10		-4	
1305	6.5250	10		-4	
1306	6.5300	10		-4	
1307	6.5350	9		-4	
1308	6.5400	9		-4	
1309	6.5450	8		-4	
1310	6.5500	8		-4	
1311	6.5550	7		-4	
1312	6.5600	7		-4	
1313	6.5650	6		-4	
1314	6.5700	6		-4	
1315	6.5750	5		-4	
1316	6.5800	4		-4	
1317	6.5850	4		-4	
1318	6.5900	3		-4	
1319	6.5950	3		-4	
1320	6.6000	2		-4	
1321	6.6050	1		-4	
1322	6.6100	1		-4	
1323	6.6150	0		-4	
1324	6.6200	-1		-4	
1325	6.6250	-1		-4	
1326	6.6300	-2		-4	
1327	6.6350	-3		-4	
1328	6.6400	-3		-4	
1329	6.6450	-4		-4	
1330	6.6500	-4		-4	
1331	6.6550	-5		-4	
1332	6.6600	-6		-4	
1333	6.6650	-6		-4	
1334	6.6700	-7		-4	
1335	6.6750	-7		-4	
1336	6.6800	-8		-4	
1337	6.6850	-8		-4	
1338	6.6900	-9		-4	
1339	6.6950	-9		-4	
1340	6.7000	-10		-4	
1341	6.7050	-10		-4	
1342	6.7100	-10		-4	
1343	6.7150	-10		-4	
1344	6.7200	-11		-4	
1345	6.7250	-11		-4	
1346	6.7300	-11		-4	
1347	6.7350	-12		-4	
1348	6.7400	-12		-4	
1349	6.7450	-12		-4	
1350	6.7500	-12		-4	
1351	6.7550	-12		-4	
1352	6.7600	-12		-4	
1353	6.7650	-12		-4	
1354	6.7700	-12		-4	
1355	6.7750	-11		-4	
1356	6.7800	-11		-4	
1357	6.7850	-11		-4	
1358	6.7900	-11		-4	
1359	6.7950	-10		-4	
1360	6.8000	-10		-4	
1361	6.8050	-10		-4	
1362	6.8100	-9		-4	
1363	6.8150	-9		-4	
1364	6.8200	-8		-4	
1365	6.8250	-8		-4	
1366	6.8300	-8		-4	
1367	6.8350	-7		-4	
1368	6.8400	-6		-4	
1369	6.8450	-6		-4	
1370	6.8500	-6		-4	
1371	6.8550	-5		-4	
1372	6.8600	-4		-4	
1373	6.8650	-4		-4	
1374	6.8700	-3		-4	
1375	6.8750	-2		-4	
1376	6.8800	-2		-4	
1377	6.8850	-1		-4	
1378	6.8900	0		-4	
1379	6.8950	0		-4	
1380	6.9000	1		-4	
1381	6.9050	2		-4	
1382	6.9100	2		-4	
1383	6.9150	3		-4	
1384	6.9200	4		-4	
1385	6.9250	4		-4	
1386	6.9300	5		-4	
1387	6.9350	5		-4	
1388	6.9400	6		-4	
1389	6.9450	6		-4	
1390	6.9500	7		-4	
1391	6.9550	8		-4	
1392	6.9600	8		-4	
1393	6.9650	8		-4	
1394	6.9700	9		-4	
1395	6.9750	9		-4	
1396	6.9800	10		-4	
1397	6.9850	10		-4	
1398	6.9900	10		-4	
1399	6.9950	11		-4	
1400	7.0000	11		-4	
1401	7.0050	11		-4	
1402	7.0100	11		-4	
1403	7.0150	11		-4	
1404	7.0200	12		-4	
1405	7.0250	12		-4	
1406	7.0300	12		-4	
1407	7.0350	12		-4	
1408	7.0400	11		-4	
1409	7.0450	11		-4	
1410	7.0500	11		-4	
1411	7.0550	11		-4	
1412	7.0600	11		-4	
1413	7.0650	10		-4	
1414	7.0700	10		-4	
1415	7.0750	10		-4	
1416	7.0800	10		-4	
1417	7.0850	9		-4	
1418	7.0900	8		-4	
1419	7.0950	8		-4	
1420	7.1000	8		-4	
1421	7.1050	7		-4	
1422	7.1100	6		-4	
1423	7.1150	6		-4	
1424	7.1200	6		-4	
1425	7.1250	5		-4	
1426	7.1300	4		-4	
1427	7.1350	4		-4	
1428	7.1400	3		-4	
1429	7.1450	2		-4	
1430	7.1500	2		-4	
1431	7.1550	1		-4	
1432	7.1600	0		-4	
1433	7.1650	0		-4	
1434	7.1700	-1		-4	
1435	7.1750	-2		-4	
1436	7.1800	-2		-4	
1437	7.1850	-3		-4	
1438	7.1900	-4		-4	
1439	7.1950	-4		-4	
1440	7.2000	-5		-4	
1441	7.2050	-6		-4	
1442	7.2100	-6		-4	
1443	7.2150	-6		-4	
1444	7.2200	-7		-4	
1445	7.2250	-8		-4	
1446	7.2300	-8		-4	
1447	7.2350	-8		-4	
1448	7.2400	-9		-4	
1449	7.2450	-10		-4	
1450	7.2500	-10		-4	
1451	7.2550	-10		-4	
1452	7.2600	-10		-4	
1453	7.2650	-11		-4	
1454	7.2700	-11		-4	
1455	7.2750	-11		-4	
1456	7.2800	-11		-4	
1457	7.2850	-12		-4	
1458	7.2900	-12		-4	
1459	7.2950	-12		-4	
1460	7.3000	-12		-4	
1461	7.3050	-12		-4	
1462	7.3100	-12		-4	
1463	7.3150	-12		-4	
1464	7.3200	-12		-4	
1465	7.3250	-11		-4	
1466	7.3300	-11		-4	
1467	7.3350	-11		-4	
1468	7.3400	-10		-4	
1469	7.3450	-10		-4	
1470	7.3500	-10		-4	
1471	7.3550	-10		-4	
1472	7.3600	-9		-4	
1473	7.3650	-9		-4	
1474	7.3700	-8		-4	
1475	7.3750	-8		-4	
1476	7.3800	-7		-4	
1477	7.3850	-7		-4	
1478	7.3900	-6		-4	
1479	7.3950	-6		-4	
1480	7.4000	-5		-4	
1481	7.4050	-4		-4	
1482	7.4100	-4		-4	
1483	7.4150	-3		-4	
1484	7.4200	-2		-4	
1485	7.4250	-2		-4	
1486	7.4300	-1		-4	
1487	7.4350	-1		-4	
1488	7.4400	0		-4	
1489	7.4450	1		-4	
1490	7.4500	1		-4	
1491	7.4550	2		-4	
1492	7.4600	3		-4	
1493	7.4650	3		-4	
1494	7.4700	4		-4	
1495	7.4750	4		-4	
1496	7.4800	5		-4	
1497	7.4850	6		-4	
1498	7.4900	6		-4	
1499	7.4950	7		-4	
1500	7.5000	7		-4	
1501	7.5050	8		-4	
1502	7.5100	8		-4	
1503	7.5150	9		-4	
1504	7.5200	9		-4	
1505	7.5250	10		-4	
1506	7.5300	10		-4	
1507	7.5350	10		-4	
1508	7.5400	10		-4	
1509	7.5450	11		-4	
1510	7.5500	11		-4	
1511	7.5550	11		-4	
1512	7.5600	11		-4	
1513	7.5650	11		-4	
1514	7.5700	12		-4	
1515	7.5750	12		-4	
1516	7.5800	12		-4	
1517	7.5850	12		-4	
1518	7.5900	11		-4	
1519	7.5950	11		-4	
1520	7.6000	11		-4	
1521	7.6050	11		-4	
1522	7.6100	10		-4	
1523	7.6150	10		-4	
1524	7.6200	10		-4	
1525	7.6250	10		-4	
1526	7.6300	9		-4	
1527	7.6350	9		-4	
1528	7.6400	8		-4	
1529	7.6450	8		-4	
1530	7.6500	7		-4	
1531	7.6550	7		-4	
1532	7.6600	6		-4	
1533	7.6650	6		-4	
1534	7.6700	5		-4	
1535	7.6750	4		-4	
1536	7.6800	4		-4	
1537	7.6850	3		-4	
1538	7.6900	3		-4	
1539	7.6950	2		-4	
1540	7.7000	1		-4	
1541	7.7050	1		-4	
1542	7.7100	0		-4	
1543	7.7150	-1		-4	
1544	7.7200	-1		-4	
1545	7.7250	-2		-4	
1546	7.7300	-3		-4	
1547	7.7350	-3		-4	
1548	7.7400	-4		-4	
1549	7.7450	-4		-4	
1550	7.7500	-5		-4	
1551	7.7550	-6		-4	
1552	7.7600	-6		-4	
1553	7.7650	-7		-4	
1554	7.7700	-7		-4	
1555	7.7750	-8		-4	
1556	7.7800	-8		-4	
1557	7.7850	-9		-4	
1558	7.7900	-9		-4	
1559	7.7950	-10		-4	
1560	7.8000	-10		-4	
1561	7.8050	-10		-4	
1562	7.8100	-10		-4	
1563	7.8150	-11		-4	
1564	7.8200	-11		-4	
1565	7.8250	-11		-4	
1566	7.8300	-12		-4	
1567	7.8350	-12		-4	
1568	7.8400	-12		-4	
1569	7.8450	-12		-4	
1570	7.8500	-12		-4	
1571	7.8550	-12		-4	
1572	7.8600	-12		-4	
1573	7.8650	-12		-4	
1574	7.8700	-11		-4	
1575	7.8750	-11		-4	
1576	7.8800	-11		-4	
1577	7.8850	-11		-4	
1578	7.8900	-10		-4	
1579	7.8950	-10		-4	
1580	7.9000	-10		-4	
1581	7.9050	-9		-4	
1582	7.9100	-9		-4	
1583	7.9150	-8		-4	
1584	7.9200	-8		-4	
1585	7.9250	-8		-4	
1586	7.9300	-7		-4	
1587	7.9350	-6		-4	
1588	7.9400	-6		-4	
1589	7.9450	-5		-4	
1590	7.9500	-5		-4	
1591	7.9550	-4		-4	
1592	7.9600	-4		-4	
1593	7.9650	-3		-4	
1594	7.9700	-2		-4	
1595	7.9750	-2		-4	
1596	7.9800	-1		-4	
1597	7.9850	0		-4	
1598	7.9900	0		-4	
1599	7.9950	1		-4	
1600	8.0000	2		-4	
1601	8.0050	2		-4	
1602	8.0100	3		-4	
1603	8.0150	4		-4	
1604	8.0200	4		-4	
1605	8.0250	5		-4	
1606	8.0300	6		-4	
1607	8.0350	6		-4	
1608	8.0400	6		-4	
1609	8.0450	7		-4	
1610	8.0500	8		-4	
1611	8.0550	8		-4	
1612	8.0600	8		-4	
1613	8.0650	9		-4	
1614	8.0700	9		-4	
1615	8.0750	10		-4	
1616	8.0800	10		-4	
1617	8.0850	10		-4	
1618	8.0900	11		-4	
1619	8.0950	11		-4	
1620	8.1000	11		-4	
1621	8.1050	11		-4	
1622	8.1100	11		-4	
1623	8.1150	12		-4	
1624	8.1200	12		-4	
1625	8.1250	12		-4	
1626	8.1300	12		-4	
1627	8.1350	11		-4	
1628	8.1400	11		-4	
1629	8.1450	11		-4	
1630	8.1500	11		-4	
1631	8.1550	11		-4	
1632	8.1600	10		-4	
1633	8.1650	10		-4	
1634	8.1700	10		-4	
1635	8.1750	9		-4	
1636	8.1800	9		-4	
1637	8.1850	8		-4	
1638	8.1900	8		-4	
1639	8.1950	8		-4	
1640	8.2000	7		-4	
1641	8.2050	6		-4	
1642	8.2100	6		-4	
1643	8.2150	6		-4	
1644	8.2200	5		-4	
1645	8.2250	4		-4	
1646	8.2300	4		-4	
1647	8.2350	3		-4	
1648	8.2400	2		-4	
1649	8.2450	2		-4	
1650	8.2500	1		-4	
1651	8.2550	0		-4	
1652	8.2600	0		-4	
1653	8.2650	-1		-4	
1654	8.2700	-2		-4	
1655	8.2750	-2		-4	
1656	8.2800	-3		-4	
1657	8.2850	-4		-4	
1658	8.2900	-4		-4	
1659	8.2950	-5		-4	
1660	8.3000	-6		-4	
1661	8.3050	-6		-4	
1662	8.3100	-7		-4	
1663	8.3150	-7		-4	
1664	8.3200	-8		-4	
1665	8.3250	-8		-4	
1666	8.3300	-8		-4	
1667	8.3350	-9		-4	
1668	8.3400	-10		-4	
1669	8.3450	-10		-4	
1670	8.3500	-10		-4	
1671	8.3550	-10		-4	
1672	8.3600	-11		-4	
1673	8.3650	-11		-4	
1674	8.3700	-11		-4	
1675	8.3750	-11		-4	
1676	8.3800	-12		-4	
1677	8.3850	-12		-4	
1678	8.3900	-12		-4	
1679	8.3950	-12		-4	
1680	8.4000	-12		-4	
1681	8.4050	-12		-4	
1682	8.4100	-12		-4	
1683	8.4150	-12		-4	
1684	8.4200	-11		-4	
1685	8.4250	-11		-4	
1686	8.4300	-11		-4	
1687	8.4350	-10		-4	
1688	8.4400	-10		-4	
1689	8.4450	-10		-4	
1690	8.4500	-10		-4	
1691	8.4550	-9		-4	
1692	8.4600	-9		-4	
1693	8.4650	-8		-4	
1694	8.4700	-8		-4	
1695	8.4750	-7		-4	
1696	8.4800	-7		-4	
1697	8.4850	-6		-4	
1698	8.4900	-6		-4	
1699	8.4950	-5		-4	
1700	8.5000	-4		-4	
1701	8.5050	-4		-4	
1702	8.5100	-3		-4	
1703	8.5150	-2		-4	
1704	8.5200	-2		-4	
1705	8.5250	-1		-4	
1706	8.5300	0		-4	
1707	8.5350	0		-4	
1708	8.5400	1		-4	
1709	8.5450	2		-4	
1710	8.5500	2		-4	
1711	8.5550	3		-4	
1712	8.5600	3		-4	
1713	8.5650	4		-4	
1714	8.5700	4		-4	
1715	8.5750	5		-4	
1716	8.5800	6		-4	
1717	8.5850	6		-4	
1718	8.5900	7		-4	
1719	8.5950	7		-4	
1720	8.6000	8		-4	
1721	8.6050	8		-4	
1722	8.6100	9		-4	
1723	8.6150	9		-4	
1724	8.6200	10		-4	
1725	8.6250	10		-4	
1726	8.6300	10		-4	
1727	8.6350	10		-4	
1728	8.6400	11		-4	
1729	8.6450	11		-4	
1730	8.6500	11		-4	
1731	8.6550	11		-4	
1732	8.6600	12		-4	
1733	8.6650	12		-4	
1734	8.6700	12		-4	
1735	8.6750	12		-4	
1736	8.6800	12		-4	
1737	8.6850	11		-4	
1738	8.6900	11		-4	
1739	8.6950	11		-4	
1740	8.7000	11		-4	
1741	8.7050	10		-4	
1742	8.7100	10		-4	
1743	8.7150	10		-4	
1744	8.7200	10		-4	
1745	8.7250	9		-4	
1746	8.7300	9		-4	
1747	8.7350	8		-4	
1748	8.7400	8		-4	
1749	8.7450	7		-4	
1750	8.7500	7		-4	
1751	8.7550	6		-4	
1752	8.7600	6		-4	
1753	8.7650	5		-4	
1754	8.7700	4		-4	
1755	8.7750	4		-4	
1756	8.7800	3		-4	
1757	8.7850	2		-4	
1758	8.7900	2		-4	
1759	8.7950	1		-4	
1760	8.8000	1		-4	
1761	8.8050	0		-4	
1762	8.8100	-1		-4	
1763	8.8150	-2		-4	
1764	8.8200	-2		-4	
1765	8.8250	-3		-4	
1766	8.8300	-3		-4	
1767	8.8350	-4		-4	
1768	8.8400	-4		-4	
1769	8.8450	-5		-4	
1770	8.8500	-6		-4	
1771	8.8550	-6		-4	
1772	8.8600	-7		-4	
1773	8.8650	-8		-4	
1774	8.8700	-8		-4	
1775	8.8750	-8		-4	
1776	8.8800	-9		-4	
1777	8.8850	-9		-4	
1778	8.8900	-10		-4	
1779	8.8950	-10		-4	
1780	8.9000	-10		-4	
1781	8.9050	-10		-4	
1782	8.9100	-11		-4	
1783	8.9150	-11		-4	
1784	8.9200	-11		-4	
1785	8.9250	-12		-4	
1786	8.9300	-12		-4	
1787	8.9350	-12		-4	
1788	8.9400	-12		-4	
1789	8.9450	-12		-4	
1790	8.9500	-12		-4	
1791	8.9550	-12		-4	
1792	8.9600	-12		-4	
1793	8.9650	-11		-4	
1794	8.9700	-11		-4	
1795	8.9750	-11		-4	
1796	8.9800	-11		-4	
1797	8.9850	-10		-4	
1798	8.9900	-10		-4	
1799	8.9950	-10		-4	
1800	9.0000	-9		-4	
1801	9.0050	-9		-4	
1802	9.0100	-8		-4	
1803	9.0150	-8		-4	
1804	9.0200	-8		-4	
1805	9.0250	-7		-4	
1806	9.0300	-6		-4	
1807	9.0350	-6		-4	
1808	9.0400	-5		-4	
1809	9.0450	-5		-4	
1810	9.0500	-4		-4	
1811	9.0550	-4		-4	
1812	9.0600	-3		-4	
1813	9.0650	-2		-4	
1814	9.0700	-2		-4	
1815	9.0750	-1		-4	
1816	9.0800	0		-4	
1817	9.0850	0		-4	
1818	9.0900	1		-4	
1819	9.0950	2		-4	
1820	9.1000	2		-4	
1821	9.1050	3		-4	
1822	9.1100	4		-4	
1823	9.1150	4		-4	
1824	9.1200	5		-4	
1825	9.1250	6		-4	
1826	9.1300	6		-4	
1827	9.1350	6		-4	
1828	9.1400	7		-4	
1829	9.1450	8		-4	
1830	9.1500	8		-4	
1831	9.1550	8		-4	
1832	9.1600	9		-4	
1833	9.1650	10		-4	
1834	9.1700	10		-4	
1835	9.1750	10		-4	
1836	9.1800	10		-4	
1837	9.1850	11		-4	
1838	9.1900	11		-4	
1839	9.1950	11		-4	
1840	9.2000	11		-4	
1841	9.2050	11		-4	
1842	9.2100	12		-4	
1843	9.2150	12		-4	
1844	9.2200	12		-4	
1845	9.2250	12		-4	
1846	9.2300	11		-4	
1847	9.2350	11		-4	
1848	9.2400	11		-4	
1849	9.2450	11		-4	
1850	9.2500	11		-4	
1851	9.2550	10		-4	
1852	9.2600	10		-4	
1853	9.2650	10		-4	
1854	9.2700	9		-4	
1855	9.2750	9		-4	
1856	9.2800	8		-4	
1857	9.2850	8		-4	
1858	9.2900	8		-4	
1859	9.2950	7		-4	
1860	9.3000	6		-4	
1861	9.3050	6		-4	
1862	9.3100	5		-4	
1863	9.3150	5		-4	
1864	9.3200	4		-4	
1865	9.3250	4		-4	
1866	9.3300	3		-4	
1867	9.3350	2		-4	
1868	9.3400	2		-4	
1869	9.3450	1		-4	
1870	9.3500	0		-4	
1871	9.3550	0		-4	
1872	9.3600	-1		-4	
1873	9.3650	-2		-4	
1874	9.3700	-2		-4	
1875	9.3750	-3		-4	
1876	9.3800	-4		-4	
1877	9.3850	-4		-4	
1878	9.3900	-5		-4	
1879	9.3950	-6		-4	
1880	9.4000	-6		-4	
1881	9.4050	-7		-4	
1882	9.4100	-7		-4	
1883	9.4150	-8		-4	
1884	9.4200	-8		-4	
1885	9.4250	-9		-4	
1886	9.4300	-9		-4	
1887	9.4350	-10		-4	
1888	9.4400	-10		-4	
1889	9.4450	-10		-4	
1890	9.4500	-10		-4	
1891	9.4550	-11		-4	
1892	9.4600	-11		-4	
1893	9.4650	-11		-4	
1894	9.4700	-11		-4	
1895	9.4750	-12		-4	
1896	9.4800	-12		-4	
1897	9.4850	-12		-4	
1898	9.4900	-12		-4	
1899	9.4950	-12		-4	
1900	9.5000	-12		-4	
1901	9.5050	-12		-4	
1902	9.5100	-11		-4	
1903	9.5150	-11		-4	
1904	9.5200	-11		-4	
1905	9.5250	-11		-4	
1906	9.5300	-10		-4	
1907	9.5350	-10		-4	
1908	9.5400	-10		-4	
1909	9.5450	-10		-4	
1910	9.5500	-9		-4	
1911	9.5550	-9		-4	
1912	9.5600	-8		-4	
1913	9.5650	-8		-4	
1914	9.5700	-7		-4	
1915	9.5750	-7		-4	
1916	9.5800	-6		-4	
1917	9.5850	-6		-4	
1918	9.5900	-5		-4	
1919	9.5950	-4		-4	
1920	9.6000	-4		-4	
1921	9.6050	-3		-4	
1922	9.6100	-2		-4	
1923	9.6150	-2		-4	
1924	9.6200	-1		-4	
1925	9.6250	0		-4	
1926	9.6300	0		-4	
1927	9.6350	1		-4	
1928	9.6400	2		-4	
1929	9.6450	2		-4	
1930	9.6500	3		-4	
1931	9.6550	4		-4	
1932	9.6600	4		-4	
1933	9.6650	5		-4	
1934	9.6700	5		-4	
1935	9.6750	6		-4	
1936	9.6800	6		-4	
1937	9.6850	7		-4	
1938	9.6900	8		-4	
1939	9.6950	8		-4	
1940	9.7000	8		-4	
1941	9.7050	9		-4	
1942	9.7100	9		-4	
1943	9.7150	10		-4	
1944	9.7200	10		-4	
1945	9.7250	10		-4	
1946	9.7300	10		-4	
1947	9.7350	11		-4	
1948	9.7400	11		-4	
1949	9.7450	11		-4	
1950	9.7500	11		-4	
1951	9.7550	12		-4	
1952	9.7600	12		-4	
1953	9.7650	12		-4	
1954	9.7700	12		-4	
1955	9.7750	12		-4	
1956	9.7800	11		-4	
1957	9.7850	11		-4	
1958	9.7900	11		-4	
1959	9.7950	11		-4	
1960	9.8000	10		-4	
1961	9.8050	10		-4	
1962	9.8100	10		-4	
1963	9.8150	10		-4	
1964	9.8200	9		-4	
1965	9.8250	9		-4	
1966	9.8300	8		-4	
1967	9.8350	8		-4	
1968	9.8400	7		-4	
1969	9.8450	7		-4	
1970	9.8500	6		-4	
1971	9.8550	6		-4	
1972	9.8600	5		-4	
1973	9.8650	4		-4	
1974	9.8700	4		-4	
1975	9.8750	3		-4	
1976	9.8800	2		-4	
1977	9.8850	2		-4	
1978	9.8900	1		-4	
1979	9.8950	0		-4	
1980	9.9000	0		-4	
1981	9.9050	-1		-4	
1982	9.9100	-2		-4	
1983	9.9150	-2		-4	
1984	9.9200	-3		-4	
1985	9.9250	-4		-4	
1986	9.9300	-4		-4	
1987	9.9350	-5		-4	
1988	9.9400	-5		-4	
1989	9.9450	-6		-4	
1990	9.9500	-6		-4	
1991	9.9550	-7		-4	
1992	9.9600	-8		-4	
1993	9.9650	-8		-4	
1994	9.9700	-8		-4	
1995	9.9750	-9		-4	
1996	9.9800	-9		-4	
1997	9.9850	-10		-4	
1998	9.9900	-10		-4	
1999	9.9950	-10		-4	
2000	10.0000	-11		-4	
2001	10.0050	-11		-4	
2002	10.0100	-11		-4	
2003	10.0150	-11		-4	
2004	10.0200	-12		-4	
2005	10.0250	-12		-4	
2006	10.0300	-12		-4	
2007	10.0350	-12		-4	
2008	10.0400	-12		-4	
2009	10.0450	-12		-4	
2010	10.0500	-12		-4	
2011	10.0550	-12		-4	
2012	10.0600	-11		-4	
2013	10.0650	-11		-4	
2014	10.0700	-11		-4	
2015	10.0750	-10		-4	
2016	10.0800	-10		-4	
2017	10.0850	-10		-4	
2018	10.0900	-10		-4	
2019	10.0950	-9		-4	
2020	10.1000	-9		-4	
2021	10.1050	-8		-4	
2022	10.1100	-8		-4	
2023	10.1150	-7		-4	
2024	10.1200	-7		-4	
2025	10.1250	-6		-4	
2026	10.1300	-6		-4	
2027	10.1350	-5		-4	
2028	10.1400	-4		-4	
2029	10.1450	-4		-4	
2030	10.1500	-3		-4	
2031	10.1550	-3		-4	
2032	10.1600	-2		-4	
2033	10.1650	-1		-4	
2034	10.1700	-1		-4	
2035	10.1750	0		-4	
2036	10.1800	0		-4	
2037	10.1850	1		-4	
2038	10.1900	2		-4	
2039	10.1950	2		-4	
2040	10.2000	3		-4	
2041	10.2050	4		-4	
2042	10.2100	4		-4	
2043	10.2150	5		-4	
2044	10.2200	6		-4	
2045	10.2250	6		-4	
2046	10.2300	7		-4	
2047	10.2350	7		-4	
2048	10.2400	8		-4	
2049	10.2450	8		-4	
2050	10.2500	9		-4	
2051	10.2550	9		-4	
2052	10.2600	10		-4	
2053	10.2650	10		-4	
2054	10.2700	10		-4	
2055	10.2750	10		-4	
2056	10.2800	11		-4	
2057	10.2850	11		-4	
2058	10.2900	11		-4	
2059	10.2950	11		-4	
2060	10.3000	11		-4	
2061	10.3050	12		-4	
2062	10.3100	12		-4	
2063	10.3150	12		-4	
2064	10.3200	12		-4	
2065	10.3250	11		-4	
2066	10.3300	11		-4	
2067	10.3350	11		-4	
2068	10.3400	11		-4	
2069	10.3450	10		-4	
2070	10.3500	10		-4	
2071	10.3550	10		-4	
2072	10.3600	10		-4	
2073	10.3650	9		-4	
2074	10.3700	9		-4	
2075	10.3750	8		-4	
2076	10.3800	8		-4	
2077	10.3850	8		-4	
2078	10.3900	7		-4	
2079	10.3950	6		-4	
2080	10.4000	6		-4	
2081	10.4050	5		-4	
2082	10.4100	4		-4	
2083	10.4150	4		-4	
2084	10.4200	3		-4	
2085	10.4250	3		-4	
2086	10.4300	2		-4	
2087	10.4350	2		-4	
2088	10.4400	1		-4	
2089	10.4450	0		-4	
2090	10.4500	0		-4	
2091	10.4550	-1		-4	
2092	10.4600	-2		-4	
2093	10.4650	-2		-4	
2094	10.4700	-3		-4	
2095	10.4750	-4		-4	
2096	10.4800	-4		-4	
2097	10.4850	-5		-4	
2098	10.4900	-6		-4	
2099	10.4950	-6		-4	
2100	10.5000	-7		-4	
2101	10.5050	-7		-4	
2102	10.5100	-8		-4	
2103	10.5150	-8		-4	
2104	10.5200	-9		-4	
2105	10.5250	-9		-4	
2106	10.5300	-10		-4	
2107	10.5350	-10		-4	
2108	10.5400	-10		-4	
2109	10.5450	-10		-4	
2110	10.5500	-11		-4	
2111	10.5550	-11		-4	
2112	10.5600	-11		-4	
2113	10.5650	-12		-4	
2114	10.5700	-12		-4	
2115	10.5750	-12		-4	
2116	10.5800	-12		-4	
2117	10.5850	-12		-4	
2118	10.5900	-12		-4	
2119	10.5950	-12		-4	
2120	10.6000	-12		-4	
2121	10.6050	-11		-4	
2122	10.6100	-11		-4	
2123	10.6150	-11		-4	
2124	10.6200	-11		-4	
2125	10.6250	-10		-4	
2126	10.6300	-10		-4	
2127	10.6350	-10		-4	
2128	10.6400	-10		-4	
2129	10.6450	-9		-4	
2130	10.6500	-8		-4	
2131	10.6550	-8		-4	
2132	10.6600	-8		-4	
2133	10.6650	-7		-4	
2134	10.6700	-6		-4	
2135	10.6750	-6		-4	
2136	10.6800	-6		-4	
2137	10.6850	-5		-4	
2138	10.6900	-4		-4	
2139	10.6950	-4		-4	
2140	10.7000	-3		-4	
2141	10.7050	-2		-4	
2142	10.7100	-2		-4	
2143	10.7150	-1		-4	
2144	10.7200	0		-4	
2145	10.7250	0		-4	
2146	10.7300	1		-4	
2147	10.7350	2		-4	
2148	10.7400	2		-4	
2149	10.7450	3		-4	
2150	10.7500	4		-4	
2151	10.7550	4		-4	
2152	10.7600	5		-4	
2153	10.7650	6		-4	
2154	10.7700	6		-4	
2155	10.7750	6		-4	
2156	10.7800	7		-4	
2157	10.7850	8		-4	
2158	10.7900	8		-4	
2159	10.7950	8		-4	
2160	10.8000	9		-4	
2161	10.8050	9		-4	
2162	10.8100	10		-4	
2163	10.8150	10		-4	
2164	10.8200	10		-4	
2165	10.8250	11		-4	
2166	10.8300	11		-4	
2167	10.8350	11		-4	
2168	10.8400	11		-4	
2169	10.8450	11		-4	
2170	10.8500	12		-4	
2171	10.8550	12		-4	
2172	10.8600	12		-4	
2173	10.8650	12		-4	
2174	10.8700	11		-4	
2175	10.8750	11		-4	
2176	10.8800	11		-4	
2177	10.8850	11		-4	
2178	10.8900	11		-4	
2179	10.8950	10		-4	
2180	10.9000	10		-4	
2181	10.9050	10		-4	
2182	10.9100	9		-4	
2183	10.9150	9		-4	
2184	10.9200	8		-4	
2185	10.9250	8		-4	
2186	10.9300	8		-4	
2187	10.9350	7		-4	
2188	10.9400	6		-4	
2189	10.9450	6		-4	
2190	10.9500	6		-4	
2191	10.9550	5		-4	
2192	10.9600	4		-4	
2193	10.9650	4		-4	
2194	10.9700	3		-4	
2195	10.9750	2		-4	
2196	10.9800	2		-4	
2197	10.9850	1		-4	
2198	10.9900	0		-4	
2199	10.9950	0		-4	
2200	11.0000	-1		-4	
2201	11.0050	-2		-4	
2202	11.0100	-2		-4	
2203	11.0150	-3		-4	
2204	11.0200	-4		-4	
2205	11.0250	-4		-4	
2206	11.0300	-5		-4	
2207	11.0350	-6		-4	
2208	11.0400	-6		-4	
2209	11.0450	-7		-4	
2210	11.0500	-7		-4	
2211	11.0550	-8		-4	
2212	11.0600	-8		-4	
2213	11.0650	-9		-4	
2214	11.0700	-9		-4	
2215	11.0750	-10		-4	
2216	11.0800	-10		-4	
2217	11.0850	-10		-4	
2218	11.0900	-10		-4	
2219	11.0950	-11		-4	
2220	11.1000	-11		-4	
2221	11.1050	-11		-4	
2222	11.1100	-11		-4	
2223	11.1150	-12		-4	
2224	11.1200	-12		-4	
2225	11.1250	-12		-4	
2226	11.1300	-12		-4	
2227	11.1350	-12		-4	
2228	11.1400	-12		-4	
2229	11.1450	-12		-4	
2230	11.1500	-11		-4	
2231	11.1550	-11		-4	
2232	11.1600	-11		-4	
2233	11.1650	-11		-4	
2234	11.1700	-10		-4	
2235	11.1750	-10		-4	
2236	11.1800	-10		-4	
2237	11.1850	-10		-4	
2238	11.1900	-9		-4	
2239	11.1950	-9		-4	
2240	11.2000	-8		-4	
2241	11.2050	-8		-4	
2242	11.2100	-7		-4	
2243	11.2150	-7		-4	
2244	11.2200	-6		-4	
2245	11.2250	-6		-4	
2246	11.2300	-5		-4	
2247	11.2350	-4		-4	
2248	11.2400	-4		-4	
2249	11.2450	-3		-4	
2250	11.2500	-2		-4	
2251	11.2550	-2		-4	
2252	11.2600	-1		-4	
2253	11.2650	0		-4	
2254	11.2700	0		-4	
2255	11.2750	1		-4	
2256	11.2800	2		-4	
2257	11.2850	2		-4	
2258	11.2900	3		-4	
2259	11.2950	4		-4	
2260	11.3000	4		-4	
2261	11.3050	5		-4	
2262	11.3100	5		-4	
2263	11.3150	6		-4	
2264	11.3200	6		-4	
2265	11.3250	7		-4	
2266	11.3300	8		-4	
2267	11.3350	8		-4	
2268	11.3400	8		-4	
2269	11.3450	9		-4	
2270	11.3500	9		-4	
2271	11.3550	10		-4	
2272	11.3600	10		-4	
2273	11.3650	10		-4	
2274	11.3700	10		-4	
2275	11.3750	11		-4	
2276	11.3800	11		-4	
2277	11.3850	11		-4	
2278	11.3900	11		-4	
2279	11.3950	11		-4	
2280	11.4000	12		-4	
2281	11.4050	12		-4	
2282	11.4100	12		-4	
2283	11.4150	12		-4	
2284	11.4200	11		-4	
2285	11.4250	11		-4	
2286	11.4300	11		-4	
2287	11.4350	11		-4	
2288	11.4400	10		-4	
2289	11.4450	10		-4	
2290	11.4500	10		-4	
2291	11.4550	10		-4	
2292	11.4600	9		-4	
2293	11.4650	9		-4	
2294	11.4700	8		-4	
2295	11.4750	8		-4	
2296	11.4800	7		-4	
2297	11.4850	7		-4	
2298	11.4900	6		-4	
2299	11.4950	6		-4	
2300	11.5000	5		-4	
2301	11.5050	4		-4	
2302	11.5100	4		-4	
2303	11.5150	3		-4	
2304	11.5200	2		-4	
2305	11.5250	2		-4	
2306	11.5300	1		-4	
2307	11.5350	0		-4	
2308	11.5400	0		-4	
2309	11.5450	-1		-4	
2310	11.5500	-2		-4	
2311	11.5550	-2		-4	
2312	11.5600	-3		-4	
2313	11.5650	-4		-4	
2314	11.5700	-4		-4	
2315	11.5750	-5		-4	
2316	11.5800	-5		-4	
2317	11.5850	-6		-4	
2318	11.5900	-6		-4	
2319	11.5950	-7		-4	
2320	11.6000	-8		-4	
2321	11.6050	-8		-4	
2322	11.6100	-8		-4	
2323	11.6150	-9		-4	
2324	11.6200	-9		-4	
2325	11.6250	-10		-4	
2326	11.6300	-10		-4	
2327	11.6350	-10		-4	
2328	11.6400	-11		-4	
2329	11.6450	-11		-4	
2330	11.6500	-11		-4	
2331	11.6550	-11		-4	
2332	11.6600	-12		-4	
2333	11.6650	-12		-4	
2334	11.6700	-12		-4	
2335	11.6750	-12		-4	
2336	11.6800	-12		-4	
2337	11.6850	-12		-4	
2338	11.6900	-12		-4	
2339	11.6950	-12		-4	
2340	11.7000	-11		-4	
2341	11.7050	-11		-4	
2342	11.7100	-11		-4	
2343	11.7150	-10		-4	
2344	11.7200	-10		-4	
2345	11.7250	-10		-4	
2346	11.7300	-10		-4	
2347	11.7350	-9		-4	
2348	11.7400	-9		-4	
2349	11.7450	-8		-4	
2350	11.7500	-8		-4	
2351	11.7550	-8		-4	
2352	11.7600	-7		-4	
2353	11.7650	-6		-4	
2354	11.7700	-6		-4	
2355	11.7750	-5		-4	
2356	11.7800	-4		-4	
2357	11.7850	-4		-4	
2358	11.7900	-3		-4	
2359	11.7950	-3		-4	
2360	11.8000	-2		-4	
2361	11.8050	-1		-4	
2362	11.8100	-1		-4	
2363	11.8150	0		-4	
2364	11.8200	1		-4	
2365	11.8250	1		-4	
2366	11.8300	2		-4	
2367	11.8350	2		-4	
2368	11.8400	3		-4	
2369	11.8450	4		-4	
2370	11.8500	4		-4	
2371	11.8550	5		-4	
2372	11.8600	6		-4	
2373	11.8650	6		-4	
2374	11.8700	7		-4	
2375	11.8750	7		-4	
2376	11.8800	8		-4	
2377	11.8850	8		-4	
2378	11.8900	9		-4	
2379	11.8950	9		-4	
2380	11.9000	10		-4	
2381	11.9050	10		-4	
2382	11.9100	10		-4	
2383	11.9150	10		-4	
2384	11.9200	11		-4	
2385	11.9250	11		-4	
2386	11.9300	11		-4	
2387	11.9350	11		-4	
2388	11.9400	11		-4	
2389	11.9450	12		-4	
2390	11.9500	12		-4	
2391	11.9550	12		-4	
2392	11.9600	12		-4	
2393	11.9650	11		-4	
2394	11.9700	11		-4	
2395	11.9750	11		-4	
2396	11.9800	11		-4	
2397	11.9850	10		-4	
2398	11.9900	10		-4	
2399	11.9950	10		-4	
2400	12.0000	10		-4	
2401	12.0050	9		-4	
2402	12.0100	9		-4	
2403	12.0150	8		-4	
2404	12.0200	8		-4	
2405	12.0250	8		-4	
2406	12.0300	7		-4	
2407	12.0350	6		-4	
2408	12.0400	6		-4	
2409	12.0450	5		-4	
2410	12.0500	4		-4	
2411	12.0550	4		-4	
2412	12.0600	3		-4	
2413	12.0650	3		-4	
2414	12.0700	2		-4	
2415	12.0750	2		-4	
2416	12.0800	1		-4	
2417	12.0850	0		-4	
2418	12.0900	0		-4	
2419	12.0950	-1		-4	
2420	12.1000	-2		-4	
2421	12.1050	-3		-4	
2422	12.1100	-3		-4	
2423	12.1150	-4		-4	
2424	12.1200	-4		-4	
2425	12.1250	-5		-4	
2426	12.1300	-6		-4	
2427	12.1350	-6		-4	
2428	12.1400	-7		-4	
2429	12.1450	-7		-4	
2430	12.1500	-8		-4	
2431	12.1550	-8		-4	
2432	12.1600	-9		-4	
2433	12.1650	-9		-4	
2434	12.1700	-10		-4	
2435	12.1750	-10		-4	
2436	12.1800	-10		-4	
2437	12.1850	-10		-4	
2438	12.1900	-11		-4	
2439	12.1950	-11		-4	
2440	12.2000	-11		-4	
2441	12.2050	-11		-4	
2442	12.2100	-12		-4	
2443	12.2150	-12		-4	
2444	12.2200	-12		-4	
2445	12.2250	-12		-4	
2446	12.2300	-12		-4	
2447	12.2350	-12		-4	
2448	12.2400	-12		-4	
2449	12.2450	-11		-4	
2450	12.2500	-11		-4	
2451	12.2550	-11		-4	
2452	12.2600	-11		-4	
2453	12.2650	-10		-4	
2454	12.2700	-10		-4	
2455	12.2750	-10		-4	
2456	12.2800	-9		-4	
2457	12.2850	-9		-4	
2458	12.2900	-8		-4	
2459	12.2950	-8		-4	
2460	12.3000	-8		-4	
2461	12.3050	-7		-4	
2462	12.3100	-6		-4	
2463	12.3150	-6		-4	
2464	12.3200	-5		-4	
2465	12.3250	-5		-4	
2466	12.3300	-4		-4	
2467	12.3350	-4		-4	
2468	12.3400	-3		-4	
2469	12.3450	-2		-4	
2470	12.3500	-2		-4	
2471	12.3550	-1		-4	
2472	12.3600	0		-4	
2473	12.3650	0		-4	
2474	12.3700	1		-4	
2475	12.3750	2		-4	
2476	12.3800	2		-4	
2477	12.3850	3		-4	
2478	12.3900	4		-4	
2479	12.3950	4		-4	
2480	12.4000	5		-4	
2481	12.4050	6		-4	
2482	12.4100	6		-4	
2483	12.4150	6		-4	
2484	12.4200	7		-4	
2485	12.4250	8		-4	
2486	12.4300	8		-4	
2487	12.4350	8		-4	
2488	12.4400	9		-4	
2489	12.4450	9		-4	
2490	12.4500	10		-4	
2491	12.4550	10		-4	
2492	12.4600	10		-4	
2493	12.4650	11		-4	
2494	12.4700	11		-4	
2495	12.4750	11		-4	
2496	12.4800	11		-4	
2497	12.4850	11		-4	
2498	12.4900	12		-4	
2499	12.4950	12		-4	
2500	12.5000	12		-4	
2501	12.5050	12		-4	
2502	12.5100	11		-4	
2503	12.5150	11		-4	
2504	12.5200	11		-4	
2505	12.5250	11		-4	
2506	12.5300	11		-4	
2507	12.5350	10		-4	
2508	12.5400	10		-4	
2509	12.5450	10		-4	
2510	12.5500	9		-4	
2511	12.5550	9		-4	
2512	12.5600	8		-4	
2513	12.5650	8		-4	
2514	12.5700	8		-4	
2515	12.5750	7		-4	
2516	12.5800	6		-4	
2517	12.5850	6		-4	
2518	12.5900	6		-4	
2519	12.5950	5		-4	
2520	12.6000	4		-4	
2521	12.6050	4		-4	
2522	12.6100	3		-4	
2523	12.6150	2		-4	
2524	12.6200	2		-4	
2525	12.6250	1		-4	
2526	12.6300	0		-4	
2527	12.6350	0		-4	
2528	12.6400	-1		-4	
2529	12.6450	-2		-4	
2530	12.6500	-2		-4	
2531	12.6550	-3		-4	
2532	12.6600	-4		-4	
2533	12.6650	-4		-4	
2534	12.6700	-5		-4	
2535	12.6750	-6		-4	
2536	12.6800	-6		-4	
2537	12.6850	-6		-4	
2538	12.6900	-7		-4	
2539	12.6950	-8		-4	
2540	12.7000	-8		-4	
2541	12.7050	-9		-4	
2542	12.7100	-9		-4	
2543	12.7150	-10		-4	
2544	12.7200	-10		-4	
2545	12.7250	-10		-4	
2546	12.7300	-10		-4	
2547	12.7350	-11		-4	
2548	12.7400	-11		-4	
2549	12.7450	-11		-4	
2550	12.7500	-11		-4	
2551	12.7550	-12		-4	
2552	12.7600	-12		-4	
2553	12.7650	-12		-4	
2554	12.7700	-12		-4	
2555	12.7750	-12		-4	
2556	12.7800	-12		-4	
2557	12.7850	-12		-4	
2558	12.7900	-11		-4	
2559	12.7950	-11		-4	
2560	12.8000	-11		-4	
2561	12.8050	-11		-4	
2562	12.8100	-10		-4	
2563	12.8150	-10		-4	
2564	12.8200	-10		-4	
2565	12.8250	-10		-4	
2566	12.8300	-9		-4	
2567	12.8350	-9		-4	
2568	12.8400	-8		-4	
2569	12.8450	-8		-4	
2570	12.8500	-7		-4	
2571	12.8550	-7		-4	
2572	12.8600	-6		-4	
2573	12.8650	-6		-4	
2574	12.8700	-5		-4	
2575	12.8750	-4		-4	
2576	12.8800	-4		-4	
2577	12.8850	-3		-4	
2578	12.8900	-2		-4	
2579	12.8950	-2		-4	
2580	12.9000	-1		-4	
2581	12.9050	0		-4	
2582	12.9100	0		-4	
2583	12.9150	1		-4	
2584	12.9200	2		-4	
2585	12.9250	2		-4	
2586	12.9300	3		-4	
2587	12.9350	4		-4	
2588	12.9400	4		-4	
2589	12.9450	5		-4	
2590	12.9500	5		-4	
2591	12.9550	6		-4	
2592	12.9600	6		-4	
2593	12.9650	7		-4	
2594	12.9700	8		-4	
2595	12.9750	8		-4	
2596	12.9800	8		-4	
2597	12.9850	9		-4	
2598	12.9900	9		-4	
2599	12.9950	10		-4	
2600	13.0000	10		-4	
2601	13.0050	10		-4	
2602	13.0100	10		-4	
2603	13.0150	11		-4	
2604	13.0200	11		-4	
2605	13.0250	11		-4	
2606	13.0300	11		-4	
2607	13.0350	12		-4	
2608	13.0400	12		-4	
2609	13.0450	12		-4	
2610	13.0500	12		-4	
2611	13.0550	12		-4	
2612	13.0600	11		-4	
2613	13.0650	11		-4	
2614	13.0700	11		-4	
2615	13.0750	11		-4	
2616	13.0800	10		-4	
2617	13.0850	10		-4	
2618	13.0900	10		-4	
2619	13.0950	10		-4	
2620	13.1000	9		-4	
2621	13.1050	9		-4	
2622	13.1100	8		-4	
2623	13.1150	8		-4	
2624	13.1200	7		-4	
2625	13.1250	7		-4	
2626	13.1300	6		-4	
2627	13.1350	6		-4	
2628	13.1400	5		-4	
2629	13.1450	4		-4	
2630	13.1500	4		-4	
2631	13.1550	3		-4	
2632	13.1600	2		-4	
2633	13.1650	2		-4	
2634	13.1700	1		-4	
2635	13.1750	0		-4	
2636	13.1800	0		-4	
2637	13.1850	-1		-4	
2638	13.1900	-2		-4	
2639	13.1950	-2		-4	
2640	13.2000	-3		-4	
2641	13.2050	-4		-4	
2642	13.2100	-4		-4	
2643	13.2150	-5		-4	
2644	13.2200	-5		-4	
2645	13.2250	-6		-4	
2646	13.2300	-6		-4	
2647	13.2350	-7		-4	
2648	13.2400	-8		-4	
2649	13.2450	-8		-4	
2650	13.2500	-8		-4	
2651	13.2550	-9		-4	
2652	13.2600	-9		-4	
2653	13.2650	-10		-4	
2654	13.2700	-10		-4	
2655	13.2750	-10		-4	
2656	13.2800	-11		-4	
2657	13.2850	-11		-4	
2658	13.2900	-11		-4	
2659	13.2950	-11		-4	
2660	13.3000	-12		-4	
2661	13.3050	-12		-4	
2662	13.3100	-12		-4	
2663	13.3150	-12		-4	
2664	13.3200	-12		-4	
2665	13.3250	-12		-4	
2666	13.3300	-12		-4	
2667	13.3350	-12		-4	
2668	13.3400	-11		-4	
2669	13.3450	-11		-4	
2670	13.3500	-11		-4	
2671	13.3550	-10		-4	
2672	13.3600	-10		-4	
2673	13.3650	-10		-4	
2674	13.3700	-10		-4	
2675	13.3750	-9		-4	
2676	13.3800	-9		-4	
2677	13.3850	-8		-4	
2678	13.3900	-8		-4	
2679	13.3950	-7		-4	
2680	13.4000	-7		-4	
2681	13.4050	-6		-4	
2682	13.4100	-6		-4	
2683	13.4150	-5		-4	
2684	13.4200	-4		-4	
2685	13.4250	-4		-4	
2686	13.4300	-3		-4	
2687	13.4350	-3		-4	
2688	13.4400	-2		-4	
2689	13.4450	-1		-4	
2690	13.4500	-1		-4	
2691	13.4550	0		-4	
2692	13.4600	0		-4	
2693	13.4650	1		-4	
2694	13.4700	2		-4	
2695	13.4750	2		-4	
2696	13.4800	3		-4	
2697	13.4850	4		-4	
2698	13.4900	4		-4	
2699	13.4950	5		-4	
2700	13.5000	6		-4	
2701	13.5050	6		-4	
2702	13.5100	7		-4	
2703	13.5150	7		-4	
2704	13.5200	8		-4	
2705	13.5250	8		-4	
2706	13.5300	9		-4	
2707	13.5350	9		-4	
2708	13.5400	10		-4	
2709	13.5450	10		-4	
2710	13.5500	10		-4	
2711	13.5550	10		-4	
2712	13.5600	11		-4	
2713	13.5650	11		-4	
2714	13.5700	11		-4	
2715	13.5750	11		-4	
2716	13.5800	11		-4	
2717	13.5850	12		-4	
2718	13.5900	12		-4	
2719	13.5950	12		-4	
2720	13.6000	12		-4	
2721	13.6050	11		-4	
2722	13.6100	11		-4	
2723	13.6150	11		-4	
2724	13.6200	11		-4	
2725	13.6250	10		-4	
2726	13.6300	10		-4	
2727	13.6350	10		-4	
2728	13.6400	10		-4	
2729	13.6450	9		-4	
2730	13.6500	9		-4	
2731	13.6550	8		-4	
2732	13.6600	8		-4	
2733	13.6650	7		-4	
2734	13.6700	7		-4	
2735	13.6750	6		-4	
2736	13.6800	6		-4	
2737	13.6850	5		-4	
2738	13.6900	4		-4	
2739	13.6950	4		-4	
2740	13.7000	3		-4	
2741	13.7050	3		-4	
2742	13.7100	2		-4	
2743	13.7150	1		-4	
2744	13.7200	1		-4	
2745	13.7250	0		-4	
2746	13.7300	-1		-4	
2747	13.7350	-1		-4	
2748	13.7400	-2		-4	
2749	13.7450	-3		-4	
2750	13.7500	-3		-4	
2751	13.7550	-4		-4	
2752	13.7600	-4		-4	
2753	13.7650	-5		-4	
2754	13.7700	-6		-4	
2755	13.7750	-6		-4	
2756	13.7800	-7		-4	
2757	13.7850	-7		-4	
2758	13.7900	-8		-4	
2759	13.7950	-8		-4	
2760	13.8000	-9		-4	
2761	13.8050	-9		-4	
2762	13.8100	-10		-4	
2763	13.8150	-10		-4	
2764	13.8200	-10		-4	
2765	13.8250	-10		-4	
2766	13.8300	-11		-4	
2767	13.8350	-11		-4	
2768	13.8400	-11		-4	
2769	13.8450	-11		-4	
2770	13.8500	-12		-4	
2771	13.8550	-12		-4	
2772	13.8600	-12		-4	
2773	13.8650	-12		-4	
2774	13.8700	-12		-4	
2775	13.8750	-12		-4	
2776	13.8800	-12		-4	
2777	13.8850	-11		-4	
2778	13.8900	-11		-4	
2779	13.8950	-11		-4	
2780	13.9000	-11		-4	
2781	13.9050	-10		-4	
2782	13.9100	-10		-4	
2783	13.9150	-10		-4	
2784	13.9200	-9		-4	
2785	13.9250	-9		-4	
2786	13.9300	-8		-4	
2787	13.9350	-8		-4	
2788	13.9400	-8		-4	
2789	13.9450	-7		-4	
2790	13.9500	-6		-4	
2791	13.9550	-6		-4	
2792	13.9600	-5		-4	
2793	13.9650	-5		-4	
2794	13.9700	-4		-4	
2795	13.9750	-4		-4	
2796	13.9800	-3		-4	
2797	13.9850	-2		-4	
2798	13.9900	-2		-4	
2799	13.9950	-1		-4	
2800	14.0000	0		-4	
2801	14.0050	0		-4	
2802	14.0100	1		-4	
2803	14.0150	2		-4	
2804	14.0200	2		-4	
2805	14.0250	3		-4	
2806	14.0300	4		-4	
2807	14.0350	4		-4	
2808	14.0400	5		-4	
2809	14.0450	6		-4	
2810	14.0500	6		-4	
2811	14.0550	7		-4	
2812	14.0600	7		-4	
2813	14.0650	8		-4	
2814	14.0700	8		-4	
2815	14.0750	8		-4	
2816	14.0800	9		-4	
2817	14.0850	10		-4	
2818	14.0900	10		-4	
2819	14.0950	10		-4	
2820	14.1000	10		-4	
2821	14.1050	11		-4	
2822	14.1100	11		-4	
2823	14.1150	11		-4	
2824	14.1200	11		-4	
2825	14.1250	11		-4	
2826	14.1300	12		-4	
2827	14.1350	12		-4	
2828	14.1400	12		-4	
2829	14.1450	12		-4	
2830	14.1500	11		-4	
2831	14.1550	11		-4	
2832	14.1600	11		-4	
2833	14.1650	11		-4	
2834	14.1700	10		-4	
2835	14.1750	10		-4	
2836	14.1800	10		-4	
2837	14.1850	10		-4	
2838	14.1900	9		-4	
2839	14.1950	9		-4	
2840	14.2000	8		-4	
2841	14.2050	8		-4	
2842	14.2100	8		-4	
2843	14.2150	7		-4	
2844	14.2200	6		-4	
2845	14.2250	6		-4	
2846	14.2300	5		-4	
2847	14.2350	5		-4	
2848	14.2400	4		-4	
2849	14.2450	4		-4	
2850	14.2500	3		-4	
2851	14.2550	2		-4	
2852	14.2600	2		-4	
2853	14.2650	1		-4	
2854	14.2700	0		-4	
2855	14.2750	0		-4	
2856	14.2800	-1		-4	
2857	14.2850	-2		-4	
2858	14.2900	-2		-4	
2859	14.2950	-3		-4	
2860	14.3000	-4		-4	
2861	14.3050	-4		-4	
2862	14.3100	-5		-4	
2863	14.3150	-6		-4	
2864	14.3200	-6		-4	
2865	14.3250	-7		-4	
2866	14.3300	-7		-4	
2867	14.3350	-8		-4	
2868	14.3400	-8		-4	
2869	14.3450	-9		-4	
2870	14.3500	-9		-4	
2871	14.3550	-10		-4	
2872	14.3600	-10		-4	
2873	14.3650	-10		-4	
2874	14.3700	-10		-4	
2875	14.3750	-11		-4	
2876	14.3800	-11		-4	
2877	14.3850	-11		-4	
2878	14.3900	-11		-4	
2879	14.3950	-12		-4	
2880	14.4000	-12		-4	
2881	14.4050	-12		-4	
2882	14.4100	-12		-4	
2883	14.4150	-12		-4	
2884	14.4200	-12		-4	
2885	14.4250	-12		-4	
2886	14.4300	-11		-4	
2887	14.4350	-11		-4	
2888	14.4400	-11		-4	
2889	14.4450	-11		-4	
2890	14.4500	-10		-4	
2891	14.4550	-10		-4	
2892	14.4600	-10		-4	
2893	14.4650	-9		-4	
2894	14.4700	-9		-4	
2895	14.4750	-8		-4	
2896	14.4800	-8		-4	
2897	14.4850	-8		-4	
2898	14.4900	-7		-4	
2899	14.4950	-6		-4	
2900	14.5000	-6		-4	
2901	14.5050	-5		-4	
2902	14.5100	-5		-4	
2903	14.5150	-4		-4	
2904	14.5200	-4		-4	
2905	14.5250	-3		-4	
2906	14.5300	-2		-4	
2907	14.5350	-2		-4	
2908	14.5400	-1		-4	
2909	14.5450	0		-4	
2910	14.5500	0		-4	
2911	14.5550	1		-4	
2912	14.5600	2		-4	
2913	14.5650	2		-4	
2914	14.5700	3		-4	
2915	14.5750	4		-4	
2916	14.5800	4		-4	
2917	14.5850	5		-4	
2918	14.5900	5		-4	
2919	14.5950	6		-4	
2920	14.6000	6		-4	
2921	14.6050	7		-4	
2922	14.6100	8		-4	
2923	14.6150	8		-4	
2924	14.6200	8		-4	
2925	14.6250	9		-4	
2926	14.6300	9		-4	
2927	14.6350	10		-4	
2928	14.6400	10		-4	
2929	14.6450	10		-4	
2930	14.6500	11		-4	
2931	14.6550	11		-4	
2932	14.6600	11		-4	
2933	14.6650	11		-4	
2934	14.6700	11		-4	
2935	14.6750	12		-4	
2936	14.6800	12		-4	
2937	14.6850	12		-4	
2938	14.6900	12		-4	
2939	14.6950	11		-4	
2940	14.7000	11		-4	
2941	14.7050	11		-4	
2942	14.7100	11		-4	
2943	14.7150	11		-4	
2944	14.7200	10		-4	
2945	14.7250	10		-3	
2946	14.7300	10		-3	
2947	14.7350	9		-3	
2948	14.7400	9		-3	
2949	14.7450	8		-3	
2950	14.7500	8		-3	
2951	14.7550	8		-3	
2952	14.7600	7		-3	
2953	14.7650	6		-3	
2954	14.7700	6		-3	
2955	14.7750	6		-3	
2956	14.7800	5		-3	
2957	14.7850	4		-3	
2958	14.7900	4		-3	
2959	14.7950	3		-3	
2960	14.8000	2		-3	
2961	14.8050	2		-3	
2962	14.8100	1		-3	
2963	14.8150	0		-3	
2964	14.8200	0		-3	
2965	14.8250	-1		-3	
2966	14.8300	-2		-3	
2967	14.8350	-2		-3	
2968	14.8400	-3		-3	
2969	14.8450	-4		-3	
2970	14.8500	-4		-3	
2971	14.8550	-5		-3	
2972	14.8600	-6		-2	
2973	14.8650	-6		-2	
2974	14.8700	-6		-2	
2975	14.8750	-7		-2	
2976	14.8800	-8		-2	
2977	14.8850	-8		-2	
2978	14.8900	-8		-2	
2979	14.8950	-9		-2	
2980	14.9000	-10		-2	
2981	14.9050	-10		-2	
2982	14.9100	-10		-2	
2983	14.9150	-10		-2	
2984	14.9200	-11		-2	
2985	14.9250	-11		-2	
2986	14.9300	-11		-2	
2987	14.9350	-11		-2	
2988	14.9400	-12		-2	
2989	14.9450	-12		-2	
2990	14.9500	-12		-2	
2991	14.9550	-12		-2	
2992	14.9600	-12		-2	
2993	14.9650	-12		-2	
2994	14.9700	-12		-2	
2995	14.9750	-11		-2	
2996	14.9800	-11		-2	
2997	14.9850	-11		-2	
2998	14.9900	-11		-2	
2999	14.9950	-10		-1	
3000	15.0000	-10		-1	
3001	15.0050	-10		-1	
3002	15.0100	-10		-1	
3003	15.0150	-9		-1	
3004	15.0200	-8		-1	
3005	15.0250	-8		-1	
3006	15.0300	-8		-1	
3007	15.0350	-7		-1	
3008	15.0400	-7		-1	
3009	15.0450	-6		-1	
3010	15.0500	-6		-1	
3011	15.0550	-5		-1	
3012	15.0600	-4		-1	
3013	15.0650	-4		0	
3014	15.0700	-3		0	
3015	15.0750	-2		0	
3016	15.0800	-2		0	
3017	15.0850	-1		0	
3018	15.0900	0		0	
3019	15.0950	0		0	
3020	15.1000	1		0	
3021	15.1050	2		0	
3022	15.1100	2		0	
3023	15.1150	3		0	
3024	15.1200	4		0	
3025	15.1250	4		0	
3026	15.1300	5		0	
3027	15.1350	5		0	
3028	15.1400	6		0	
3029	15.1450	6		0	
3030	15.1500	7		0	
3031	15.1550	7		1	
3032	15.1600	8		1	
3033	15.1650	8		1	
3034	15.1700	9		1	
3035	15.1750	9		1	
3036	15.1800	10		1	
3037	15.1850	10		1	
3038	15.1900	10		1	
3039	15.1950	10		1	
3040	15.2000	11		2	
3041	15.2050	11		2	
3042	15.2100	11		2	
3043	15.2150	11		2	
3044	15.2200	11		2	
3045	15.2250	12		2	
3046	15.2300	12		2	
3047	15.2350	12		2	
3048	15.2400	12		2	
3049	15.2450	11		2	
3050	15.2500	11		2	
3051	15.2550	11		2	
3052	15.2600	11		2	
3053	15.2650	10		2	
3054	15.2700	10		2	
3055	15.2750	10		3	
3056	15.2800	10		3	
3057	15.2850	9		3	
3058	15.2900	9		3	
3059	15.2950	8		3	
3060	15.3000	8		3	
3061	15.3050	7		3	
3062	15.3100	7		3	
3063	15.3150	6		4	
3064	15.3200	6		4	
3065	15.3250	5		4	
3066	15.3300	4		4	
3067	15.3350	4		4	
3068	15.3400	3		4	
3069	15.3450	2		4	
3070	15.3500	2		4	
3071	15.3550	1		4	
3072	15.3600	0		4	
3073	15.3650	0		4	
3074	15.3700	-1		4	
3075	15.3750	-2		4	
3076	15.3800	-2		5	
3077	15.3850	-3		5	
3078	15.3900	-4		5	
3079	15.3950	-4		5	
3080	15.4000	-5		5	
3081	15.4050	-5		5	
3082	15.4100	-6		5	
3083	15.4150	-6		6	
3084	15.4200	-7		6	
3085	15.4250	-8		6	
3086	15.4300	-8		6	
3087	15.4350	-8		6	
3088	15.4400	-9		6	
3089	15.4450	-9		6	
3090	15.4500	-10		6	
3091	15.4550	-10		6	
3092	15.4600	-10		6	
3093	15.4650	-11		6	
3094	15.4700	-11		6	
3095	15.4750	-11		6	
3096	15.4800	-11		7	
3097	15.4850	-11		7	
3098	15.4900	-12		7	
3099	15.4950	-12		7	
3100	15.5000	-12		7	
3101	15.5050	-12		7	
3102	15.5100	-12		7	
3103	15.5150	-12		7	
3104	15.5200	-11		8	
3105	15.5250	-11		8	
3106	15.5300	-11		8	
3107	15.5350	-11		8	
3108	15.5400	-10		8	
3109	15.5450	-10		8	
3110	15.5500	-10		8	
3111	15.5550	-10		8	
3112	15.5600	-9		8	
3113	15.5650	-9		8	
3114	15.5700	-8		8	
3115	15.5750	-8		8	
3116	15.5800	-7		8	
3117	15.5850	-7		8	
3118	15.5900	-6		8	
3119	15.5950	-6		9	
3120	15.6000	-5		9	
3121	15.6050	-4		9	
3122	15.6100	-4		9	
3123	15.6150	-3		9	
3124	15.6200	-3		9	
3125	15.6250	-2		9	
3126	15.6300	-1		9	
3127	15.6350	-1		9	
3128	15.6400	0		9	
3129	15.6450	1		9	
3130	15.6500	1		9	
3131	15.6550	2		9	
3132	15.6600	2		10	
3133	15.6650	3		10	
3134	15.6700	4		10	
3135	15.6750	4		10	
3136	15.6800	5		10	
3137	15.6850	6		10	
3138	15.6900	6		10	
3139	15.6950	7		10	
3140	15.7000	7		10	
3141	15.7050	8		10	
3142	15.7100	8		10	
3143	15.7150	9		10	
3144	15.7200	9		10	
3145	15.7250	10		10	
3146	15.7300	10		10	
3147	15.7350	10		10	
3148	15.7400	10		10	
3149	15.7450	11		10	
3150	15.7500	11		10	
3151	15.7550	11		10	
3152	15.7600	11		10	
3153	15.7650	11		10	
3154	15.7700	12		10	
3155	15.7750	12		10	
3156	15.7800	12		10	
3157	15.7850	12		9	
3158	15.7900	11		9	
3159	15.7950	11		9	
3160	15.8000	11		9	
3161	15.8050	11		9	
3162	15.8100	10		9	
3163	15.8150	10		9	
3164	15.8200	10		9	
3165	15.8250	10		9	
3166	15.8300	9		9	
3167	15.8350	9		8	
3168	15.8400	8		8	
3169	15.8450	8		8	
3170	15.8500	7		8	
3171	15.8550	7		8	
3172	15.8600	6		8	
3173	15.8650	6		8	
3174	15.8700	5		8	
3175	15.8750	4		8	
3176	15.8800	4		7	
3177	15.8850	3		7	
3178	15.8900	3		7	
3179	15.8950	2		7	
3180	15.9000	2		7	
3181	15.9050	1		6	
3182	15.9100	0		6	
3183	15.9150	-1		6	
3184	15.9200	-1		6	
3185	15.9250	-2		6	
3186	15.9300	-3		6	
3187	15.9350	-3		5	
3188	15.9400	-4		5	
3189	15.9450	-4		5	
3190	15.9500	-5		4	
3191	15.9550	-6		4	
3192	15.9600	-6		4	
3193	15.9650	-7		4	
3194	15.9700	-7		4	
3195	15.9750	-8		3	
3196	15.9800	-8		3	
3197	15.9850	-9		3	
3198	15.9900	-9		2	
3199	15.9950	-10		2	
3200	16.0000	-10		2	
