#	time(s)	count A	count B	count C	count D
1	0.0050			54	
2	0.0100			52	
3	0.0150			48	
4	0.0200			46	
5	0.0250			42	
6	0.0300			39	
7	0.0350			36	
8	0.0400			33	
9	0.0450			30	
10	0.0500			26	
11	0.0550			23	
12	0.0600			20	
13	0.0650			17	
14	0.0700			14	
15	0.0750			10	
16	0.0800			7	
17	0.0850			4	
18	0.0900			0	
19	0.0950			-3	
20	0.1000			-6	
21	0.1050			-10	
22	0.1100			-13	
23	0.1150			-16	
24	0.1200			-20	
25	0.1250			-23	
26	0.1300			-26	
27	0.1350			-29	
28	0.1400			-32	
29	0.1450			-35	
30	0.1500			-38	
31	0.1550			-42	
32	0.1600			-44	
33	0.1650			-47	
34	0.1700			-50	
35	0.1750			-53	
36	0.1800			-56	
37	0.1850			-58	
38	0.1900			-61	
39	0.1950			-64	
40	0.2000			-66	
41	0.2050			-68	
42	0.2100			-71	
43	0.2150			-73	
44	0.2200			-75	
45	0.2250			-78	
46	0.2300			-80	
47	0.2350			-82	
48	0.2400			-84	
49	0.2450			-86	
50	0.2500			-87	
51	0.2550			-89	
52	0.2600			-90	
53	0.2650			-92	
54	0.2700			-93	
55	0.2750			-94	
56	0.2800			-96	
57	0.2850			-97	
58	0.2900			-98	
59	0.2950			-99	
60	0.3000			-100	
61	0.3050			-100	
62	0.3100			-101	
63	0.3150			-101	
64	0.3200			-102	
65	0.3250			-102	
66	0.3300			-102	
67	0.3350			-102	
68	0.3400			-102	
69	0.3450			-102	
70	0.3500			-102	
71	0.3550			-102	
72	0.3600			-102	
73	0.3650			-101	
74	0.3700			-101	
75	0.3750			-100	
76	0.3800			-99	
77	0.3850			-98	
78	0.3900			-98	
79	0.3950			-96	
80	0.4000			-96	
81	0.4050			-94	
82	0.4100			-93	
83	0.4150			-91	
84	0.4200			-90	
85	0.4250			-88	
86	0.4300			-86	
87	0.4350			-85	
88	0.4400			-83	
89	0.4450			-81	
90	0.4500			-79	
91	0.4550			-77	
92	0.4600			-75	
93	0.4650			-73	
94	0.4700			-70	
95	0.4750			-68	
96	0.4800			-66	
97	0.4850			-64	
98	0.4900			-61	
99	0.4950			-58	
100	0.5000			-56	
101	0.5050			-53	
102	0.5100			-50	
103	0.5150			-48	
104	0.5200			-45	
105	0.5250			-42	
106	0.5300			-39	
107	0.5350			-36	
108	0.5400			-33	
109	0.5450			-30	
110	0.5500			-27	
111	0.5550			-24	
112	0.5600			-21	
113	0.5650			-18	
114	0.5700			-15	
115	0.5750			-12	
116	0.5800			-9	
117	0.5850			-6	
118	0.5900			-2	
119	0.5950			0	
120	0.6000			4	
121	0.6050			7	
122	0.6100			10	
123	0.6150			13	
124	0.6200			16	
125	0.6250			19	
126	0.6300			22	
127	0.6350			25	
128	0.6400			28	
129	0.6450			31	
130	0.6500			34	
131	0.6550			37	
132	0.6600			40	
133	0.6650			42	
134	0.6700			45	
135	0.6750			48	
136	0.6800			50	
137	0.6850			53	
138	0.6900			56	
139	0.6950			58	
140	0.7000			61	
141	0.7050			63	
142	0.7100			66	
143	0.7150			68	
144	0.7200			70	
145	0.7250			72	
146	0.7300			74	
147	0.7350			76	
148	0.7400			78	
149	0.7450			80	
150	0.7500			82	
151	0.7550			83	
152	0.7600			85	
153	0.7650			86	
154	0.7700			88	
155	0.7750			89	
156	0.7800			90	
157	0.7850			92	
158	0.7900			92	
159	0.7950			94	
160	0.8000			94	
161	0.8050			95	
162	0.8100			96	
163	0.8150			97	
164	0.8200			97	
165	0.8250			98	
166	0.8300			98	
167	0.8350			98	
168	0.8400			98	
169	0.8450			98	
170	0.8500			98	
171	0.8550			98	
172	0.8600			98	
173	0.8650			98	
174	0.8700			98	
175	0.8750			97	
176	0.8800			96	
177	0.8850			96	
178	0.8900			95	
179	0.8950			94	
180	0.9000			93	
181	0.9050			92	
182	0.9100			91	
183	0.9150			90	
184	0.9200			89	
185	0.9250			88	
186	0.9300			86	
187	0.9350			84	
188	0.9400			83	
189	0.9450			81	
190	0.9500			80	
191	0.9550			78	
192	0.9600			76	
193	0.9650			74	
194	0.9700			72	
195	0.9750			70	
196	0.9800			68	
197	0.9850			66	
198	0.9900			63	
199	0.9950			61	
200	1.0000			58	
201	1.0050			56	
202	1.0100			53	
203	1.0150			51	
204	1.0200			48	
205	1.0250			46	
206	1.0300			43	
207	1.0350			40	
208	1.0400			38	
209	1.0450			35	
210	1.0500			32	
211	1.0550			29	
212	1.0600			26	
213	1.0650			24	
214	1.0700			21	
215	1.0750			18	
216	1.0800			15	
217	1.0850			12	
218	1.0900			9	
219	1.0950			6	
220	1.1000			4	
221	1.1050			0	
222	1.1100			-2	
223	1.1150			-6	
224	1.1200			-8	
225	1.1250			-11	
226	1.1300			-14	
227	1.1350			-17	
228	1.1400			-20	
229	1.1450			-23	
230	1.1500			-25	
231	1.1550			-28	
232	1.1600			-31	
233	1.1650			-34	
234	1.1700			-36	
235	1.1750			-39	
236	1.1800			-41	
237	1.1850			-44	
238	1.1900			-46	
239	1.1950			-49	
240	1.2000			-51	
241	1.2050			-54	
242	1.2100			-56	
243	1.2150			-58	
244	1.2200			-60	
245	1.2250			-62	
246	1.2300			-64	
247	1.2350			-66	
248	1.2400			-68	
249	1.2450			-70	
250	1.2500			-72	
251	1.2550			-74	
252	1.2600			-75	
253	1.2650			-77	
254	1.2700			-78	
255	1.2750			-80	
256	1.2800			-81	
257	1.2850			-82	
258	1.2900			-83	
259	1.2950			-84	
260	1.3000			-85	
261	1.3050			-86	
262	1.3100			-87	
263	1.3150			-88	
264	1.3200			-88	
265	1.3250			-89	
266	1.3300			-89	
267	1.3350			-90	
268	1.3400			-90	
269	1.3450			-90	
270	1.3500			-90	
271	1.3550			-90	
272	1.3600			-90	
273	1.3650			-90	
274	1.3700			-90	
275	1.3750			-90	
276	1.3800			-89	
277	1.3850			-89	
278	1.3900			-88	
279	1.3950			-88	
280	1.4000			-87	
281	1.4050			-86	
282	1.4100			-85	
283	1.4150			-84	
284	1.4200			-83	
285	1.4250			-82	
286	1.4300			-80	
287	1.4350			-79	
288	1.4400			-78	
289	1.4450			-76	
290	1.4500			-75	
291	1.4550			-73	
292	1.4600			-72	
293	1.4650			-70	
294	1.4700			-68	
295	1.4750			-66	
296	1.4800			-64	
297	1.4850			-62	
298	1.4900			-60	
299	1.4950			-58	
300	1.5000			-56	
301	1.5050			-54	
302	1.5100			-52	
303	1.5150			-49	
304	1.5200			-47	
305	1.5250			-44	
306	1.5300			-42	
307	1.5350			-40	
308	1.5400			-37	
309	1.5450			-34	
310	1.5500			-32	
311	1.5550			-29	
312	1.5600			-27	
313	1.5650			-24	
314	1.5700			-21	
315	1.5750			-19	
316	1.5800			-16	
317	1.5850			-13	
318	1.5900			-10	
319	1.5950			-8	
320	1.6000			-5	
321	1.6050			-2	
322	1.6100			0	
323	1.6150			3	
324	1.6200			6	
325	1.6250			9	
326	1.6300			11	
327	1.6350			14	
328	1.6400			17	
329	1.6450			19	
330	1.6500			22	
331	1.6550			25	
332	1.6600			27	
333	1.6650			30	
334	1.6700			32	
335	1.6750			35	
336	1.6800			37	
337	1.6850			40	
338	1.6900			42	
339	1.6950			44	
340	1.7000			47	
341	1.7050			49	
342	1.7100			52	
343	1.7150			54	
344	1.7200			56	
345	1.7250			58	
346	1.7300			60	
347	1.7350			62	
348	1.7400			64	
349	1.7450			65	
350	1.7500			67	
351	1.7550			69	
352	1.7600			70	
353	1.7650			72	
354	1.7700			73	
355	1.7750			75	
356	1.7800			76	
357	1.7850			77	
358	1.7900			78	
359	1.7950			80	
360	1.8000			81	
361	1.8050			82	
362	1.8100			83	
363	1.8150			84	
364	1.8200			84	
365	1.8250			85	
366	1.8300			85	
367	1.8350			86	
368	1.8400			86	
369	1.8450			86	
370	1.8500			87	
371	1.8550			87	
372	1.8600			87	
373	1.8650			87	
374	1.8700			87	
375	1.8750			87	
376	1.8800			86	
377	1.8850			86	
378	1.8900			86	
379	1.8950			85	
380	1.9000			85	
381	1.9050			84	
382	1.9100			83	
383	1.9150			82	
384	1.9200			82	
385	1.9250			80	
386	1.9300			80	
387	1.9350			78	
388	1.9400			77	
389	1.9450			76	
390	1.9500			75	
391	1.9550			73	
392	1.9600			72	
393	1.9650			70	
394	1.9700			69	
395	1.9750			67	
396	1.9800			66	
397	1.9850			64	
398	1.9900			62	
399	1.9950			60	
400	2.0000			58	
401	2.0050			56	
402	2.0100			54	
403	2.0150			52	
404	2.0200			50	
405	2.0250			47	
406	2.0300			45	
407	2.0350			43	
408	2.0400			40	
409	2.0450			38	
410	2.0500			36	
411	2.0550			34	
412	2.0600			31	
413	2.0650			29	
414	2.0700			26	
415	2.0750			24	
416	2.0800			21	
417	2.0850			19	
418	2.0900			16	
419	2.0950			14	
420	2.1000			11	
421	2.1050			8	
422	2.1100			6	
423	2.1150			3	
424	2.1200			1	
425	2.1250			-2	
426	2.1300			-4	
427	2.1350			-7	
428	2.1400			-10	
429	2.1450			-12	
430	2.1500			-14	
431	2.1550			-17	
432	2.1600			-20	
433	2.1650			-22	
434	2.1700			-24	
435	2.1750			-27	
436	2.1800			-29	
437	2.1850			-32	
438	2.1900			-34	
439	2.1950			-36	
440	2.2000			-38	
441	2.2050			-40	
442	2.2100			-43	
443	2.2150			-45	
444	2.2200			-47	
445	2.2250			-49	
446	2.2300			-51	
447	2.2350			-53	
448	2.2400			-54	
449	2.2450			-56	
450	2.2500			-58	
451	2.2550			-60	
452	2.2600			-61	
453	2.2650			-63	
454	2.2700			-64	
455	2.2750			-66	
456	2.2800			-67	
457	2.2850			-68	
458	2.2900			-70	
459	2.2950			-71	
460	2.3000			-72	
461	2.3050			-73	
462	2.3100			-74	
463	2.3150			-75	
464	2.3200			-76	
465	2.3250			-76	
466	2.3300			-77	
467	2.3350			-78	
468	2.3400			-78	
469	2.3450			-78	
470	2.3500			-79	
471	2.3550			-79	
472	2.3600			-79	
473	2.3650			-79	
474	2.3700			-79	
475	2.3750			-79	
476	2.3800			-79	
477	2.3850			-79	
478	2.3900			-79	
479	2.3950			-78	
480	2.4000			-78	
481	2.4050			-78	
482	2.4100			-77	
483	2.4150			-76	
484	2.4200			-76	
485	2.4250			-75	
486	2.4300			-74	
487	2.4350			-73	
488	2.4400			-72	
489	2.4450			-71	
490	2.4500			-70	
491	2.4550			-68	
492	2.4600			-67	
493	2.4650			-66	
494	2.4700			-64	
495	2.4750			-63	
496	2.4800			-61	
497	2.4850			-60	
498	2.4900			-58	
499	2.4950			-56	
500	2.5000			-55	
501	2.5050			-53	
502	2.5100			-51	
503	2.5150			-49	
504	2.5200			-47	
505	2.5250			-45	
506	2.5300			-43	
507	2.5350			-41	
508	2.5400			-39	
509	2.5450			-37	
510	2.5500			-35	
511	2.5550			-32	
512	2.5600			-30	
513	2.5650			-28	
514	2.5700			-26	
515	2.5750			-24	
516	2.5800			-21	
517	2.5850			-19	
518	2.5900			-16	
519	2.5950			-14	
520	2.6000			-12	
521	2.6050			-9	
522	2.6100			-7	
523	2.6150			-4	
524	2.6200			-2	
525	2.6250			0	
526	2.6300			3	
527	2.6350			5	
528	2.6400			8	
529	2.6450			10	
530	2.6500			12	
531	2.6550			15	
532	2.6600			17	
533	2.6650			19	
534	2.6700			22	
535	2.6750			24	
536	2.6800			26	
537	2.6850			28	
538	2.6900			31	
539	2.6950			33	
540	2.7000			35	
541	2.7050			37	
542	2.7100			40	
543	2.7150			42	
544	2.7200			44	
545	2.7250			45	
546	2.7300			47	
547	2.7350			49	
548	2.7400			51	
549	2.7450			53	
550	2.7500			54	
551	2.7550			56	
552	2.7600			58	
553	2.7650			59	
554	2.7700			60	
555	2.7750			62	
556	2.7800			63	
557	2.7850			65	
558	2.7900			66	
559	2.7950			67	
560	2.8000			68	
561	2.8050			69	
562	2.8100			70	
563	2.8150			71	
564	2.8200			72	
565	2.8250			73	
566	2.8300			74	
567	2.8350			74	
568	2.8400			75	
569	2.8450			75	
570	2.8500			76	
571	2.8550			76	
572	2.8600			76	
573	2.8650			76	
574	2.8700			77	
575	2.8750			77	
576	2.8800			77	
577	2.8850			77	
578	2.8900			76	
579	2.8950			76	
580	2.9000			76	
581	2.9050			76	
582	2.9100			75	
583	2.9150			75	
584	2.9200			74	
585	2.9250			74	
586	2.9300			73	
587	2.9350			72	
588	2.9400			71	
589	2.9450			70	
590	2.9500			69	
591	2.9550			68	
592	2.9600			67	
593	2.9650			66	
594	2.9700			65	
595	2.9750			64	
596	2.9800			62	
597	2.9850			61	
598	2.9900			59	
599	2.9950			58	
600	3.0000			56	
601	3.0050			54	
602	3.0100			53	
603	3.0150			51	
604	3.0200			50	
605	3.0250			48	
606	3.0300			46	
607	3.0350			44	
608	3.0400			42	
609	3.0450			40	
610	3.0500			38	
611	3.0550			36	
612	3.0600			34	
613	3.0650			32	
614	3.0700			30	
615	3.0750			28	
616	3.0800			26	
617	3.0850			24	
618	3.0900			21	
619	3.0950			19	
620	3.1000			17	
621	3.1050			14	
622	3.1100			12	
623	3.1150			10	
624	3.1200			8	
625	3.1250			5	
626	3.1300			3	
627	3.1350			1	
628	3.1400			-2	
629	3.1450			-4	
630	3.1500			-6	
631	3.1550			-8	
632	3.1600			-10	
633	3.1650			-12	
634	3.1700			-15	
635	3.1750			-17	
636	3.1800			-19	
637	3.1850			-21	
638	3.1900			-23	
639	3.1950			-25	
640	3.2000			-28	
641	3.2050			-30	
642	3.2100			-32	
643	3.2150			-34	
644	3.2200			-36	
645	3.2250			-37	
646	3.2300			-39	
647	3.2350			-41	
648	3.2400			-43	
649	3.2450			-44	
650	3.2500			-46	
651	3.2550			-48	
652	3.2600			-50	
653	3.2650			-51	
654	3.2700			-52	
655	3.2750			-54	
656	3.2800			-55	
657	3.2850			-56	
658	3.2900			-58	
659	3.2950			-59	
660	3.3000			-60	
661	3.3050			-61	
662	3.3100			-62	
663	3.3150			-63	
664	3.3200			-64	
665	3.3250			-65	
666	3.3300			-66	
667	3.3350			-66	
668	3.3400			-67	
669	3.3450			-68	
670	3.3500			-68	
671	3.3550			-68	
672	3.3600			-69	
673	3.3650			-69	
674	3.3700			-70	
675	3.3750			-70	
676	3.3800			-70	
677	3.3850			-70	
678	3.3900			-70	
679	3.3950			-70	
680	3.4000			-70	
681	3.4050			-69	
682	3.4100			-69	
683	3.4150			-68	
684	3.4200			-68	
685	3.4250			-68	
686	3.4300			-67	
687	3.4350			-66	
688	3.4400			-66	
689	3.4450			-65	
690	3.4500			-64	
691	3.4550			-63	
692	3.4600			-62	
693	3.4650			-61	
694	3.4700			-60	
695	3.4750			-59	
696	3.4800			-58	
697	3.4850			-57	
698	3.4900			-56	
699	3.4950			-54	
700	3.5000			-53	
701	3.5050			-51	
702	3.5100			-50	
703	3.5150			-48	
704	3.5200			-46	
705	3.5250			-45	
706	3.5300			-43	
707	3.5350			-42	
708	3.5400			-40	
709	3.5450			-38	
710	3.5500			-36	
711	3.5550			-34	
712	3.5600			-32	
713	3.5650			-30	
714	3.5700			-29	
715	3.5750			-27	
716	3.5800			-25	
717	3.5850			-23	
718	3.5900			-21	
719	3.5950			-18	
720	3.6000			-16	
721	3.6050			-14	
722	3.6100			-12	
723	3.6150			-10	
724	3.6200			-8	
725	3.6250			-6	
726	3.6300			-4	
727	3.6350			-2	
728	3.6400			0	
729	3.6450			2	
730	3.6500			5	
731	3.6550			7	
732	3.6600			9	
733	3.6650			11	
734	3.6700			13	
735	3.6750			15	
736	3.6800			17	
737	3.6850			19	
738	3.6900			21	
739	3.6950			23	
740	3.7000			25	
741	3.7050			27	
742	3.7100			29	
743	3.7150			31	
744	3.7200			33	
745	3.7250			35	
746	3.7300			36	
747	3.7350			38	
748	3.7400			40	
749	3.7450			42	
750	3.7500			43	
751	3.7550			45	
752	3.7600			46	
753	3.7650			48	
754	3.7700			49	
755	3.7750			51	
756	3.7800			52	
757	3.7850			53	
758	3.7900			55	
759	3.7950			56	
760	3.8000			57	
761	3.8050			58	
762	3.8100			59	
763	3.8150			60	
764	3.8200			61	
765	3.8250			62	
766	3.8300			63	
767	3.8350			64	
768	3.8400			64	
769	3.8450			65	
770	3.8500			66	
771	3.8550			66	
772	3.8600			66	
773	3.8650			67	
774	3.8700			67	
775	3.8750			67	
776	3.8800			68	
777	3.8850			68	
778	3.8900			68	
779	3.8950			68	
780	3.9000			68	
781	3.9050			68	
782	3.9100			67	
783	3.9150			67	
784	3.9200			67	
785	3.9250			66	
786	3.9300			66	
787	3.9350			65	
788	3.9400			65	
789	3.9450			64	
790	3.9500			64	
791	3.9550			63	
792	3.9600			62	
793	3.9650			61	
794	3.9700			60	
795	3.9750			59	
796	3.9800			58	
797	3.9850			57	
798	3.9900			56	
799	3.9950			55	
800	4.0000			54	
801	4.0050			52	
802	4.0100			51	
803	4.0150			50	
804	4.0200			48	
805	4.0250			47	
806	4.0300			45	
807	4.0350			44	
808	4.0400			42	
809	4.0450			40	
810	4.0500			39	
811	4.0550			37	
812	4.0600			36	
813	4.0650			34	
814	4.0700			32	
815	4.0750			30	
816	4.0800			28	
817	4.0850			26	
818	4.0900			24	
819	4.0950			23	
820	4.1000			21	
821	4.1050			19	
822	4.1100			17	
823	4.1150			15	
824	4.1200			13	
825	4.1250			11	
826	4.1300			9	
827	4.1350			7	
828	4.1400			5	
829	4.1450			3	
830	4.1500			1	
831	4.1550			-1	
832	4.1600			-3	
833	4.1650			-5	
834	4.1700			-7	
835	4.1750			-9	
836	4.1800			-11	
837	4.1850			-13	
838	4.1900			-15	
839	4.1950			-16	
840	4.2000			-18	
841	4.2050			-20	
842	4.2100			-22	
843	4.2150			-24	
844	4.2200			-26	
845	4.2250			-28	
846	4.2300			-29	
847	4.2350			-31	
848	4.2400			-33	
849	4.2450			-34	
850	4.2500			-36	
851	4.2550			-38	
852	4.2600			-39	
853	4.2650			-40	
854	4.2700			-42	
855	4.2750			-43	
856	4.2800			-45	
857	4.2850			-46	
858	4.2900			-47	
859	4.2950			-48	
860	4.3000			-50	
861	4.3050			-51	
862	4.3100			-52	
863	4.3150			-53	
864	4.3200			-54	
865	4.3250			-55	
866	4.3300			-56	
867	4.3350			-56	
868	4.3400			-57	
869	4.3450			-58	
870	4.3500			-58	
871	4.3550			-59	
872	4.3600			-59	
873	4.3650			-60	
874	4.3700			-60	
875	4.3750			-60	
876	4.3800			-61	
877	4.3850			-61	
878	4.3900			-61	
879	4.3950			-61	
880	4.4000			-61	
881	4.4050			-61	
882	4.4100			-61	
883	4.4150			-61	
884	4.4200			-61	
885	4.4250			-60	
886	4.4300			-60	
887	4.4350			-60	
888	4.4400			-59	
889	4.4450			-59	
890	4.4500			-58	
891	4.4550			-58	
892	4.4600			-57	
893	4.4650			-56	
894	4.4700			-56	
895	4.4750			-55	
896	4.4800			-54	
897	4.4850			-53	
898	4.4900			-52	
899	4.4950			-51	
900	4.5000			-50	
901	4.5050			-48	
902	4.5100			-47	
903	4.5150			-46	
904	4.5200			-45	
905	4.5250			-44	
906	4.5300			-42	
907	4.5350			-41	
908	4.5400			-40	
909	4.5450			-38	
910	4.5500			-36	
911	4.5550			-35	
912	4.5600			-33	
913	4.5650			-32	
914	4.5700			-30	
915	4.5750			-28	
916	4.5800			-27	
917	4.5850			-25	
918	4.5900			-23	
919	4.5950			-22	
920	4.6000			-20	
921	4.6050			-18	
922	4.6100			-16	
923	4.6150			-14	
924	4.6200			-12	
925	4.6250			-10	
926	4.6300			-9	
927	4.6350			-7	
928	4.6400			-5	
929	4.6450			-3	
930	4.6500			-1	
931	4.6550			0	
932	4.6600			2	
933	4.6650			4	
934	4.6700			6	
935	4.6750			8	
936	4.6800			10	
937	4.6850			12	
938	4.6900			14	
939	4.6950			15	
940	4.7000			17	
941	4.7050			19	
942	4.7100			21	
943	4.7150			22	
944	4.7200			24	
945	4.7250			26	
946	4.7300			28	
947	4.7350			29	
948	4.7400			31	
949	4.7450			32	
950	4.7500			34	
951	4.7550			35	
952	4.7600			37	
953	4.7650			38	
954	4.7700			40	
955	4.7750			41	
956	4.7800			42	
957	4.7850			44	
958	4.7900			45	
959	4.7950			46	
960	4.8000			47	
961	4.8050			48	
962	4.8100			50	
963	4.8150			50	
964	4.8200			52	
965	4.8250			52	
966	4.8300			53	
967	4.8350			54	
968	4.8400			55	
969	4.8450			56	
970	4.8500			56	
971	4.8550			57	
972	4.8600			57	
973	4.8650			58	
974	4.8700			58	
975	4.8750			58	
976	4.8800			59	
977	4.8850			59	
978	4.8900			59	
979	4.8950			60	
980	4.9000			60	
981	4.9050			60	
982	4.9100			60	
983	4.9150			60	
984	4.9200			60	
985	4.9250			59	
986	4.9300			59	
987	4.9350			59	
988	4.9400			58	
989	4.9450			58	
990	4.9500			58	
991	4.9550			57	
992	4.9600			57	
993	4.9650			56	
994	4.9700			56	
995	4.9750			55	
996	4.9800			54	
997	4.9850			53	
998	4.9900			52	
999	4.9950			52	
1000	5.0000			50	
1001	5.0050			50	
1002	5.0100			48	
1003	5.0150			47	
1004	5.0200			46	
1005	5.0250			45	
1006	5.0300			44	
1007	5.0350			42	
1008	5.0400			41	
1009	5.0450			40	
1010	5.0500			38	
1011	5.0550			37	
1012	5.0600			36	
1013	5.0650			34	
1014	5.0700			33	
1015	5.0750			31	
1016	5.0800			30	
1017	5.0850			28	
1018	5.0900			27	
1019	5.0950			25	
1020	5.1000			24	
1021	5.1050			22	
1022	5.1100			20	
1023	5.1150			18	
1024	5.1200			16	
1025	5.1250			15	
1026	5.1300			13	
1027	5.1350			11	
1028	5.1400			10	
1029	5.1450			8	
1030	5.1500			6	
1031	5.1550			4	
1032	5.1600			3	
1033	5.1650			1	
1034	5.1700			-1	
1035	5.1750			-2	
1036	5.1800			-4	
1037	5.1850			-6	
1038	5.1900			-8	
1039	5.1950			-10	
1040	5.2000			-11	
1041	5.2050			-13	
1042	5.2100			-14	
1043	5.2150			-16	
1044	5.2200			-18	
1045	5.2250			-20	
1046	5.2300			-21	
1047	5.2350			-23	
1048	5.2400			-24	
1049	5.2450			-26	
1050	5.2500			-27	
1051	5.2550			-29	
1052	5.2600			-30	
1053	5.2650			-32	
1054	5.2700			-33	
1055	5.2750			-34	
1056	5.2800			-36	
1057	5.2850			-37	
1058	5.2900			-38	
1059	5.2950			-39	
1060	5.3000			-40	
1061	5.3050			-42	
1062	5.3100			-43	
1063	5.3150			-44	
1064	5.3200			-45	
1065	5.3250			-46	
1066	5.3300			-46	
1067	5.3350			-47	
1068	5.3400			-48	
1069	5.3450			-49	
1070	5.3500			-50	
1071	5.3550			-50	
1072	5.3600			-51	
1073	5.3650			-51	
1074	5.3700			-52	
1075	5.3750			-52	
1076	5.3800			-52	
1077	5.3850			-53	
1078	5.3900			-53	
1079	5.3950			-54	
1080	5.4000			-54	
1081	5.4050			-54	
1082	5.4100			-54	
1083	5.4150			-54	
1084	5.4200			-54	
1085	5.4250			-54	
1086	5.4300			-54	
1087	5.4350			-54	
1088	5.4400			-53	
1089	5.4450			-53	
1090	5.4500			-52	
1091	5.4550			-52	
1092	5.4600			-52	
1093	5.4650			-51	
1094	5.4700			-51	
1095	5.4750			-50	
1096	5.4800			-50	
1097	5.4850			-49	
1098	5.4900			-48	
1099	5.4950			-47	
1100	5.5000			-46	
1101	5.5050			-46	
1102	5.5100			-45	
1103	5.5150			-44	
1104	5.5200			-43	
1105	5.5250			-42	
1106	5.5300			-40	
1107	5.5350			-40	
1108	5.5400			-38	
1109	5.5450			-37	
1110	5.5500			-36	
1111	5.5550			-35	
1112	5.5600			-33	
1113	5.5650			-32	
1114	5.5700			-31	
1115	5.5750			-29	
1116	5.5800			-28	
1117	5.5850			-26	
1118	5.5900			-25	
1119	5.5950			-24	
1120	5.6000			-22	
1121	5.6050			-20	
1122	5.6100			-19	
1123	5.6150			-17	
1124	5.6200			-16	
1125	5.6250			-14	
1126	5.6300			-12	
1127	5.6350			-11	
1128	5.6400			-9	
1129	5.6450			-8	
1130	5.6500			-6	
1131	5.6550			-4	
1132	5.6600			-3	
1133	5.6650			-1	
1134	5.6700			0	
1135	5.6750			2	
1136	5.6800			4	
1137	5.6850			6	
1138	5.6900			7	
1139	5.6950			9	
1140	5.7000			10	
1141	5.7050			12	
1142	5.7100			14	
1143	5.7150			15	
1144	5.7200			17	
1145	5.7250			18	
1146	5.7300			20	
1147	5.7350			21	
1148	5.7400			23	
1149	5.7450			24	
1150	5.7500			26	
1151	5.7550			27	
1152	5.7600			28	
1153	5.7650			30	
1154	5.7700			31	
1155	5.7750			32	
1156	5.7800			34	
1157	5.7850			35	
1158	5.7900			36	
1159	5.7950			38	
1160	5.8000			38	
1161	5.8050			40	
1162	5.8100			41	
1163	5.8150			42	
1164	5.8200			43	
1165	5.8250			44	
1166	5.8300			44	
1167	5.8350			46	
1168	5.8400			46	
1169	5.8450			47	
1170	5.8500			48	
1171	5.8550			48	
1172	5.8600			49	
1173	5.8650			50	
1174	5.8700			50	
1175	5.8750			51	
1176	5.8800			51	
1177	5.8850			52	
1178	5.8900			52	
1179	5.8950			52	
1180	5.9000			52	
1181	5.9050			52	
1182	5.9100			53	
1183	5.9150			53	
1184	5.9200			53	
1185	5.9250			53	
1186	5.9300			53	
1187	5.9350			53	
1188	5.9400			53	
1189	5.9450			52	
1190	5.9500			52	
1191	5.9550			52	
1192	5.9600			52	
1193	5.9650			51	
1194	5.9700			51	
1195	5.9750			50	
1196	5.9800			50	
1197	5.9850			49	
1198	5.9900			48	
1199	5.9950			48	
1200	6.0000			47	
1201	6.0050			46	
1202	6.0100			46	
1203	6.0150			45	
1204	6.0200			44	
1205	6.0250			43	
1206	6.0300			42	
1207	6.0350			41	
1208	6.0400			40	
1209	6.0450			39	
1210	6.0500			38	
1211	6.0550			37	
1212	6.0600			36	
1213	6.0650			34	
1214	6.0700			33	
1215	6.0750			32	
1216	6.0800			31	
1217	6.0850			29	
1218	6.0900			28	
1219	6.0950			27	
1220	6.1000			25	
1221	6.1050			24	
1222	6.1100			22	
1223	6.1150			21	
1224	6.1200			20	
1225	6.1250			18	
1226	6.1300			16	
1227	6.1350			15	
1228	6.1400			14	
1229	6.1450			12	
1230	6.1500			10	
1231	6.1550			9	
1232	6.1600			7	
1233	6.1650			6	
1234	6.1700			4	
1235	6.1750			3	
1236	6.1800			1	
1237	6.1850			0	
1238	6.1900			-2	
1239	6.1950			-4	
1240	6.2000			-5	
1241	6.2050			-7	
1242	6.2100			-8	
1243	6.2150			-10	
1244	6.2200			-11	
1245	6.2250			-12	
1246	6.2300			-14	
1247	6.2350			-16	
1248	6.2400			-17	
1249	6.2450			-18	
1250	6.2500			-20	
1251	6.2550			-21	
1252	6.2600			-22	
1253	6.2650			-24	
1254	6.2700			-25	
1255	6.2750			-26	
1256	6.2800			-28	
1257	6.2850			-29	
1258	6.2900			-30	
1259	6.2950			-31	
1260	6.3000			-32	
1261	6.3050			-34	
1262	6.3100			-34	
1263	6.3150			-36	
1264	6.3200			-36	
1265	6.3250			-37	
1266	6.3300			-38	
1267	6.3350			-39	
1268	6.3400			-40	
1269	6.3450			-41	
1270	6.3500			-42	
1271	6.3550			-42	
1272	6.3600			-43	
1273	6.3650			-44	
1274	6.3700			-44	
1275	6.3750			-44	
1276	6.3800			-45	
1277	6.3850			-46	
1278	6.3900			-46	
1279	6.3950			-46	
1280	6.4000			-46	
1281	6.4050			-47	
1282	6.4100			-47	
1283	6.4150			-47	
1284	6.4200			-47	
1285	6.4250			-48	
1286	6.4300			-48	
1287	6.4350			-48	
1288	6.4400			-47	
1289	6.4450			-47	
1290	6.4500			-47	
1291	6.4550			-47	
1292	6.4600			-47	
1293	6.4650			-46	
1294	6.4700			-46	
1295	6.4750			-46	
1296	6.4800			-45	
1297	6.4850			-45	
1298	6.4900			-44	
1299	6.4950			-44	
1300	6.5000			-43	
1301	6.5050			-42	
1302	6.5100			-42	
1303	6.5150			-41	
1304	6.5200			-40	
1305	6.5250			-40	
1306	6.5300			-38	
1307	6.5350			-38	
1308	6.5400			-37	
1309	6.5450			-36	
1310	6.5500			-35	
1311	6.5550			-34	
1312	6.5600			-33	
1313	6.5650			-32	
1314	6.5700			-31	
1315	6.5750			-30	
1316	6.5800			-28	
1317	6.5850			-27	
1318	6.5900			-26	
1319	6.5950			-25	
1320	6.6000			-23	
1321	6.6050			-22	
1322	6.6100			-21	
1323	6.6150			-19	
1324	6.6200			-18	
1325	6.6250			-17	
1326	6.6300			-15	
1327	6.6350			-14	
1328	6.6400			-12	
1329	6.6450			-11	
1330	6.6500			-10	
1331	6.6550			-8	
1332	6.6600			-7	
1333	6.6650			-6	
1334	6.6700			-4	
1335	6.6750			-2	
1336	6.6800			-1	
1337	6.6850			0	
1338	6.6900			2	
1339	6.6950			3	
1340	6.7000			5	
1341	6.7050			6	
1342	6.7100			8	
1343	6.7150			9	
1344	6.7200			10	
1345	6.7250			12	
1346	6.7300			13	
1347	6.7350			15	
1348	6.7400			16	
1349	6.7450			18	
1350	6.7500			19	
1351	6.7550			20	
1352	6.7600			21	
1353	6.7650			23	
1354	6.7700			24	
1355	6.7750			25	
1356	6.7800			26	
1357	6.7850			28	
1358	6.7900			29	
1359	6.7950			30	
1360	6.8000			31	
1361	6.8050			32	
1362	6.8100			33	
1363	6.8150			34	
1364	6.8200			35	
1365	6.8250			36	
1366	6.8300			37	
1367	6.8350			38	
1368	6.8400			38	
1369	6.8450			40	
1370	6.8500			40	
1371	6.8550			41	
1372	6.8600			42	
1373	6.8650			42	
1374	6.8700			43	
1375	6.8750			43	
1376	6.8800			44	
1377	6.8850			44	
1378	6.8900			45	
1379	6.8950			45	
1380	6.9000			46	
1381	6.9050			46	
1382	6.9100			46	
1383	6.9150			46	
1384	6.9200			46	
1385	6.9250			46	
1386	6.9300			47	
1387	6.9350			47	
1388	6.9400			47	
1389	6.9450			47	
1390	6.9500			47	
1391	6.9550			46	
1392	6.9600			46	
1393	6.9650			46	
1394	6.9700			46	
1395	6.9750			46	
1396	6.9800			45	
1397	6.9850			45	
1398	6.9900			44	
1399	6.9950			44	
1400	7.0000			44	
1401	7.0050			43	
1402	7.0100			42	
1403	7.0150			42	
1404	7.0200			41	
1405	7.0250			40	
1406	7.0300			40	
1407	7.0350			39	
1408	7.0400			38	
1409	7.0450			37	
1410	7.0500			36	
1411	7.0550			36	
1412	7.0600			34	
1413	7.0650			34	
1414	7.0700			33	
1415	7.0750			32	
1416	7.0800			30	
1417	7.0850			30	
1418	7.0900			28	
1419	7.0950			27	
1420	7.1000			26	
1421	7.1050			25	
1422	7.1100			24	
1423	7.1150			22	
1424	7.1200			21	
1425	7.1250			20	
1426	7.1300			19	
1427	7.1350			17	
1428	7.1400			16	
1429	7.1450			15	
1430	7.1500			14	
1431	7.1550			12	
1432	7.1600			11	
1433	7.1650			10	
1434	7.1700			8	
1435	7.1750			7	
1436	7.1800			5	
1437	7.1850			4	
1438	7.1900			3	
1439	7.1950			1	
1440	7.2000			0	
1441	7.2050			-2	
1442	7.2100			-3	
1443	7.2150			-4	
1444	7.2200			-6	
1445	7.2250			-7	
1446	7.2300			-8	
1447	7.2350			-10	
1448	7.2400			-11	
1449	7.2450			-12	
1450	7.2500			-13	
1451	7.2550			-15	
1452	7.2600			-16	
1453	7.2650			-17	
1454	7.2700			-18	
1455	7.2750			-20	
1456	7.2800			-21	
1457	7.2850			-22	
1458	7.2900			-23	
1459	7.2950			-24	
1460	7.3000			-25	
1461	7.3050			-26	
1462	7.3100			-27	
1463	7.3150			-28	
1464	7.3200			-29	
1465	7.3250			-30	
1466	7.3300			-31	
1467	7.3350			-32	
1468	7.3400			-33	
1469	7.3450			-34	
1470	7.3500			-34	
1471	7.3550			-35	
1472	7.3600			-36	
1473	7.3650			-36	
1474	7.3700			-37	
1475	7.3750			-38	
1476	7.3800			-38	
1477	7.3850			-39	
1478	7.3900			-39	
1479	7.3950			-40	
1480	7.4000			-40	
1481	7.4050			-40	
1482	7.4100			-41	
1483	7.4150			-41	
1484	7.4200			-41	
1485	7.4250			-42	
1486	7.4300			-42	
1487	7.4350			-42	
1488	7.4400			-42	
1489	7.4450			-42	
1490	7.4500			-42	
1491	7.4550			-42	
1492	7.4600			-42	
1493	7.4650			-42	
1494	7.4700			-41	
1495	7.4750			-41	
1496	7.4800			-41	
1497	7.4850			-40	
1498	7.4900			-40	
1499	7.4950			-40	
1500	7.5000			-40	
1501	7.5050			-39	
1502	7.5100			-38	
1503	7.5150			-38	
1504	7.5200			-37	
1505	7.5250			-37	
1506	7.5300			-36	
1507	7.5350			-36	
1508	7.5400			-35	
1509	7.5450			-34	
1510	7.5500			-33	
1511	7.5550			-32	
1512	7.5600			-32	
1513	7.5650			-31	
1514	7.5700			-30	
1515	7.5750			-29	
1516	7.5800			-28	
1517	7.5850			-27	
1518	7.5900			-26	
1519	7.5950			-25	
1520	7.6000			-24	
1521	7.6050			-23	
1522	7.6100			-22	
1523	7.6150			-20	
1524	7.6200			-20	
1525	7.6250			-18	
1526	7.6300			-17	
1527	7.6350			-16	
1528	7.6400			-15	
1529	7.6450			-14	
1530	7.6500			-12	
1531	7.6550			-11	
1532	7.6600			-10	
1533	7.6650			-9	
1534	7.6700			-7	
1535	7.6750			-6	
1536	7.6800			-5	
1537	7.6850			-4	
1538	7.6900			-2	
1539	7.6950			-1	
1540	7.7000			0	
1541	7.7050			2	
1542	7.7100			3	
1543	7.7150			4	
1544	7.7200			6	
1545	7.7250			7	
1546	7.7300			8	
1547	7.7350			9	
1548	7.7400			10	
1549	7.7450			12	
1550	7.7500			13	
1551	7.7550			14	
1552	7.7600			15	
1553	7.7650			16	
1554	7.7700			18	
1555	7.7750			19	
1556	7.7800			20	
1557	7.7850			21	
1558	7.7900			22	
1559	7.7950			23	
1560	7.8000			24	
1561	7.8050			25	
1562	7.8100			26	
1563	7.8150			27	
1564	7.8200			28	
1565	7.8250			29	
1566	7.8300			30	
1567	7.8350			31	
1568	7.8400			32	
1569	7.8450			32	
1570	7.8500			33	
1571	7.8550			34	
1572	7.8600			35	
1573	7.8650			36	
1574	7.8700			36	
1575	7.8750			37	
1576	7.8800			37	
1577	7.8850			38	
1578	7.8900			38	
1579	7.8950			39	
1580	7.9000			39	
1581	7.9050			40	
1582	7.9100			40	
1583	7.9150			40	
1584	7.9200			40	
1585	7.9250			41	
1586	7.9300			41	
1587	7.9350			41	
1588	7.9400			41	
1589	7.9450			41	
1590	7.9500			42	
1591	7.9550			42	
1592	7.9600			42	
1593	7.9650			42	
1594	7.9700			41	
1595	7.9750			41	
1596	7.9800			41	
1597	7.9850			41	
1598	7.9900			40	
1599	7.9950			40	
1600	8.0000			40	
1601	8.0050			40	
1602	8.0100			39	
1603	8.0150			39	
1604	8.0200			38	
1605	8.0250			38	
1606	8.0300			37	
1607	8.0350			36	
1608	8.0400			36	
1609	8.0450			35	
1610	8.0500			34	
1611	8.0550			34	
1612	8.0600			33	
1613	8.0650			32	
1614	8.0700			32	
1615	8.0750			31	
1616	8.0800			30	
1617	8.0850			29	
1618	8.0900			28	
1619	8.0950			27	
1620	8.1000			26	
1621	8.1050			25	
1622	8.1100			24	
1623	8.1150			23	
1624	8.1200			22	
1625	8.1250			21	
1626	8.1300			20	
1627	8.1350			19	
1628	8.1400			18	
1629	8.1450			17	
1630	8.1500			16	
1631	8.1550			14	
1632	8.1600			13	
1633	8.1650			12	
1634	8.1700			11	
1635	8.1750			10	
1636	8.1800			9	
1637	8.1850			8	
1638	8.1900			6	
1639	8.1950			5	
1640	8.2000			4	
1641	8.2050			2	
1642	8.2100			2	
1643	8.2150			0	
1644	8.2200			-1	
1645	8.2250			-2	
1646	8.2300			-3	
1647	8.2350			-4	
1648	8.2400			-6	
1649	8.2450			-7	
1650	8.2500			-8	
1651	8.2550			-9	
1652	8.2600			-10	
1653	8.2650			-12	
1654	8.2700			-12	
1655	8.2750			-14	
1656	8.2800			-15	
1657	8.2850			-16	
1658	8.2900			-17	
1659	8.2950			-18	
1660	8.3000			-19	
1661	8.3050			-20	
1662	8.3100			-21	
1663	8.3150			-22	
1664	8.3200			-23	
1665	8.3250			-24	
1666	8.3300			-25	
1667	8.3350			-26	
1668	8.3400			-26	
1669	8.3450			-27	
1670	8.3500			-28	
1671	8.3550			-28	
1672	8.3600			-29	
1673	8.3650			-30	
1674	8.3700			-31	
1675	8.3750			-31	
1676	8.3800			-32	
1677	8.3850			-32	
1678	8.3900			-33	
1679	8.3950			-34	
1680	8.4000			-34	
1681	8.4050			-34	
1682	8.4100			-35	
1683	8.4150			-35	
1684	8.4200			-36	
1685	8.4250			-36	
1686	8.4300			-36	
1687	8.4350			-36	
1688	8.4400			-36	
1689	8.4450			-36	
1690	8.4500			-36	
1691	8.4550			-37	
1692	8.4600			-37	
1693	8.4650			-37	
1694	8.4700			-36	
1695	8.4750			-36	
1696	8.4800			-36	
1697	8.4850			-36	
1698	8.4900			-36	
1699	8.4950			-36	
1700	8.5000			-36	
1701	8.5050			-35	
1702	8.5100			-35	
1703	8.5150			-34	
1704	8.5200			-34	
1705	8.5250			-34	
1706	8.5300			-33	
1707	8.5350			-33	
1708	8.5400			-32	
1709	8.5450			-32	
1710	8.5500			-31	
1711	8.5550			-30	
1712	8.5600			-30	
1713	8.5650			-29	
1714	8.5700			-28	
1715	8.5750			-28	
1716	8.5800			-27	
1717	8.5850			-26	
1718	8.5900			-26	
1719	8.5950			-24	
1720	8.6000			-24	
1721	8.6050			-23	
1722	8.6100			-22	
1723	8.6150			-21	
1724	8.6200			-20	
1725	8.6250			-19	
1726	8.6300			-18	
1727	8.6350			-17	
1728	8.6400			-16	
1729	8.6450			-15	
1730	8.6500			-14	
1731	8.6550			-13	
1732	8.6600			-12	
1733	8.6650			-11	
1734	8.6700			-10	
1735	8.6750			-9	
1736	8.6800			-8	
1737	8.6850			-6	
1738	8.6900			-5	
1739	8.6950			-4	
1740	8.7000			-3	
1741	8.7050			-2	
1742	8.7100			-1	
1743	8.7150			0	
1744	8.7200			2	
1745	8.7250			3	
1746	8.7300			4	
1747	8.7350			5	
1748	8.7400			6	
1749	8.7450			7	
1750	8.7500			8	
1751	8.7550			9	
1752	8.7600			10	
1753	8.7650			12	
1754	8.7700			12	
1755	8.7750			14	
1756	8.7800			15	
1757	8.7850			16	
1758	8.7900			17	
1759	8.7950			18	
1760	8.8000			19	
1761	8.8050			20	
1762	8.8100			21	
1763	8.8150			22	
1764	8.8200			22	
1765	8.8250			23	
1766	8.8300			24	
1767	8.8350			25	
1768	8.8400			26	
1769	8.8450			27	
1770	8.8500			28	
1771	8.8550			28	
1772	8.8600			29	
1773	8.8650			30	
1774	8.8700			30	
1775	8.8750			31	
1776	8.8800			32	
1777	8.8850			32	
1778	8.8900			32	
1779	8.8950			33	
1780	8.9000			34	
1781	8.9050			34	
1782	8.9100			34	
1783	8.9150			35	
1784	8.9200			35	
1785	8.9250			36	
1786	8.9300			36	
1787	8.9350			36	
1788	8.9400			36	
1789	8.9450			36	
1790	8.9500			36	
1791	8.9550			36	
1792	8.9600			37	
1793	8.9650			37	
1794	8.9700			37	
1795	8.9750			37	
1796	8.9800			37	
1797	8.9850			37	
1798	8.9900			36	
1799	8.9950			36	
1800	9.0000			36	
1801	9.0050			36	
1802	9.0100			36	
1803	9.0150			35	
1804	9.0200			35	
1805	9.0250			35	
1806	9.0300			34	
1807	9.0350			34	
1808	9.0400			33	
1809	9.0450			33	
1810	9.0500			32	
1811	9.0550			32	
1812	9.0600			31	
1813	9.0650			31	
1814	9.0700			30	
1815	9.0750			30	
1816	9.0800			29	
1817	9.0850			28	
1818	9.0900			27	
1819	9.0950			27	
1820	9.1000			26	
1821	9.1050			25	
1822	9.1100			24	
1823	9.1150			23	
1824	9.1200			22	
1825	9.1250			22	
1826	9.1300			21	
1827	9.1350			20	
1828	9.1400			19	
1829	9.1450			18	
1830	9.1500			17	
1831	9.1550			16	
1832	9.1600			15	
1833	9.1650			14	
1834	9.1700			13	
1835	9.1750			12	
1836	9.1800			11	
1837	9.1850			10	
1838	9.1900			9	
1839	9.1950			8	
1840	9.2000			7	
1841	9.2050			6	
1842	9.2100			4	
1843	9.2150			4	
1844	9.2200			2	
1845	9.2250			2	
1846	9.2300			0	
1847	9.2350			-1	
1848	9.2400			-2	
1849	9.2450			-3	
1850	9.2500			-4	
1851	9.2550			-5	
1852	9.2600			-6	
1853	9.2650			-7	
1854	9.2700			-8	
1855	9.2750			-9	
1856	9.2800			-10	
1857	9.2850			-11	
1858	9.2900			-12	
1859	9.2950			-13	
1860	9.3000			-14	
1861	9.3050			-15	
1862	9.3100			-16	
1863	9.3150			-17	
1864	9.3200			-18	
1865	9.3250			-18	
1866	9.3300			-19	
1867	9.3350			-20	
1868	9.3400			-21	
1869	9.3450			-22	
1870	9.3500			-22	
1871	9.3550			-23	
1872	9.3600			-24	
1873	9.3650			-24	
1874	9.3700			-25	
1875	9.3750			-26	
1876	9.3800			-26	
1877	9.3850			-27	
1878	9.3900			-28	
1879	9.3950			-28	
1880	9.4000			-28	
1881	9.4050			-29	
1882	9.4100			-30	
1883	9.4150			-30	
1884	9.4200			-30	
1885	9.4250			-30	
1886	9.4300			-31	
1887	9.4350			-31	
1888	9.4400			-31	
1889	9.4450			-32	
1890	9.4500			-32	
1891	9.4550			-32	
1892	9.4600			-32	
1893	9.4650			-32	
1894	9.4700			-32	
1895	9.4750			-32	
1896	9.4800			-32	
1897	9.4850			-32	
1898	9.4900			-32	
1899	9.4950			-32	
1900	9.5000			-32	
1901	9.5050			-32	
1902	9.5100			-32	
1903	9.5150			-31	
1904	9.5200			-31	
1905	9.5250			-31	
1906	9.5300			-30	
1907	9.5350			-30	
1908	9.5400			-30	
1909	9.5450			-29	
1910	9.5500			-29	
1911	9.5550			-28	
1912	9.5600			-28	
1913	9.5650			-28	
1914	9.5700			-27	
1915	9.5750			-26	
1916	9.5800			-26	
1917	9.5850			-25	
1918	9.5900			-24	
1919	9.5950			-24	
1920	9.6000			-23	
1921	9.6050			-22	
1922	9.6100			-22	
1923	9.6150			-21	
1924	9.6200			-20	
1925	9.6250			-19	
1926	9.6300			-18	
1927	9.6350			-18	
1928	9.6400			-17	
1929	9.6450			-16	
1930	9.6500			-15	
1931	9.6550			-14	
1932	9.6600			-13	
1933	9.6650			-12	
1934	9.6700			-12	
1935	9.6750			-10	
1936	9.6800			-10	
1937	9.6850			-8	
1938	9.6900			-8	
1939	9.6950			-7	
1940	9.7000			-6	
1941	9.7050			-5	
1942	9.7100			-4	
1943	9.7150			-2	
1944	9.7200			-2	
1945	9.7250			0	
1946	9.7300			0	
1947	9.7350			2	
1948	9.7400			2	
1949	9.7450			4	
1950	9.7500			4	
1951	9.7550			5	
1952	9.7600			6	
1953	9.7650			7	
1954	9.7700			8	
1955	9.7750			9	
1956	9.7800			10	
1957	9.7850			11	
1958	9.7900			12	
1959	9.7950			13	
1960	9.8000			14	
1961	9.8050			15	
1962	9.8100			16	
1963	9.8150			16	
1964	9.8200			18	
1965	9.8250			18	
1966	9.8300			19	
1967	9.8350			20	
1968	9.8400			21	
1969	9.8450			22	
1970	9.8500			22	
1971	9.8550			23	
1972	9.8600			24	
1973	9.8650			24	
1974	9.8700			25	
1975	9.8750			26	
1976	9.8800			26	
1977	9.8850			27	
1978	9.8900			27	
1979	9.8950			28	
1980	9.9000			28	
1981	9.9050			29	
1982	9.9100			29	
1983	9.9150			30	
1984	9.9200			30	
1985	9.9250			30	
1986	9.9300			31	
1987	9.9350			31	
1988	9.9400			31	
1989	9.9450			32	
1990	9.9500			32	
1991	9.9550			32	
1992	9.9600			32	
1993	9.9650			32	
1994	9.9700			32	
1995	9.9750			32	
1996	9.9800			32	
1997	9.9850			32	
1998	9.9900			32	
1999	9.9950			32	
2000	10.0000			32	
2001	10.0050			32	
2002	10.0100			32	
2003	10.0150			32	
2004	10.0200			32	
2005	10.0250			32	
2006	10.0300			31	
2007	10.0350			31	
2008	10.0400			31	
2009	10.0450			30	
2010	10.0500			30	
2011	10.0550			30	
2012	10.0600			29	
2013	10.0650			29	
2014	10.0700			28	
2015	10.0750			28	
2016	10.0800			27	
2017	10.0850			27	
2018	10.0900			26	
2019	10.0950			26	
2020	10.1000			25	
2021	10.1050			24	
2022	10.1100			24	
2023	10.1150			23	
2024	10.1200			22	
2025	10.1250			22	
2026	10.1300			21	
2027	10.1350			20	
2028	10.1400			19	
2029	10.1450			18	
2030	10.1500			18	
2031	10.1550			17	
2032	10.1600			16	
2033	10.1650			15	
2034	10.1700			14	
2035	10.1750			14	
2036	10.1800			12	
2037	10.1850			12	
2038	10.1900			11	
2039	10.1950			10	
2040	10.2000			9	
2041	10.2050			8	
2042	10.2100			7	
2043	10.2150			6	
2044	10.2200			5	
2045	10.2250			4	
2046	10.2300			3	
2047	10.2350			2	
2048	10.2400			2	
2049	10.2450			0	
2050	10.2500			0	
2051	10.2550			-1	
2052	10.2600			-2	
2053	10.2650			-3	
2054	10.2700			-4	
2055	10.2750			-5	
2056	10.2800			-6	
2057	10.2850			-7	
2058	10.2900			-8	
2059	10.2950			-9	
2060	10.3000			-10	
2061	10.3050			-10	
2062	10.3100			-11	
2063	10.3150			-12	
2064	10.3200			-13	
2065	10.3250			-14	
2066	10.3300			-14	
2067	10.3350			-15	
2068	10.3400			-16	
2069	10.3450			-17	
2070	10.3500			-18	
2071	10.3550			-18	
2072	10.3600			-19	
2073	10.3650			-20	
2074	10.3700			-20	
2075	10.3750			-21	
2076	10.3800			-22	
2077	10.3850			-22	
2078	10.3900			-23	
2079	10.3950			-23	
2080	10.4000			-24	
2081	10.4050			-24	
2082	10.4100			-25	
2083	10.4150			-25	
2084	10.4200			-26	
2085	10.4250			-26	
2086	10.4300			-26	
2087	10.4350			-27	
2088	10.4400			-27	
2089	10.4450			-27	
2090	10.4500			-28	
2091	10.4550			-28	
2092	10.4600			-28	
2093	10.4650			-28	
2094	10.4700			-28	
2095	10.4750			-28	
2096	10.4800			-28	
2097	10.4850			-28	
2098	10.4900			-28	
2099	10.4950			-28	
2100	10.5000			-28	
2101	10.5050			-28	
2102	10.5100			-28	
2103	10.5150			-28	
2104	10.5200			-28	
2105	10.5250			-28	
2106	10.5300			-28	
2107	10.5350			-28	
2108	10.5400			-27	
2109	10.5450			-27	
2110	10.5500			-27	
2111	10.5550			-26	
2112	10.5600			-26	
2113	10.5650			-26	
2114	10.5700			-25	
2115	10.5750			-25	
2116	10.5800			-24	
2117	10.5850			-24	
2118	10.5900			-23	
2119	10.5950			-23	
2120	10.6000			-22	
2121	10.6050			-22	
2122	10.6100			-21	
2123	10.6150			-20	
2124	10.6200			-20	
2125	10.6250			-19	
2126	10.6300			-18	
2127	10.6350			-18	
2128	10.6400			-17	
2129	10.6450			-16	
2130	10.6500			-16	
2131	10.6550			-15	
2132	10.6600			-14	
2133	10.6650			-13	
2134	10.6700			-12	
2135	10.6750			-12	
2136	10.6800			-11	
2137	10.6850			-10	
2138	10.6900			-9	
2139	10.6950			-8	
2140	10.7000			-8	
2141	10.7050			-7	
2142	10.7100			-6	
2143	10.7150			-5	
2144	10.7200			-4	
2145	10.7250			-3	
2146	10.7300			-2	
2147	10.7350			-2	
2148	10.7400			0	
2149	10.7450			0	
2150	10.7500			1	
2151	10.7550			2	
2152	10.7600			3	
2153	10.7650			4	
2154	10.7700			5	
2155	10.7750			6	
2156	10.7800			6	
2157	10.7850			7	
2158	10.7900			8	
2159	10.7950			9	
2160	10.8000			10	
2161	10.8050			11	
2162	10.8100			12	
2163	10.8150			12	
2164	10.8200			13	
2165	10.8250			14	
2166	10.8300			15	
2167	10.8350			16	
2168	10.8400			16	
2169	10.8450			17	
2170	10.8500			18	
2171	10.8550			18	
2172	10.8600			19	
2173	10.8650			20	
2174	10.8700			20	
2175	10.8750			21	
2176	10.8800			22	
2177	10.8850			22	
2178	10.8900			23	
2179	10.8950			23	
2180	10.9000			24	
2181	10.9050			24	
2182	10.9100			25	
2183	10.9150			25	
2184	10.9200			26	
2185	10.9250			26	
2186	10.9300			26	
2187	10.9350			27	
2188	10.9400			27	
2189	10.9450			27	
2190	10.9500			28	
2191	10.9550			28	
2192	10.9600			28	
2193	10.9650			28	
2194	10.9700			28	
2195	10.9750			28	
2196	10.9800			29	
2197	10.9850			29	
2198	10.9900			29	
2199	10.9950			29	
2200	11.0000			29	
2201	11.0050			29	
2202	11.0100			29	
2203	11.0150			29	
2204	11.0200			29	
2205	11.0250			28	
2206	11.0300			28	
2207	11.0350			28	
2208	11.0400			28	
2209	11.0450			28	
2210	11.0500			28	
2211	11.0550			27	
2212	11.0600			27	
2213	11.0650			27	
2214	11.0700			26	
2215	11.0750			26	
2216	11.0800			26	
2217	11.0850			25	
2218	11.0900			25	
2219	11.0950			24	
2220	11.1000			24	
2221	11.1050			23	
2222	11.1100			23	
2223	11.1150			22	
2224	11.1200			22	
2225	11.1250			21	
2226	11.1300			20	
2227	11.1350			20	
2228	11.1400			19	
2229	11.1450			18	
2230	11.1500			18	
2231	11.1550			17	
2232	11.1600			16	
2233	11.1650			16	
2234	11.1700			15	
2235	11.1750			14	
2236	11.1800			14	
2237	11.1850			13	
2238	11.1900			12	
2239	11.1950			11	
2240	11.2000			10	
2241	11.2050			10	
2242	11.2100			9	
2243	11.2150			8	
2244	11.2200			7	
2245	11.2250			6	
2246	11.2300			6	
2247	11.2350			5	
2248	11.2400			4	
2249	11.2450			3	
2250	11.2500			2	
2251	11.2550			2	
2252	11.2600			1	
2253	11.2650			0	
2254	11.2700			-1	
2255	11.2750			-2	
2256	11.2800			-3	
2257	11.2850			-4	
2258	11.2900			-4	
2259	11.2950			-5	
2260	11.3000			-6	
2261	11.3050			-7	
2262	11.3100			-8	
2263	11.3150			-8	
2264	11.3200			-9	
2265	11.3250			-10	
2266	11.3300			-10	
2267	11.3350			-11	
2268	11.3400			-12	
2269	11.3450			-12	
2270	11.3500			-13	
2271	11.3550			-14	
2272	11.3600			-15	
2273	11.3650			-15	
2274	11.3700			-16	
2275	11.3750			-16	
2276	11.3800			-17	
2277	11.3850			-18	
2278	11.3900			-18	
2279	11.3950			-19	
2280	11.4000			-19	
2281	11.4050			-20	
2282	11.4100			-20	
2283	11.4150			-21	
2284	11.4200			-21	
2285	11.4250			-22	
2286	11.4300			-22	
2287	11.4350			-22	
2288	11.4400			-23	
2289	11.4450			-23	
2290	11.4500			-23	
2291	11.4550			-24	
2292	11.4600			-24	
2293	11.4650			-24	
2294	11.4700			-24	
2295	11.4750			-24	
2296	11.4800			-24	
2297	11.4850			-25	
2298	11.4900			-25	
2299	11.4950			-25	
2300	11.5000			-25	
2301	11.5050			-25	
2302	11.5100			-25	
2303	11.5150			-25	
2304	11.5200			-25	
2305	11.5250			-25	
2306	11.5300			-25	
2307	11.5350			-24	
2308	11.5400			-24	
2309	11.5450			-24	
2310	11.5500			-24	
2311	11.5550			-24	
2312	11.5600			-24	
2313	11.5650			-23	
2314	11.5700			-23	
2315	11.5750			-23	
2316	11.5800			-22	
2317	11.5850			-22	
2318	11.5900			-22	
2319	11.5950			-21	
2320	11.6000			-21	
2321	11.6050			-20	
2322	11.6100			-20	
2323	11.6150			-19	
2324	11.6200			-19	
2325	11.6250			-18	
2326	11.6300			-18	
2327	11.6350			-17	
2328	11.6400			-17	
2329	11.6450			-16	
2330	11.6500			-16	
2331	11.6550			-15	
2332	11.6600			-14	
2333	11.6650			-14	
2334	11.6700			-13	
2335	11.6750			-12	
2336	11.6800			-12	
2337	11.6850			-11	
2338	11.6900			-10	
2339	11.6950			-10	
2340	11.7000			-9	
2341	11.7050			-8	
2342	11.7100			-7	
2343	11.7150			-6	
2344	11.7200			-6	
2345	11.7250			-5	
2346	11.7300			-4	
2347	11.7350			-3	
2348	11.7400			-2	
2349	11.7450			-2	
2350	11.7500			-1	
2351	11.7550			0	
2352	11.7600			0	
2353	11.7650			1	
2354	11.7700			2	
2355	11.7750			3	
2356	11.7800			4	
2357	11.7850			4	
2358	11.7900			5	
2359	11.7950			6	
2360	11.8000			6	
2361	11.8050			8	
2362	11.8100			8	
2363	11.8150			9	
2364	11.8200			10	
2365	11.8250			10	
2366	11.8300			11	
2367	11.8350			12	
2368	11.8400			12	
2369	11.8450			13	
2370	11.8500			14	
2371	11.8550			14	
2372	11.8600			15	
2373	11.8650			16	
2374	11.8700			16	
2375	11.8750			17	
2376	11.8800			18	
2377	11.8850			18	
2378	11.8900			18	
2379	11.8950			19	
2380	11.9000			20	
2381	11.9050			20	
2382	11.9100			21	
2383	11.9150			21	
2384	11.9200			22	
2385	11.9250			22	
2386	11.9300			22	
2387	11.9350			23	
2388	11.9400			23	
2389	11.9450			23	
2390	11.9500			24	
2391	11.9550			24	
2392	11.9600			24	
2393	11.9650			24	
2394	11.9700			25	
2395	11.9750			25	
2396	11.9800			25	
2397	11.9850			25	
2398	11.9900			25	
2399	11.9950			26	
2400	12.0000			26	
2401	12.0050			26	
2402	12.0100			26	
2403	12.0150			26	
2404	12.0200			26	
2405	12.0250			26	
2406	12.0300			26	
2407	12.0350			26	
2408	12.0400			25	
2409	12.0450			25	
2410	12.0500			25	
2411	12.0550			25	
2412	12.0600			25	
2413	12.0650			24	
2414	12.0700			24	
2415	12.0750			24	
2416	12.0800			24	
2417	12.0850			23	
2418	12.0900			23	
2419	12.0950			23	
2420	12.1000			22	
2421	12.1050			22	
2422	12.1100			22	
2423	12.1150			21	
2424	12.1200			21	
2425	12.1250			20	
2426	12.1300			20	
2427	12.1350			19	
2428	12.1400			19	
2429	12.1450			18	
2430	12.1500			18	
2431	12.1550			17	
2432	12.1600			16	
2433	12.1650			16	
2434	12.1700			15	
2435	12.1750			15	
2436	12.1800			14	
2437	12.1850			13	
2438	12.1900			13	
2439	12.1950			12	
2440	12.2000			11	
2441	12.2050			11	
2442	12.2100			10	
2443	12.2150			9	
2444	12.2200			8	
2445	12.2250			8	
2446	12.2300			7	
2447	12.2350			6	
2448	12.2400			6	
2449	12.2450			5	
2450	12.2500			4	
2451	12.2550			4	
2452	12.2600			3	
2453	12.2650			2	
2454	12.2700			2	
2455	12.2750			1	
2456	12.2800			0	
2457	12.2850			-1	
2458	12.2900			-2	
2459	12.2950			-2	
2460	12.3000			-3	
2461	12.3050			-4	
2462	12.3100			-4	
2463	12.3150			-5	
2464	12.3200			-6	
2465	12.3250			-6	
2466	12.3300			-7	
2467	12.3350			-8	
2468	12.3400			-8	
2469	12.3450			-9	
2470	12.3500			-10	
2471	12.3550			-10	
2472	12.3600			-11	
2473	12.3650			-12	
2474	12.3700			-12	
2475	12.3750			-13	
2476	12.3800			-13	
2477	12.3850			-14	
2478	12.3900			-14	
2479	12.3950			-15	
2480	12.4000			-16	
2481	12.4050			-16	
2482	12.4100			-16	
2483	12.4150			-17	
2484	12.4200			-17	
2485	12.4250			-18	
2486	12.4300			-18	
2487	12.4350			-18	
2488	12.4400			-19	
2489	12.4450			-19	
2490	12.4500			-20	
2491	12.4550			-20	
2492	12.4600			-20	
2493	12.4650			-20	
2494	12.4700			-21	
2495	12.4750			-21	
2496	12.4800			-21	
2497	12.4850			-21	
2498	12.4900			-21	
2499	12.4950			-22	
2500	12.5000			-22	
2501	12.5050			-22	
2502	12.5100			-22	
2503	12.5150			-22	
2504	12.5200			-22	
2505	12.5250			-22	
2506	12.5300			-22	
2507	12.5350			-22	
2508	12.5400			-22	
2509	12.5450			-22	
2510	12.5500			-22	
2511	12.5550			-21	
2512	12.5600			-21	
2513	12.5650			-21	
2514	12.5700			-21	
2515	12.5750			-21	
2516	12.5800			-20	
2517	12.5850			-20	
2518	12.5900			-20	
2519	12.5950			-20	
2520	12.6000			-19	
2521	12.6050			-19	
2522	12.6100			-18	
2523	12.6150			-18	
2524	12.6200			-18	
2525	12.6250			-17	
2526	12.6300			-17	
2527	12.6350			-16	
2528	12.6400			-16	
2529	12.6450			-16	
2530	12.6500			-15	
2531	12.6550			-14	
2532	12.6600			-14	
2533	12.6650			-14	
2534	12.6700			-13	
2535	12.6750			-12	
2536	12.6800			-12	
2537	12.6850			-11	
2538	12.6900			-11	
2539	12.6950			-10	
2540	12.7000			-10	
2541	12.7050			-9	
2542	12.7100			-8	
2543	12.7150			-8	
2544	12.7200			-7	
2545	12.7250			-6	
2546	12.7300			-6	
2547	12.7350			-5	
2548	12.7400			-4	
2549	12.7450			-4	
2550	12.7500			-3	
2551	12.7550			-2	
2552	12.7600			-2	
2553	12.7650			-1	
2554	12.7700			0	
2555	12.7750			0	
2556	12.7800			1	
2557	12.7850			2	
2558	12.7900			3	
2559	12.7950			3	
2560	12.8000			4	
2561	12.8050			5	
2562	12.8100			5	
2563	12.8150			6	
2564	12.8200			7	
2565	12.8250			7	
2566	12.8300			8	
2567	12.8350			9	
2568	12.8400			9	
2569	12.8450			10	
2570	12.8500			10	
2571	12.8550			11	
2572	12.8600			12	
2573	12.8650			12	
2574	12.8700			13	
2575	12.8750			14	
2576	12.8800			14	
2577	12.8850			14	
2578	12.8900			15	
2579	12.8950			16	
2580	12.9000			16	
2581	12.9050			16	
2582	12.9100			17	
2583	12.9150			18	
2584	12.9200			18	
2585	12.9250			18	
2586	12.9300			19	
2587	12.9350			19	
2588	12.9400			20	
2589	12.9450			20	
2590	12.9500			20	
2591	12.9550			20	
2592	12.9600			21	
2593	12.9650			21	
2594	12.9700			21	
2595	12.9750			22	
2596	12.9800			22	
2597	12.9850			22	
2598	12.9900			22	
2599	12.9950			22	
2600	13.0000			22	
2601	13.0050			22	
2602	13.0100			22	
2603	13.0150			22	
2604	13.0200			23	
2605	13.0250			23	
2606	13.0300			23	
2607	13.0350			23	
2608	13.0400			23	
2609	13.0450			22	
2610	13.0500			22	
2611	13.0550			22	
2612	13.0600			22	
2613	13.0650			22	
2614	13.0700			22	
2615	13.0750			22	
2616	13.0800			22	
2617	13.0850			22	
2618	13.0900			21	
2619	13.0950			21	
2620	13.1000			21	
2621	13.1050			20	
2622	13.1100			20	
2623	13.1150			20	
2624	13.1200			19	
2625	13.1250			19	
2626	13.1300			19	
2627	13.1350			18	
2628	13.1400			18	
2629	13.1450			18	
2630	13.1500			17	
2631	13.1550			16	
2632	13.1600			16	
2633	13.1650			16	
2634	13.1700			15	
2635	13.1750			14	
2636	13.1800			14	
2637	13.1850			14	
2638	13.1900			13	
2639	13.1950			12	
2640	13.2000			12	
2641	13.2050			11	
2642	13.2100			11	
2643	13.2150			10	
2644	13.2200			10	
2645	13.2250			9	
2646	13.2300			8	
2647	13.2350			8	
2648	13.2400			7	
2649	13.2450			6	
2650	13.2500			6	
2651	13.2550			5	
2652	13.2600			4	
2653	13.2650			4	
2654	13.2700			3	
2655	13.2750			2	
2656	13.2800			2	
2657	13.2850			1	
2658	13.2900			1	
2659	13.2950			0	
2660	13.3000			-1	
2661	13.3050			-1	
2662	13.3100			-2	
2663	13.3150			-3	
2664	13.3200			-3	
2665	13.3250			-4	
2666	13.3300			-4	
2667	13.3350			-5	
2668	13.3400			-6	
2669	13.3450			-6	
2670	13.3500			-7	
2671	13.3550			-8	
2672	13.3600			-8	
2673	13.3650			-8	
2674	13.3700			-9	
2675	13.3750			-10	
2676	13.3800			-10	
2677	13.3850			-11	
2678	13.3900			-11	
2679	13.3950			-12	
2680	13.4000			-12	
2681	13.4050			-13	
2682	13.4100			-13	
2683	13.4150			-14	
2684	13.4200			-14	
2685	13.4250			-14	
2686	13.4300			-15	
2687	13.4350			-15	
2688	13.4400			-16	
2689	13.4450			-16	
2690	13.4500			-16	
2691	13.4550			-16	
2692	13.4600			-17	
2693	13.4650			-17	
2694	13.4700			-17	
2695	13.4750			-18	
2696	13.4800			-18	
2697	13.4850			-18	
2698	13.4900			-18	
2699	13.4950			-18	
2700	13.5000			-18	
2701	13.5050			-19	
2702	13.5100			-19	
2703	13.5150			-19	
2704	13.5200			-19	
2705	13.5250			-19	
2706	13.5300			-19	
2707	13.5350			-19	
2708	13.5400			-19	
2709	13.5450			-19	
2710	13.5500			-19	
2711	13.5550			-19	
2712	13.5600			-19	
2713	13.5650			-19	
2714	13.5700			-19	
2715	13.5750			-18	
2716	13.5800			-18	
2717	13.5850			-18	
2718	13.5900			-18	
2719	13.5950			-18	
2720	13.6000			-18	
2721	13.6050			-17	
2722	13.6100			-17	
2723	13.6150			-17	
2724	13.6200			-16	
2725	13.6250			-16	
2726	13.6300			-16	
2727	13.6350			-16	
2728	13.6400			-15	
2729	13.6450			-15	
2730	13.6500			-14	
2731	13.6550			-14	
2732	13.6600			-14	
2733	13.6650			-13	
2734	13.6700			-12	
2735	13.6750			-12	
2736	13.6800			-12	
2737	13.6850			-11	
2738	13.6900			-11	
2739	13.6950			-10	
2740	13.7000			-10	
2741	13.7050			-9	
2742	13.7100			-8	
2743	13.7150			-8	
2744	13.7200			-8	
2745	13.7250			-7	
2746	13.7300			-6	
2747	13.7350			-6	
2748	13.7400			-5	
2749	13.7450			-4	
2750	13.7500			-4	
2751	13.7550			-4	
2752	13.7600			-3	
2753	13.7650			-2	
2754	13.7700			-2	
2755	13.7750			-1	
2756	13.7800			0	
2757	13.7850			0	
2758	13.7900			1	
2759	13.7950			2	
2760	13.8000			2	
2761	13.8050			3	
2762	13.8100			3	
2763	13.8150			4	
2764	13.8200			4	
2765	13.8250			5	
2766	13.8300			6	
2767	13.8350			6	
2768	13.8400			7	
2769	13.8450			7	
2770	13.8500			8	
2771	13.8550			8	
2772	13.8600			9	
2773	13.8650			10	
2774	13.8700			10	
2775	13.8750			11	
2776	13.8800			11	
2777	13.8850			12	
2778	13.8900			12	
2779	13.8950			12	
2780	13.9000			13	
2781	13.9050			14	
2782	13.9100			14	
2783	13.9150			14	
2784	13.9200			15	
2785	13.9250			15	
2786	13.9300			16	
2787	13.9350			16	
2788	13.9400			16	
2789	13.9450			17	
2790	13.9500			17	
2791	13.9550			17	
2792	13.9600			18	
2793	13.9650			18	
2794	13.9700			18	
2795	13.9750			18	
2796	13.9800			19	
2797	13.9850			19	
2798	13.9900			19	
2799	13.9950			19	
2800	14.0000			20	
2801	14.0050			20	
2802	14.0100			20	
2803	14.0150			20	
2804	14.0200			20	
2805	14.0250			20	
2806	14.0300			20	
2807	14.0350			20	
2808	14.0400			20	
2809	14.0450			20	
2810	14.0500			20	
2811	14.0550			20	
2812	14.0600			20	
2813	14.0650			20	
2814	14.0700			20	
2815	14.0750			20	
2816	14.0800			20	
2817	14.0850			20	
2818	14.0900			19	
2819	14.0950			19	
2820	14.1000			19	
2821	14.1050			19	
2822	14.1100			18	
2823	14.1150			18	
2824	14.1200			18	
2825	14.1250			18	
2826	14.1300			18	
2827	14.1350			17	
2828	14.1400			17	
2829	14.1450			16	
2830	14.1500			16	
2831	14.1550			16	
2832	14.1600			15	
2833	14.1650			15	
2834	14.1700			14	
2835	14.1750			14	
2836	14.1800			14	
2837	14.1850			13	
2838	14.1900			13	
2839	14.1950			12	
2840	14.2000			12	
2841	14.2050			11	
2842	14.2100			11	
2843	14.2150			10	
2844	14.2200			10	
2845	14.2250			9	
2846	14.2300			9	
2847	14.2350			8	
2848	14.2400			8	
2849	14.2450			7	
2850	14.2500			7	
2851	14.2550			6	
2852	14.2600			6	
2853	14.2650			5	
2854	14.2700			4	
2855	14.2750			4	
2856	14.2800			3	
2857	14.2850			3	
2858	14.2900			2	
2859	14.2950			2	
2860	14.3000			1	
2861	14.3050			0	
2862	14.3100			0	
2863	14.3150			-1	
2864	14.3200			-1	
2865	14.3250			-2	
2866	14.3300			-2	
2867	14.3350			-3	
2868	14.3400			-4	
2869	14.3450			-4	
2870	14.3500			-4	
2871	14.3550			-5	
2872	14.3600			-6	
2873	14.3650			-6	
2874	14.3700			-6	
2875	14.3750			-7	
2876	14.3800			-8	
2877	14.3850			-8	
2878	14.3900			-8	
2879	14.3950			-9	
2880	14.4000			-10	
2881	14.4050			-10	
2882	14.4100			-10	
2883	14.4150			-11	
2884	14.4200			-11	
2885	14.4250			-12	
2886	14.4300			-12	
2887	14.4350			-12	
2888	14.4400			-13	
2889	14.4450			-13	
2890	14.4500			-13	
2891	14.4550			-14	
2892	14.4600			-14	
2893	14.4650			-14	
2894	14.4700			-14	
2895	14.4750			-15	
2896	14.4800			-15	
2897	14.4850			-15	
2898	14.4900			-16	
2899	14.4950			-16	
2900	14.5000			-16	
2901	14.5050			-16	
2902	14.5100			-16	
2903	14.5150			-16	
2904	14.5200			-16	
2905	14.5250			-16	
2906	14.5300			-16	
2907	14.5350			-17	
2908	14.5400			-17	
2909	14.5450			-17	
2910	14.5500			-17	
2911	14.5550			-17	
2912	14.5600			-17	
2913	14.5650			-17	
2914	14.5700			-17	
2915	14.5750			-16	
2916	14.5800			-16	
2917	14.5850			-16	
2918	14.5900			-16	
2919	14.5950			-16	
2920	14.6000			-16	
2921	14.6050			-16	
2922	14.6100			-16	
2923	14.6150			-15	
2924	14.6200			-15	
2925	14.6250			-15	
2926	14.6300			-14	
2927	14.6350			-14	
2928	14.6400			-14	
2929	14.6450			-14	
2930	14.6500			-13	
2931	14.6550			-13	
2932	14.6600			-13	
2933	14.6650			-12	
2934	14.6700			-12	
2935	14.6750			-12	
2936	14.6800			-11	
2937	14.6850			-11	
2938	14.6900			-10	
2939	14.6950			-10	
2940	14.7000			-10	
2941	14.7050			-9	
2942	14.7100			-9	
2943	14.7150			-8	
2944	14.7200			-8	
2945	14.7250			-7	
2946	14.7300			-7	
2947	14.7350			-6	
2948	14.7400			-6	
2949	14.7450			-5	
2950	14.7500			-5	
2951	14.7550			-4	
2952	14.7600			-4	
2953	14.7650			-3	
2954	14.7700			-3	
2955	14.7750			-2	
2956	14.7800			-2	
2957	14.7850			-1	
2958	14.7900			-1	
2959	14.7950			0	
2960	14.8000			0	
2961	14.8050			1	
2962	14.8100			2	
2963	14.8150			2	
2964	14.8200			2	
2965	14.8250			3	
2966	14.8300			4	
2967	14.8350			4	
2968	14.8400			5	
2969	14.8450			5	
2970	14.8500			6	
2971	14.8550			6	
2972	14.8600			7	
2973	14.8650			7	
2974	14.8700			8	
2975	14.8750			8	
2976	14.8800			9	
2977	14.8850			9	
2978	14.8900			10	
2979	14.8950			10	
2980	14.9000			10	
2981	14.9050			11	
2982	14.9100			11	
2983	14.9150			12	
2984	14.9200			12	
2985	14.9250			12	
2986	14.9300			13	
2987	14.9350			13	
2988	14.9400			14	
2989	14.9450			14	
2990	14.9500			14	
2991	14.9550			15	
2992	14.9600			15	
2993	14.9650			15	
2994	14.9700			16	
2995	14.9750			16	
2996	14.9800			16	
2997	14.9850			16	
2998	14.9900			16	
2999	14.9950			17	
3000	15.0000			17	
3001	15.0050			17	
3002	15.0100			17	
3003	15.0150			17	
3004	15.0200			18	
3005	15.0250			18	
3006	15.0300			18	
3007	15.0350			18	
3008	15.0400			18	
3009	15.0450			18	
3010	15.0500			18	
3011	15.0550			18	
3012	15.0600			18	
3013	15.0650			18	
3014	15.0700			18	
3015	15.0750			18	
3016	15.0800			18	
3017	15.0850			18	
3018	15.0900			18	
3019	15.0950			18	
3020	15.1000			17	
3021	15.1050			17	
3022	15.1100			17	
3023	15.1150			17	
3024	15.1200			16	
3025	15.1250			16	
3026	15.1300			16	
3027	15.1350			16	
3028	15.1400			16	
3029	15.1450			16	
3030	15.1500			15	
3031	15.1550			15	
3032	15.1600			14	
3033	15.1650			14	
3034	15.1700			14	
3035	15.1750			14	
3036	15.1800			13	
3037	15.1850			13	
3038	15.1900			12	
3039	15.1950			12	
3040	15.2000			12	
3041	15.2050			11	
3042	15.2100			11	
3043	15.2150			10	
3044	15.2200			10	
3045	15.2250			10	
3046	15.2300			9	
3047	15.2350			9	
3048	15.2400			8	
3049	15.2450			8	
3050	15.2500			7	
3051	15.2550			7	
3052	15.2600			6	
3053	15.2650			6	
3054	15.2700			5	
3055	15.2750			5	
3056	15.2800			4	
3057	15.2850			4	
3058	15.2900			3	
3059	15.2950			3	
3060	15.3000			2	
3061	15.3050			2	
3062	15.3100			1	
3063	15.3150			1	
3064	15.3200			0	
3065	15.3250			0	
3066	15.3300			-1	
3067	15.3350			-1	
3068	15.3400			-2	
3069	15.3450			-2	
3070	15.3500			-3	
3071	15.3550			-3	
3072	15.3600			-4	
3073	15.3650			-4	
3074	15.3700			-4	
3075	15.3750			-5	
3076	15.3800			-6	
3077	15.3850			-6	
3078	15.3900			-6	
3079	15.3950			-7	
3080	15.4000			-7	
3081	15.4050			-8	
3082	15.4100			-8	
3083	15.4150			-8	
3084	15.4200			-9	
3085	15.4250			-9	
3086	15.4300			-10	
3087	15.4350			-10	
3088	15.4400			-10	
3089	15.4450			-11	
3090	15.4500			-11	
3091	15.4550			-11	
3092	15.4600			-12	
3093	15.4650			-12	
3094	15.4700			-12	
3095	15.4750			-12	
3096	15.4800			-13	
3097	15.4850			-13	
3098	15.4900			-13	
3099	15.4950			-13	
3100	15.5000			-14	
3101	15.5050			-14	
3102	15.5100			-14	
3103	15.5150			-14	
3104	15.5200			-14	
3105	15.5250			-14	
3106	15.5300			-14	
3107	15.5350			-14	
3108	15.5400			-14	
3109	15.5450			-14	
3110	15.5500			-15	
3111	15.5550			-15	
3112	15.5600			-15	
3113	15.5650			-15	
3114	15.5700			-15	
3115	15.5750			-15	
3116	15.5800			-15	
3117	15.5850			-14	
3118	15.5900			-14	
3119	15.5950			-14	
3120	15.6000			-14	
3121	15.6050			-14	
3122	15.6100			-14	
3123	15.6150			-14	
3124	15.6200			-14	
3125	15.6250			-14	
3126	15.6300			-13	
3127	15.6350			-13	
3128	15.6400			-13	
3129	15.6450			-13	
3130	15.6500			-12	
3131	15.6550			-12	
3132	15.6600			-12	
3133	15.6650			-12	
3134	15.6700			-11	
3135	15.6750			-11	
3136	15.6800			-11	
3137	15.6850			-10	
3138	15.6900			-10	
3139	15.6950			-10	
3140	15.7000			-10	
3141	15.7050			-9	
3142	15.7100			-9	
3143	15.7150			-8	
3144	15.7200			-8	
3145	15.7250			-8	
3146	15.7300			-7	
3147	15.7350			-7	
3148	15.7400			-6	
3149	15.7450			-6	
3150	15.7500			-5	
3151	15.7550			-5	
3152	15.7600			-4	
3153	15.7650			-4	
3154	15.7700			-4	
3155	15.7750			-3	
3156	15.7800			-3	
3157	15.7850			-2	
3158	15.7900			-2	
3159	15.7950			-1	
3160	15.8000			-1	
3161	15.8050			0	
3162	15.8100			0	
3163	15.8150			1	
3164	15.8200			1	
3165	15.8250			2	
3166	15.8300			2	
3167	15.8350			2	
3168	15.8400			3	
3169	15.8450			4	
3170	15.8500			4	
3171	15.8550			4	
3172	15.8600			5	
3173	15.8650			5	
3174	15.8700			6	
3175	15.8750			6	
3176	15.8800			7	
3177	15.8850			7	
3178	15.8900			8	
3179	15.8950			8	
3180	15.9000			8	
3181	15.9050			9	
3182	15.9100			9	
3183	15.9150			10	
3184	15.9200			10	
3185	15.9250			10	
3186	15.9300			11	
3187	15.9350			11	
3188	15.9400			11	
3189	15.9450			12	
3190	15.9500			12	
3191	15.9550			12	
3192	15.9600			12	
3193	15.9650			13	
3194	15.9700			13	
3195	15.9750			14	
3196	15.9800			14	
3197	15.9850			14	
3198	15.9900			14	
3199	15.9950			14	
3200	16.0000			14	
3201	16.0050			15	
3202	16.0100			15	
3203	16.0150			15	
3204	16.0200			15	
3205	16.0250			15	
3206	16.0300			16	
3207	16.0350			16	
3208	16.0400			16	
3209	16.0450			16	
3210	16.0500			16	
3211	16.0550			16	
3212	16.0600			16	
3213	16.0650			16	
3214	16.0700			16	
3215	16.0750			16	
3216	16.0800			16	
3217	16.0850			16	
3218	16.0900			16	
3219	16.0950			16	
3220	16.1000			16	
3221	16.1050			16	
3222	16.1100			16	
3223	16.1150			15	
3224	16.1200			15	
3225	16.1250			15	
3226	16.1300			15	
3227	16.1350			15	
3228	16.1400			14	
3229	16.1450			14	
3230	16.1500			14	
3231	16.1550			14	
3232	16.1600			14	
3233	16.1650			14	
3234	16.1700			13	
3235	16.1750			13	
3236	16.1800			13	
3237	16.1850			12	
3238	16.1900			12	
3239	16.1950			12	
3240	16.2000			12	
3241	16.2050			11	
3242	16.2100			11	
3243	16.2150			10	
3244	16.2200			10	
3245	16.2250			10	
3246	16.2300			9	
3247	16.2350			9	
3248	16.2400			8	
3249	16.2450			8	
3250	16.2500			8	
3251	16.2550			7	
3252	16.2600			7	
3253	16.2650			6	
3254	16.2700			6	
3255	16.2750			6	
3256	16.2800			5	
3257	16.2850			5	
3258	16.2900			4	
3259	16.2950			4	
3260	16.3000			4	
3261	16.3050			3	
3262	16.3100			2	
3263	16.3150			2	
3264	16.3200			2	
3265	16.3250			1	
3266	16.3300			1	
3267	16.3350			0	
3268	16.3400			0	
3269	16.3450			0	
3270	16.3500			-1	
3271	16.3550			-2	
3272	16.3600			-2	
3273	16.3650			-2	
3274	16.3700			-3	
3275	16.3750			-3	
3276	16.3800			-4	
3277	16.3850			-4	
3278	16.3900			-4	
3279	16.3950			-5	
3280	16.4000			-5	
3281	16.4050			-6	
3282	16.4100			-6	
3283	16.4150			-6	
3284	16.4200			-7	
3285	16.4250			-7	
3286	16.4300			-7	
3287	16.4350			-8	
3288	16.4400			-8	
3289	16.4450			-8	
3290	16.4500			-9	
3291	16.4550			-9	
3292	16.4600			-9	
3293	16.4650			-10	
3294	16.4700			-10	
3295	16.4750			-10	
3296	16.4800			-10	
3297	16.4850			-10	
3298	16.4900			-11	
3299	16.4950			-11	
3300	16.5000			-11	
3301	16.5050			-12	
3302	16.5100			-12	
3303	16.5150			-12	
3304	16.5200			-12	
3305	16.5250			-12	
3306	16.5300			-12	
3307	16.5350			-12	
3308	16.5400			-12	
3309	16.5450			-12	
3310	16.5500			-13	
3311	16.5550			-13	
3312	16.5600			-13	
3313	16.5650			-13	
3314	16.5700			-13	
3315	16.5750			-13	
3316	16.5800			-13	
3317	16.5850			-13	
3318	16.5900			-13	
3319	16.5950			-13	
3320	16.6000			-13	
3321	16.6050			-13	
3322	16.6100			-12	
3323	16.6150			-12	
3324	16.6200			-12	
3325	16.6250			-12	
3326	16.6300			-12	
3327	16.6350			-12	
3328	16.6400			-12	
3329	16.6450			-12	
3330	16.6500			-12	
3331	16.6550			-11	
3332	16.6600			-11	
3333	16.6650			-11	
3334	16.6700			-10	
3335	16.6750			-10	
3336	16.6800			-10	
3337	16.6850			-10	
3338	16.6900			-10	
3339	16.6950			-9	
3340	16.7000			-9	
3341	16.7050			-9	
3342	16.7100			-8	
3343	16.7150			-8	
3344	16.7200			-8	
3345	16.7250			-8	
3346	16.7300			-7	
3347	16.7350			-7	
3348	16.7400			-6	
3349	16.7450			-6	
3350	16.7500			-6	
3351	16.7550			-5	
3352	16.7600			-5	
3353	16.7650			-4	
3354	16.7700			-4	
3355	16.7750			-4	
3356	16.7800			-3	
3357	16.7850			-3	
3358	16.7900			-2	
3359	16.7950			-2	
3360	16.8000			-2	
3361	16.8050			-1	
3362	16.8100			-1	
3363	16.8150			0	
3364	16.8200			0	
3365	16.8250			0	
3366	16.8300			1	
3367	16.8350			1	
3368	16.8400			2	
3369	16.8450			2	
3370	16.8500			2	
3371	16.8550			3	
3372	16.8600			3	
3373	16.8650			4	
3374	16.8700			4	
3375	16.8750			4	
3376	16.8800			5	
3377	16.8850			5	
3378	16.8900			6	
3379	16.8950			6	
3380	16.9000			6	
3381	16.9050			7	
3382	16.9100			7	
3383	16.9150			8	
3384	16.9200			8	
3385	16.9250			8	
3386	16.9300			8	
3387	16.9350			9	
3388	16.9400			9	
3389	16.9450			10	
3390	16.9500			10	
3391	16.9550			10	
3392	16.9600			10	
3393	16.9650			11	
3394	16.9700			11	
3395	16.9750			11	
3396	16.9800			12	
3397	16.9850			12	
3398	16.9900			12	
3399	16.9950			12	
3400	17.0000			12	
3401	17.0050			13	
3402	17.0100			13	
3403	17.0150			13	
3404	17.0200			13	
3405	17.0250			13	
3406	17.0300			14	
3407	17.0350			14	
3408	17.0400			14	
3409	17.0450			14	
3410	17.0500			14	
3411	17.0550			14	
3412	17.0600			14	
3413	17.0650			14	
3414	17.0700			14	
3415	17.0750			14	
3416	17.0800			14	
3417	17.0850			14	
3418	17.0900			14	
3419	17.0950			14	
3420	17.1000			14	
3421	17.1050			14	
3422	17.1100			14	
3423	17.1150			14	
3424	17.1200			14	
3425	17.1250			14	
3426	17.1300			14	
3427	17.1350			14	
3428	17.1400			14	
3429	17.1450			13	
3430	17.1500			13	
3431	17.1550			13	
3432	17.1600			13	
3433	17.1650			12	
3434	17.1700			12	
3435	17.1750			12	
3436	17.1800			12	
3437	17.1850			12	
3438	17.1900			12	
3439	17.1950			11	
3440	17.2000			11	
3441	17.2050			11	
3442	17.2100			10	
3443	17.2150			10	
3444	17.2200			10	
3445	17.2250			10	
3446	17.2300			9	
3447	17.2350			9	
3448	17.2400			8	
3449	17.2450			8	
3450	17.2500			8	
3451	17.2550			8	
3452	17.2600			7	
3453	17.2650			7	
3454	17.2700			6	
3455	17.2750			6	
3456	17.2800			6	
3457	17.2850			6	
3458	17.2900			5	
3459	17.2950			5	
3460	17.3000			4	
3461	17.3050			4	
3462	17.3100			4	
3463	17.3150			3	
3464	17.3200			3	
3465	17.3250			2	
3466	17.3300			2	
3467	17.3350			2	
3468	17.3400			1	
3469	17.3450			1	
3470	17.3500			0	
3471	17.3550			0	
3472	17.3600			0	
3473	17.3650			-1	
3474	17.3700			-1	
3475	17.3750			-2	
3476	17.3800			-2	
3477	17.3850			-2	
3478	17.3900			-2	
3479	17.3950			-3	
3480	17.4000			-3	
3481	17.4050			-4	
3482	17.4100			-4	
3483	17.4150			-4	
3484	17.4200			-5	
3485	17.4250			-5	
3486	17.4300			-6	
3487	17.4350			-6	
3488	17.4400			-6	
3489	17.4450			-6	
3490	17.4500			-7	
3491	17.4550			-7	
3492	17.4600			-7	
3493	17.4650			-8	
3494	17.4700			-8	
3495	17.4750			-8	
3496	17.4800			-8	
3497	17.4850			-8	
3498	17.4900			-9	
3499	17.4950			-9	
3500	17.5000			-9	
3501	17.5050			-9	
3502	17.5100			-10	
3503	17.5150			-10	
3504	17.5200			-10	
3505	17.5250			-10	
3506	17.5300			-10	
3507	17.5350			-10	
3508	17.5400			-10	
3509	17.5450			-11	
3510	17.5500			-11	
3511	17.5550			-11	
3512	17.5600			-11	
3513	17.5650			-11	
3514	17.5700			-11	
3515	17.5750			-11	
3516	17.5800			-11	
3517	17.5850			-11	
3518	17.5900			-11	
3519	17.5950			-11	
3520	17.6000			-11	
3521	17.6050			-11	
3522	17.6100			-11	
3523	17.6150			-11	
3524	17.6200			-11	
3525	17.6250			-11	
3526	17.6300			-11	
3527	17.6350			-11	
3528	17.6400			-10	
3529	17.6450			-10	
3530	17.6500			-10	
3531	17.6550			-10	
3532	17.6600			-10	
3533	17.6650			-10	
3534	17.6700			-10	
3535	17.6750			-10	
3536	17.6800			-9	
3537	17.6850			-9	
3538	17.6900			-9	
3539	17.6950			-9	
3540	17.7000			-8	
3541	17.7050			-8	
3542	17.7100			-8	
3543	17.7150			-8	
3544	17.7200			-8	
3545	17.7250			-7	
3546	17.7300			-7	
3547	17.7350			-7	
3548	17.7400			-6	
3549	17.7450			-6	
3550	17.7500			-6	
3551	17.7550			-6	
3552	17.7600			-5	
3553	17.7650			-5	
3554	17.7700			-4	
3555	17.7750			-4	
3556	17.7800			-4	
3557	17.7850			-4	
3558	17.7900			-3	
3559	17.7950			-3	
3560	17.8000			-2	
3561	17.8050			-2	
3562	17.8100			-2	
3563	17.8150			-1	
3564	17.8200			-1	
3565	17.8250			-1	
3566	17.8300			0	
3567	17.8350			0	
3568	17.8400			0	
3569	17.8450			1	
3570	17.8500			1	
3571	17.8550			2	
3572	17.8600			2	
3573	17.8650			2	
3574	17.8700			3	
3575	17.8750			3	
3576	17.8800			3	
3577	17.8850			4	
3578	17.8900			4	
3579	17.8950			4	
3580	17.9000			5	
3581	17.9050			5	
3582	17.9100			6	
3583	17.9150			6	
3584	17.9200			6	
3585	17.9250			6	
3586	17.9300			7	
3587	17.9350			7	
3588	17.9400			7	
3589	17.9450			8	
3590	17.9500			8	
3591	17.9550			8	
3592	17.9600			8	
3593	17.9650			9	
3594	17.9700			9	
3595	17.9750			9	
3596	17.9800			10	
3597	17.9850			10	
3598	17.9900			10	
3599	17.9950			10	
3600	18.0000			10	
3601	18.0050			11	
3602	18.0100			11	
3603	18.0150			11	
3604	18.0200			11	
3605	18.0250			11	
3606	18.0300			12	
3607	18.0350			12	
3608	18.0400			12	
3609	18.0450			12	
3610	18.0500			12	
3611	18.0550			12	
3612	18.0600			12	
3613	18.0650			12	
3614	18.0700			12	
3615	18.0750			12	
3616	18.0800			12	
3617	18.0850			12	
3618	18.0900			12	
3619	18.0950			12	
3620	18.1000			12	
3621	18.1050			12	
3622	18.1100			12	
3623	18.1150			12	
3624	18.1200			12	
3625	18.1250			12	
3626	18.1300			12	
3627	18.1350			12	
3628	18.1400			12	
3629	18.1450			12	
3630	18.1500			12	
3631	18.1550			12	
3632	18.1600			12	
3633	18.1650			12	
3634	18.1700			12	
3635	18.1750			11	
3636	18.1800			11	
3637	18.1850			11	
3638	18.1900			11	
3639	18.1950			10	
3640	18.2000			10	
3641	18.2050			10	
3642	18.2100			10	
3643	18.2150			10	
3644	18.2200			10	
3645	18.2250			9	
3646	18.2300			9	
3647	18.2350			9	
3648	18.2400			8	
3649	18.2450			8	
3650	18.2500			8	
3651	18.2550			8	
3652	18.2600			7	
3653	18.2650			7	
3654	18.2700			7	
3655	18.2750			6	
3656	18.2800			6	
3657	18.2850			6	
3658	18.2900			6	
3659	18.2950			5	
3660	18.3000			5	
3661	18.3050			4	
3662	18.3100			4	
3663	18.3150			4	
3664	18.3200			4	
3665	18.3250			3	
3666	18.3300			3	
3667	18.3350			2	
3668	18.3400			2	
3669	18.3450			2	
3670	18.3500			2	
3671	18.3550			1	
3672	18.3600			1	
3673	18.3650			0	
3674	18.3700			0	
3675	18.3750			0	
3676	18.3800			0	
3677	18.3850			-1	
3678	18.3900			-1	
3679	18.3950			-2	
3680	18.4000			-2	
3681	18.4050			-2	
3682	18.4100			-2	
3683	18.4150			-3	
3684	18.4200			-3	
3685	18.4250			-4	
3686	18.4300			-4	
3687	18.4350			-4	
3688	18.4400			-4	
3689	18.4450			-5	
3690	18.4500			-5	
3691	18.4550			-5	
3692	18.4600			-6	
3693	18.4650			-6	
3694	18.4700			-6	
3695	18.4750			-6	
3696	18.4800			-6	
3697	18.4850			-7	
3698	18.4900			-7	
3699	18.4950			-7	
3700	18.5000			-8	
3701	18.5050			-8	
3702	18.5100			-8	
3703	18.5150			-8	
3704	18.5200			-8	
3705	18.5250			-8	
3706	18.5300			-8	
3707	18.5350			-9	
3708	18.5400			-9	
3709	18.5450			-9	
3710	18.5500			-9	
3711	18.5550			-9	
3712	18.5600			-9	
3713	18.5650			-9	
3714	18.5700			-10	
3715	18.5750			-10	
3716	18.5800			-10	
3717	18.5850			-10	
3718	18.5900			-10	
3719	18.5950			-10	
3720	18.6000			-10	
3721	18.6050			-10	
3722	18.6100			-10	
3723	18.6150			-10	
3724	18.6200			-10	
3725	18.6250			-10	
3726	18.6300			-10	
3727	18.6350			-10	
3728	18.6400			-10	
3729	18.6450			-9	
3730	18.6500			-9	
3731	18.6550			-9	
3732	18.6600			-9	
3733	18.6650			-9	
3734	18.6700			-9	
3735	18.6750			-9	
3736	18.6800			-8	
3737	18.6850			-8	
3738	18.6900			-8	
3739	18.6950			-8	
3740	18.7000			-8	
3741	18.7050			-8	
3742	18.7100			-8	
3743	18.7150			-7	
3744	18.7200			-7	
3745	18.7250			-7	
3746	18.7300			-7	
3747	18.7350			-6	
3748	18.7400			-6	
3749	18.7450			-6	
3750	18.7500			-6	
3751	18.7550			-6	
3752	18.7600			-5	
3753	18.7650			-5	
3754	18.7700			-5	
3755	18.7750			-4	
3756	18.7800			-4	
3757	18.7850			-4	
3758	18.7900			-4	
3759	18.7950			-3	
3760	18.8000			-3	
3761	18.8050			-2	
3762	18.8100			-2	
3763	18.8150			-2	
3764	18.8200			-2	
3765	18.8250			-1	
3766	18.8300			-1	
3767	18.8350			-1	
3768	18.8400			0	
3769	18.8450			0	
3770	18.8500			0	
3771	18.8550			1	
3772	18.8600			1	
3773	18.8650			1	
3774	18.8700			2	
3775	18.8750			2	
3776	18.8800			2	
3777	18.8850			3	
3778	18.8900			3	
3779	18.8950			3	
3780	18.9000			4	
3781	18.9050			4	
3782	18.9100			4	
3783	18.9150			4	
3784	18.9200			5	
3785	18.9250			5	
3786	18.9300			5	
3787	18.9350			6	
3788	18.9400			6	
3789	18.9450			6	
3790	18.9500			6	
3791	18.9550			7	
3792	18.9600			7	
3793	18.9650			7	
3794	18.9700			8	
3795	18.9750			8	
3796	18.9800			8	
3797	18.9850			8	
3798	18.9900			8	
3799	18.9950			9	
3800	19.0000			9	
3801	19.0050			9	
3802	19.0100			9	
3803	19.0150			10	
3804	19.0200			10	
3805	19.0250			10	
3806	19.0300			10	
3807	19.0350			10	
3808	19.0400			10	
3809	19.0450			10	
3810	19.0500			10	
3811	19.0550			11	
3812	19.0600			11	
3813	19.0650			11	
3814	19.0700			11	
3815	19.0750			11	
3816	19.0800			11	
3817	19.0850			11	
3818	19.0900			11	
3819	19.0950			11	
3820	19.1000			11	
3821	19.1050			11	
3822	19.1100			11	
3823	19.1150			11	
3824	19.1200			11	
3825	19.1250			11	
3826	19.1300			11	
3827	19.1350			11	
3828	19.1400			11	
3829	19.1450			11	
3830	19.1500			11	
3831	19.1550			11	
3832	19.1600			11	
3833	19.1650			11	
3834	19.1700			11	
3835	19.1750			10	
3836	19.1800			10	
3837	19.1850			10	
3838	19.1900			10	
3839	19.1950			10	
3840	19.2000			10	
3841	19.2050			10	
3842	19.2100			10	
3843	19.2150			9	
3844	19.2200			9	
3845	19.2250			9	
3846	19.2300			9	
3847	19.2350			8	
3848	19.2400			8	
3849	19.2450			8	
3850	19.2500			8	
3851	19.2550			8	
3852	19.2600			7	
3853	19.2650			7	
3854	19.2700			7	
3855	19.2750			7	
3856	19.2800			6	
3857	19.2850			6	
3858	19.2900			6	
3859	19.2950			6	
3860	19.3000			5	
3861	19.3050			5	
3862	19.3100			5	
3863	19.3150			4	
3864	19.3200			4	
3865	19.3250			4	
3866	19.3300			4	
3867	19.3350			3	
3868	19.3400			3	
3869	19.3450			2	
3870	19.3500			2	
3871	19.3550			2	
3872	19.3600			2	
3873	19.3650			1	
3874	19.3700			1	
3875	19.3750			1	
3876	19.3800			0	
3877	19.3850			0	
3878	19.3900			0	
3879	19.3950			0	
3880	19.4000			-1	
3881	19.4050			-1	
3882	19.4100			-1	
3883	19.4150			-2	
3884	19.4200			-2	
3885	19.4250			-2	
3886	19.4300			-2	
3887	19.4350			-3	
3888	19.4400			-3	
3889	19.4450			-3	
3890	19.4500			-4	
3891	19.4550			-4	
3892	19.4600			-4	
3893	19.4650			-4	
3894	19.4700			-5	
3895	19.4750			-5	
3896	19.4800			-5	
3897	19.4850			-5	
3898	19.4900			-6	
3899	19.4950			-6	
3900	19.5000			-6	
3901	19.5050			-6	
3902	19.5100			-6	
3903	19.5150			-6	
3904	19.5200			-7	
3905	19.5250			-7	
3906	19.5300			-7	
3907	19.5350			-7	
3908	19.5400			-7	
3909	19.5450			-8	
3910	19.5500			-8	
3911	19.5550			-8	
3912	19.5600			-8	
3913	19.5650			-8	
3914	19.5700			-8	
3915	19.5750			-8	
3916	19.5800			-8	
3917	19.5850			-8	
3918	19.5900			-8	
3919	19.5950			-8	
3920	19.6000			-8	
3921	19.6050			-8	
3922	19.6100			-8	
3923	19.6150			-8	
3924	19.6200			-8	
3925	19.6250			-8	
3926	19.6300			-8	
3927	19.6350			-8	
3928	19.6400			-8	
3929	19.6450			-8	
3930	19.6500			-8	
3931	19.6550			-8	
3932	19.6600			-8	
3933	19.6650			-8	
3934	19.6700			-8	
3935	19.6750			-8	
3936	19.6800			-8	
3937	19.6850			-8	
3938	19.6900			-8	
3939	19.6950			-8	
3940	19.7000			-7	
3941	19.7050			-7	
3942	19.7100			-7	
3943	19.7150			-7	
3944	19.7200			-7	
3945	19.7250			-6	
3946	19.7300			-6	
3947	19.7350			-6	
3948	19.7400			-6	
3949	19.7450			-6	
3950	19.7500			-6	
3951	19.7550			-5	
3952	19.7600			-5	
3953	19.7650			-5	
3954	19.7700			-5	
3955	19.7750			-4	
3956	19.7800			-4	
3957	19.7850			-4	
3958	19.7900			-4	
3959	19.7950			-4	
3960	19.8000			-3	
3961	19.8050			-3	
3962	19.8100			-3	
3963	19.8150			-2	
3964	19.8200			-2	
3965	19.8250			-2	
3966	19.8300			-2	
3967	19.8350			-1	
3968	19.8400			-1	
3969	19.8450			-1	
3970	19.8500			0	
3971	19.8550			0	
3972	19.8600			0	
3973	19.8650			0	
3974	19.8700			1	
3975	19.8750			1	
3976	19.8800			1	
3977	19.8850			2	
3978	19.8900			2	
3979	19.8950			2	
3980	19.9000			2	
3981	19.9050			3	
3982	19.9100			3	
3983	19.9150			3	
3984	19.9200			4	
3985	19.9250			4	
3986	19.9300			4	
3987	19.9350			4	
3988	19.9400			5	
3989	19.9450			5	
3990	19.9500			5	
3991	19.9550			5	
3992	19.9600			6	
3993	19.9650			6	
3994	19.9700			6	
3995	19.9750			6	
3996	19.9800			6	
3997	19.9850			7	
3998	19.9900			7	
3999	19.9950			7	
4000	20.0000			8	
4001	20.0050			8	
4002	20.0100			8	
4003	20.0150			8	
4004	20.0200			8	
4005	20.0250			8	
4006	20.0300			8	
4007	20.0350			9	
4008	20.0400			9	
4009	20.0450			9	
4010	20.0500			9	
4011	20.0550			9	
4012	20.0600			9	
4013	20.0650			10	
4014	20.0700			10	
4015	20.0750			10	
4016	20.0800			10	
4017	20.0850			10	
4018	20.0900			10	
4019	20.0950			10	
4020	20.1000			10	
4021	20.1050			10	
4022	20.1100			10	
4023	20.1150			10	
4024	20.1200			10	
4025	20.1250			10	
4026	20.1300			10	
4027	20.1350			10	
4028	20.1400			10	
4029	20.1450			10	
4030	20.1500			10	
4031	20.1550			10	
4032	20.1600			10	
4033	20.1650			10	
4034	20.1700			10	
4035	20.1750			10	
4036	20.1800			10	
4037	20.1850			10	
4038	20.1900			10	
4039	20.1950			9	
4040	20.2000			9	
4041	20.2050			9	
4042	20.2100			9	
4043	20.2150			9	
4044	20.2200			9	
4045	20.2250			8	
4046	20.2300			8	
4047	20.2350			8	
4048	20.2400			8	
4049	20.2450			8	
4050	20.2500			8	
4051	20.2550			8	
4052	20.2600			7	
4053	20.2650			7	
4054	20.2700			7	
4055	20.2750			7	
4056	20.2800			6	
4057	20.2850			6	
4058	20.2900			6	
4059	20.2950			6	
4060	20.3000			6	
4061	20.3050			5	
4062	20.3100			5	
4063	20.3150			5	
4064	20.3200			4	
4065	20.3250			4	
4066	20.3300			4	
4067	20.3350			4	
4068	20.3400			4	
4069	20.3450			3	
4070	20.3500			3	
4071	20.3550			3	
4072	20.3600			2	
4073	20.3650			2	
4074	20.3700			2	
4075	20.3750			2	
4076	20.3800			1	
4077	20.3850			1	
4078	20.3900			1	
4079	20.3950			0	
4080	20.4000			0	
4081	20.4050			0	
4082	20.4100			0	
4083	20.4150			0	
4084	20.4200			-1	
4085	20.4250			-1	
4086	20.4300			-1	
4087	20.4350			-2	
4088	20.4400			-2	
4089	20.4450			-2	
4090	20.4500			-2	
4091	20.4550			-3	
4092	20.4600			-3	
4093	20.4650			-3	
4094	20.4700			-3	
4095	20.4750			-4	
4096	20.4800			-4	
4097	20.4850			-4	
4098	20.4900			-4	
4099	20.4950			-4	
4100	20.5000			-4	
4101	20.5050			-5	
4102	20.5100			-5	
4103	20.5150			-5	
4104	20.5200			-5	
4105	20.5250			-6	
4106	20.5300			-6	
4107	20.5350			-6	
4108	20.5400			-6	
4109	20.5450			-6	
4110	20.5500			-6	
4111	20.5550			-6	
4112	20.5600			-6	
4113	20.5650			-7	
4114	20.5700			-7	
4115	20.5750			-7	
4116	20.5800			-7	
4117	20.5850			-7	
4118	20.5900			-7	
4119	20.5950			-7	
4120	20.6000			-7	
4121	20.6050			-7	
4122	20.6100			-7	
4123	20.6150			-7	
4124	20.6200			-8	
4125	20.6250			-8	
4126	20.6300			-8	
4127	20.6350			-8	
4128	20.6400			-8	
4129	20.6450			-8	
4130	20.6500			-8	
4131	20.6550			-7	
4132	20.6600			-7	
4133	20.6650			-7	
4134	20.6700			-7	
4135	20.6750			-7	
4136	20.6800			-7	
4137	20.6850			-7	
4138	20.6900			-7	
4139	20.6950			-7	
4140	20.7000			-7	
4141	20.7050			-7	
4142	20.7100			-6	
4143	20.7150			-6	
4144	20.7200			-6	
4145	20.7250			-6	
4146	20.7300			-6	
4147	20.7350			-6	
4148	20.7400			-6	
4149	20.7450			-6	
4150	20.7500			-5	
4151	20.7550			-5	
4152	20.7600			-5	
4153	20.7650			-5	
4154	20.7700			-5	
4155	20.7750			-4	
4156	20.7800			-4	
4157	20.7850			-4	
4158	20.7900			-4	
4159	20.7950			-4	
4160	20.8000			-4	
4161	20.8050			-3	
4162	20.8100			-3	
4163	20.8150			-3	
4164	20.8200			-2	
4165	20.8250			-2	
4166	20.8300			-2	
4167	20.8350			-2	
4168	20.8400			-2	
4169	20.8450			-1	
4170	20.8500			-1	
4171	20.8550			-1	
4172	20.8600			0	
4173	20.8650			0	
4174	20.8700			0	
4175	20.8750			0	
4176	20.8800			0	
4177	20.8850			1	
4178	20.8900			1	
4179	20.8950			1	
4180	20.9000			2	
4181	20.9050			2	
4182	20.9100			2	
4183	20.9150			2	
4184	20.9200			2	
4185	20.9250			3	
4186	20.9300			3	
4187	20.9350			3	
4188	20.9400			4	
4189	20.9450			4	
4190	20.9500			4	
4191	20.9550			4	
4192	20.9600			4	
4193	20.9650			5	
4194	20.9700			5	
4195	20.9750			5	
4196	20.9800			5	
4197	20.9850			6	
4198	20.9900			6	
4199	20.9950			6	
4200	21.0000			6	
4201	21.0050			6	
4202	21.0100			6	
4203	21.0150			7	
4204	21.0200			7	
4205	21.0250			7	
4206	21.0300			7	
4207	21.0350			8	
4208	21.0400			8	
4209	21.0450			8	
4210	21.0500			8	
4211	21.0550			8	
4212	21.0600			8	
4213	21.0650			8	
4214	21.0700			8	
4215	21.0750			8	
4216	21.0800			8	
4217	21.0850			9	
4218	21.0900			9	
4219	21.0950			9	
4220	21.1000			9	
4221	21.1050			9	
4222	21.1100			9	
4223	21.1150			9	
4224	21.1200			9	
4225	21.1250			9	
4226	21.1300			9	
4227	21.1350			9	
4228	21.1400			9	
4229	21.1450			9	
4230	21.1500			9	
4231	21.1550			9	
4232	21.1600			9	
4233	21.1650			9	
4234	21.1700			9	
4235	21.1750			9	
4236	21.1800			9	
4237	21.1850			9	
4238	21.1900			9	
4239	21.1950			9	
4240	21.2000			9	
4241	21.2050			8	
4242	21.2100			8	
4243	21.2150			8	
4244	21.2200			8	
4245	21.2250			8	
4246	21.2300			8	
4247	21.2350			8	
4248	21.2400			8	
4249	21.2450			8	
4250	21.2500			8	
4251	21.2550			7	
4252	21.2600			7	
4253	21.2650			7	
4254	21.2700			7	
4255	21.2750			6	
4256	21.2800			6	
4257	21.2850			6	
4258	21.2900			6	
4259	21.2950			6	
4260	21.3000			6	
4261	21.3050			6	
4262	21.3100			5	
4263	21.3150			5	
4264	21.3200			5	
4265	21.3250			4	
4266	21.3300			4	
4267	21.3350			4	
4268	21.3400			4	
4269	21.3450			4	
4270	21.3500			4	
4271	21.3550			3	
4272	21.3600			3	
4273	21.3650			3	
4274	21.3700			2	
4275	21.3750			2	
4276	21.3800			2	
4277	21.3850			2	
4278	21.3900			2	
4279	21.3950			1	
4280	21.4000			1	
4281	21.4050			1	
4282	21.4100			0	
4283	21.4150			0	
4284	21.4200			0	
4285	21.4250			0	
4286	21.4300			0	
4287	21.4350			-1	
4288	21.4400			-1	
4289	21.4450			-1	
4290	21.4500			-1	
4291	21.4550			-2	
4292	21.4600			-2	
4293	21.4650			-2	
4294	21.4700			-2	
4295	21.4750			-2	
4296	21.4800			-3	
4297	21.4850			-3	
4298	21.4900			-3	
4299	21.4950			-3	
4300	21.5000			-3	
4301	21.5050			-4	
4302	21.5100			-4	
4303	21.5150			-4	
4304	21.5200			-4	
4305	21.5250			-4	
4306	21.5300			-4	
4307	21.5350			-4	
4308	21.5400			-5	
4309	21.5450			-5	
4310	21.5500			-5	
4311	21.5550			-5	
4312	21.5600			-5	
4313	21.5650			-5	
4314	21.5700			-6	
4315	21.5750			-6	
4316	21.5800			-6	
4317	21.5850			-6	
4318	21.5900			-6	
4319	21.5950			-6	
4320	21.6000			-6	
4321	21.6050			-6	
4322	21.6100			-6	
4323	21.6150			-6	
4324	21.6200			-6	
4325	21.6250			-6	
4326	21.6300			-6	
4327	21.6350			-6	
4328	21.6400			-6	
4329	21.6450			-6	
4330	21.6500			-6	
4331	21.6550			-6	
4332	21.6600			-6	
4333	21.6650			-6	
4334	21.6700			-6	
4335	21.6750			-6	
4336	21.6800			-6	
4337	21.6850			-6	
4338	21.6900			-6	
4339	21.6950			-6	
4340	21.7000			-6	
4341	21.7050			-6	
4342	21.7100			-6	
4343	21.7150			-6	
4344	21.7200			-6	
4345	21.7250			-6	
4346	21.7300			-6	
4347	21.7350			-5	
4348	21.7400			-5	
4349	21.7450			-5	
4350	21.7500			-5	
4351	21.7550			-5	
4352	21.7600			-5	
4353	21.7650			-4	
4354	21.7700			-4	
4355	21.7750			-4	
4356	21.7800			-4	
4357	21.7850			-4	
4358	21.7900			-4	
4359	21.7950			-4	
4360	21.8000			-4	
4361	21.8050			-3	
4362	21.8100			-3	
4363	21.8150			-3	
4364	21.8200			-3	
4365	21.8250			-2	
4366	21.8300			-2	
4367	21.8350			-2	
4368	21.8400			-2	
4369	21.8450			-2	
4370	21.8500			-2	
4371	21.8550			-1	
4372	21.8600			-1	
4373	21.8650			-1	
4374	21.8700			0	
4375	21.8750			0	
4376	21.8800			0	
4377	21.8850			0	
4378	21.8900			0	
4379	21.8950			0	
4380	21.9000			1	
4381	21.9050			1	
4382	21.9100			1	
4383	21.9150			2	
4384	21.9200			2	
4385	21.9250			2	
4386	21.9300			2	
4387	21.9350			2	
4388	21.9400			2	
4389	21.9450			3	
4390	21.9500			3	
4391	21.9550			3	
4392	21.9600			4	
4393	21.9650			4	
4394	21.9700			4	
4395	21.9750			4	
4396	21.9800			4	
4397	21.9850			4	
4398	21.9900			5	
4399	21.9950			5	
4400	22.0000			5	
4401	22.0050			5	
4402	22.0100			5	
4403	22.0150			6	
4404	22.0200			6	
4405	22.0250			6	
4406	22.0300			6	
4407	22.0350			6	
4408	22.0400			6	
4409	22.0450			6	
4410	22.0500			6	
4411	22.0550			7	
4412	22.0600			7	
4413	22.0650			7	
4414	22.0700			7	
4415	22.0750			7	
4416	22.0800			7	
4417	22.0850			7	
4418	22.0900			8	
4419	22.0950			8	
4420	22.1000			8	
4421	22.1050			8	
4422	22.1100			8	
4423	22.1150			8	
4424	22.1200			8	
4425	22.1250			8	
4426	22.1300			8	
4427	22.1350			8	
4428	22.1400			8	
4429	22.1450			8	
4430	22.1500			8	
4431	22.1550			8	
4432	22.1600			8	
4433	22.1650			8	
4434	22.1700			8	
4435	22.1750			8	
4436	22.1800			8	
4437	22.1850			8	
4438	22.1900			8	
4439	22.1950			8	
4440	22.2000			8	
4441	22.2050			8	
4442	22.2100			8	
4443	22.2150			8	
4444	22.2200			8	
4445	22.2250			8	
4446	22.2300			7	
4447	22.2350			7	
4448	22.2400			7	
4449	22.2450			7	
4450	22.2500			7	
4451	22.2550			7	
4452	22.2600			7	
4453	22.2650			6	
4454	22.2700			6	
4455	22.2750			6	
4456	22.2800			6	
4457	22.2850			6	
4458	22.2900			6	
4459	22.2950			6	
4460	22.3000			6	
4461	22.3050			5	
4462	22.3100			5	
4463	22.3150			5	
4464	22.3200			5	
4465	22.3250			4	
4466	22.3300			4	
4467	22.3350			4	
4468	22.3400			4	
4469	22.3450			4	
4470	22.3500			4	
4471	22.3550			3	
4472	22.3600			3	
4473	22.3650			3	
4474	22.3700			3	
4475	22.3750			2	
4476	22.3800			2	
4477	22.3850			2	
4478	22.3900			2	
4479	22.3950			2	
4480	22.4000			2	
4481	22.4050			1	
4482	22.4100			1	
4483	22.4150			1	
4484	22.4200			1	
4485	22.4250			0	
4486	22.4300			0	
4487	22.4350			0	
4488	22.4400			0	
4489	22.4450			0	
4490	22.4500			0	
4491	22.4550			-1	
4492	22.4600			-1	
4493	22.4650			-1	
4494	22.4700			-1	
4495	22.4750			-2	
4496	22.4800			-2	
4497	22.4850			-2	
4498	22.4900			-2	
4499	22.4950			-2	
4500	22.5000			-2	
4501	22.5050			-2	
4502	22.5100			-3	
4503	22.5150			-3	
4504	22.5200			-3	
4505	22.5250			-3	
4506	22.5300			-3	
4507	22.5350			-4	
4508	22.5400			-4	
4509	22.5450			-4	
4510	22.5500			-4	
4511	22.5550			-4	
4512	22.5600			-4	
4513	22.5650			-4	
4514	22.5700			-4	
4515	22.5750			-4	
4516	22.5800			-5	
4517	22.5850			-5	
4518	22.5900			-5	
4519	22.5950			-5	
4520	22.6000			-5	
4521	22.6050			-5	
4522	22.6100			-5	
4523	22.6150			-5	
4524	22.6200			-5	
4525	22.6250			-5	
4526	22.6300			-5	
4527	22.6350			-5	
4528	22.6400			-5	
4529	22.6450			-5	
4530	22.6500			-5	
4531	22.6550			-6	
4532	22.6600			-6	
4533	22.6650			-6	
4534	22.6700			-6	
4535	22.6750			-6	
4536	22.6800			-5	
4537	22.6850			-5	
4538	22.6900			-5	
4539	22.6950			-5	
4540	22.7000			-5	
4541	22.7050			-5	
4542	22.7100			-5	
4543	22.7150			-5	
4544	22.7200			-5	
4545	22.7250			-5	
4546	22.7300			-5	
4547	22.7350			-5	
4548	22.7400			-5	
4549	22.7450			-4	
4550	22.7500			-4	
4551	22.7550			-4	
4552	22.7600			-4	
4553	22.7650			-4	
4554	22.7700			-4	
4555	22.7750			-4	
4556	22.7800			-4	
4557	22.7850			-4	
4558	22.7900			-4	
4559	22.7950			-3	
4560	22.8000			-3	
4561	22.8050			-3	
4562	22.8100			-3	
4563	22.8150			-3	
4564	22.8200			-2	
4565	22.8250			-2	
4566	22.8300			-2	
4567	22.8350			-2	
4568	22.8400			-2	
4569	22.8450			-2	
4570	22.8500			-2	
4571	22.8550			-1	
4572	22.8600			-1	
4573	22.8650			-1	
4574	22.8700			-1	
4575	22.8750			0	
4576	22.8800			0	
4577	22.8850			0	
4578	22.8900			0	
4579	22.8950			0	
4580	22.9000			0	
4581	22.9050			1	
4582	22.9100			1	
4583	22.9150			1	
4584	22.9200			1	
4585	22.9250			2	
4586	22.9300			2	
4587	22.9350			2	
4588	22.9400			2	
4589	22.9450			2	
4590	22.9500			2	
4591	22.9550			2	
4592	22.9600			3	
4593	22.9650			3	
4594	22.9700			3	
4595	22.9750			3	
4596	22.9800			4	
4597	22.9850			4	
4598	22.9900			4	
4599	22.9950			4	
4600	23.0000			4	
4601	23.0050			4	
4602	23.0100			4	
4603	23.0150			5	
4604	23.0200			5	
4605	23.0250			5	
4606	23.0300			5	
4607	23.0350			5	
4608	23.0400			6	
4609	23.0450			6	
4610	23.0500			6	
4611	23.0550			6	
4612	23.0600			6	
4613	23.0650			6	
4614	23.0700			6	
4615	23.0750			6	
4616	23.0800			6	
4617	23.0850			6	
4618	23.0900			6	
4619	23.0950			7	
4620	23.1000			7	
4621	23.1050			7	
4622	23.1100			7	
4623	23.1150			7	
4624	23.1200			7	
4625	23.1250			7	
4626	23.1300			7	
4627	23.1350			7	
4628	23.1400			7	
4629	23.1450			7	
4630	23.1500			7	
4631	23.1550			7	
4632	23.1600			7	
4633	23.1650			7	
4634	23.1700			7	
4635	23.1750			7	
4636	23.1800			7	
4637	23.1850			7	
4638	23.1900			7	
4639	23.1950			7	
4640	23.2000			7	
4641	23.2050			7	
4642	23.2100			7	
4643	23.2150			7	
4644	23.2200			7	
4645	23.2250			7	
4646	23.2300			7	
4647	23.2350			7	
4648	23.2400			7	
4649	23.2450			6	
4650	23.2500			6	
4651	23.2550			6	
4652	23.2600			6	
4653	23.2650			6	
4654	23.2700			6	
4655	23.2750			6	
4656	23.2800			6	
4657	23.2850			6	
4658	23.2900			6	
4659	23.2950			6	
4660	23.3000			5	
4661	23.3050			5	
4662	23.3100			5	
4663	23.3150			5	
4664	23.3200			5	
4665	23.3250			4	
4666	23.3300			4	
4667	23.3350			4	
4668	23.3400			4	
4669	23.3450			4	
4670	23.3500			4	
4671	23.3550			4	
4672	23.3600			4	
4673	23.3650			3	
4674	23.3700			3	
4675	23.3750			3	
4676	23.3800			3	
4677	23.3850			2	
4678	23.3900			2	
4679	23.3950			2	
4680	23.4000			2	
4681	23.4050			2	
4682	23.4100			2	
4683	23.4150			2	
4684	23.4200			1	
4685	23.4250			1	
4686	23.4300			1	
4687	23.4350			1	
4688	23.4400			0	
4689	23.4450			0	
4690	23.4500			0	
4691	23.4550			0	
4692	23.4600			0	
4693	23.4650			0	
4694	23.4700			-1	
4695	23.4750			-1	
4696	23.4800			-1	
4697	23.4850			-1	
4698	23.4900			-1	
4699	23.4950			-2	
4700	23.5000			-2	
4701	23.5050			-2	
4702	23.5100			-2	
4703	23.5150			-2	
4704	23.5200			-2	
4705	23.5250			-2	
4706	23.5300			-2	
4707	23.5350			-3	
4708	23.5400			-3	
4709	23.5450			-3	
4710	23.5500			-3	
4711	23.5550			-3	
4712	23.5600			-3	
4713	23.5650			-3	
4714	23.5700			-4	
4715	23.5750			-4	
4716	23.5800			-4	
4717	23.5850			-4	
4718	23.5900			-4	
4719	23.5950			-4	
4720	23.6000			-4	
4721	23.6050			-4	
4722	23.6100			-4	
4723	23.6150			-4	
4724	23.6200			-4	
4725	23.6250			-4	
4726	23.6300			-4	
4727	23.6350			-4	
4728	23.6400			-4	
4729	23.6450			-4	
4730	23.6500			-4	
4731	23.6550			-5	
4732	23.6600			-5	
4733	23.6650			-5	
4734	23.6700			-5	
4735	23.6750			-5	
4736	23.6800			-5	
4737	23.6850			-5	
4738	23.6900			-5	
4739	23.6950			-5	
4740	23.7000			-5	
4741	23.7050			-4	
4742	23.7100			-4	
4743	23.7150			-4	
4744	23.7200			-4	
4745	23.7250			-4	
4746	23.7300			-4	
4747	23.7350			-4	
4748	23.7400			-4	
4749	23.7450			-4	
4750	23.7500			-4	
4751	23.7550			-4	
4752	23.7600			-4	
4753	23.7650			-4	
4754	23.7700			-4	
4755	23.7750			-4	
4756	23.7800			-4	
4757	23.7850			-3	
4758	23.7900			-3	
4759	23.7950			-3	
4760	23.8000			-3	
4761	23.8050			-3	
4762	23.8100			-3	
4763	23.8150			-3	
4764	23.8200			-2	
4765	23.8250			-2	
4766	23.8300			-2	
4767	23.8350			-2	
4768	23.8400			-2	
4769	23.8450			-2	
4770	23.8500			-2	
4771	23.8550			-2	
4772	23.8600			-1	
4773	23.8650			-1	
4774	23.8700			-1	
4775	23.8750			-1	
4776	23.8800			-1	
4777	23.8850			0	
4778	23.8900			0	
4779	23.8950			0	
4780	23.9000			0	
4781	23.9050			0	
4782	23.9100			0	
4783	23.9150			0	
4784	23.9200			1	
4785	23.9250			1	
4786	23.9300			1	
4787	23.9350			1	
4788	23.9400			2	
4789	23.9450			2	
4790	23.9500			2	
4791	23.9550			2	
4792	23.9600			2	
4793	23.9650			2	
4794	23.9700			2	
4795	23.9750			2	
4796	23.9800			3	
4797	23.9850			3	
4798	23.9900			3	
4799	23.9950			3	
4800	24.0000			3	
4801	24.0050			4	
4802	24.0100			4	
4803	24.0150			4	
4804	24.0200			4	
4805	24.0250			4	
4806	24.0300			4	
4807	24.0350			4	
4808	24.0400			4	
4809	24.0450			5	
4810	24.0500			5	
4811	24.0550			5	
4812	24.0600			5	
4813	24.0650			5	
4814	24.0700			5	
4815	24.0750			5	
4816	24.0800			6	
4817	24.0850			6	
4818	24.0900			6	
4819	24.0950			6	
4820	24.1000			6	
4821	24.1050			6	
4822	24.1100			6	
4823	24.1150			6	
4824	24.1200			6	
4825	24.1250			6	
4826	24.1300			6	
4827	24.1350			6	
4828	24.1400			6	
4829	24.1450			6	
4830	24.1500			6	
4831	24.1550			6	
4832	24.1600			6	
4833	24.1650			6	
4834	24.1700			6	
4835	24.1750			6	
4836	24.1800			6	
4837	24.1850			6	
4838	24.1900			6	
4839	24.1950			6	
4840	24.2000			6	
4841	24.2050			6	
4842	24.2100			6	
4843	24.2150			6	
4844	24.2200			6	
4845	24.2250			6	
4846	24.2300			6	
4847	24.2350			6	
4848	24.2400			6	
4849	24.2450			6	
4850	24.2500			6	
4851	24.2550			6	
4852	24.2600			6	
4853	24.2650			6	
4854	24.2700			6	
4855	24.2750			6	
4856	24.2800			6	
4857	24.2850			6	
4858	24.2900			5	
4859	24.2950			5	
4860	24.3000			5	
4861	24.3050			5	
4862	24.3100			5	
4863	24.3150			5	
4864	24.3200			5	
4865	24.3250			4	
4866	24.3300			4	
4867	24.3350			4	
4868	24.3400			4	
4869	24.3450			4	
4870	24.3500			4	
4871	24.3550			4	
4872	24.3600			4	
4873	24.3650			3	
4874	24.3700			3	
4875	24.3750			3	
4876	24.3800			3	
4877	24.3850			3	
4878	24.3900			3	
4879	24.3950			2	
4880	24.4000			2	
4881	24.4050			2	
4882	24.4100			2	
4883	24.4150			2	
4884	24.4200			2	
4885	24.4250			2	
4886	24.4300			1	
4887	24.4350			1	
4888	24.4400			1	
4889	24.4450			1	
4890	24.4500			1	
4891	24.4550			0	
4892	24.4600			0	
4893	24.4650			0	
4894	24.4700			0	
4895	24.4750			0	
4896	24.4800			0	
4897	24.4850			0	
4898	24.4900			-1	
4899	24.4950			-1	
4900	24.5000			-1	
4901	24.5050			-1	
4902	24.5100			-1	
4903	24.5150			-1	
4904	24.5200			-2	
4905	24.5250			-2	
4906	24.5300			-2	
4907	24.5350			-2	
4908	24.5400			-2	
4909	24.5450			-2	
4910	24.5500			-2	
4911	24.5550			-2	
4912	24.5600			-2	
4913	24.5650			-3	
4914	24.5700			-3	
4915	24.5750			-3	
4916	24.5800			-3	
4917	24.5850			-3	
4918	24.5900			-3	
4919	24.5950			-3	
4920	24.6000			-3	
4921	24.6050			-3	
4922	24.6100			-4	
4923	24.6150			-4	
4924	24.6200			-4	
4925	24.6250			-4	
4926	24.6300			-4	
4927	24.6350			-4	
4928	24.6400			-4	
4929	24.6450			-4	
4930	24.6500			-4	
4931	24.6550			-4	
4932	24.6600			-4	
4933	24.6650			-4	
4934	24.6700			-4	
4935	24.6750			-4	
4936	24.6800			-4	
4937	24.6850			-4	
4938	24.6900			-4	
4939	24.6950			-4	
4940	24.7000			-4	
4941	24.7050			-4	
4942	24.7100			-4	
4943	24.7150			-4	
4944	24.7200			-4	
4945	24.7250			-4	
4946	24.7300			-4	
4947	24.7350			-4	
4948	24.7400			-4	
4949	24.7450			-4	
4950	24.7500			-4	
4951	24.7550			-4	
4952	24.7600			-4	
4953	24.7650			-4	
4954	24.7700			-3	
4955	24.7750			-3	
4956	24.7800			-3	
4957	24.7850			-3	
4958	24.7900			-3	
4959	24.7950			-3	
4960	24.8000			-3	
4961	24.8050			-3	
4962	24.8100			-2	
4963	24.8150			-2	
4964	24.8200			-2	
4965	24.8250			-2	
4966	24.8300			-2	
4967	24.8350			-2	
4968	24.8400			-2	
4969	24.8450			-2	
4970	24.8500			-2	
4971	24.8550			-2	
4972	24.8600			-1	
4973	24.8650			-1	
4974	24.8700			-1	
4975	24.8750			-1	
4976	24.8800			-1	
4977	24.8850			-1	
4978	24.8900			0	
4979	24.8950			0	
4980	24.9000			0	
4981	24.9050			0	
4982	24.9100			0	
4983	24.9150			0	
4984	24.9200			0	
4985	24.9250			0	
4986	24.9300			1	
4987	24.9350			1	
4988	24.9400			1	
4989	24.9450			1	
4990	24.9500			1	
4991	24.9550			2	
4992	24.9600			2	
4993	24.9650			2	
4994	24.9700			2	
4995	24.9750			2	
4996	24.9800			2	
4997	24.9850			2	
4998	24.9900			2	
4999	24.9950			3	
5000	25.0000			3	
