#	time(s)	count A	count B	count C	count D
1	0.0050			108	
2	0.0100			108	
3	0.0150			107	
4	0.0200			106	
5	0.0250			105	
6	0.0300			104	
7	0.0350			103	
8	0.0400			102	
9	0.0450			101	
10	0.0500			99	
11	0.0550			98	
12	0.0600			96	
13	0.0650			94	
14	0.0700			93	
15	0.0750			91	
16	0.0800			89	
17	0.0850			87	
18	0.0900			85	
19	0.0950			83	
20	0.1000			80	
21	0.1050			78	
22	0.1100			76	
23	0.1150			73	
24	0.1200			70	
25	0.1250			68	
26	0.1300			65	
27	0.1350			62	
28	0.1400			60	
29	0.1450			57	
30	0.1500			54	
31	0.1550			51	
32	0.1600			48	
33	0.1650			45	
34	0.1700			42	
35	0.1750			39	
36	0.1800			36	
37	0.1850			33	
38	0.1900			30	
39	0.1950			26	
40	0.2000			23	
41	0.2050			20	
42	0.2100			16	
43	0.2150			13	
44	0.2200			10	
45	0.2250			7	
46	0.2300			3	
47	0.2350			0	
48	0.2400			-3	
49	0.2450			-6	
50	0.2500			-10	
51	0.2550			-13	
52	0.2600			-16	
53	0.2650			-20	
54	0.2700			-23	
55	0.2750			-26	
56	0.2800			-29	
57	0.2850			-32	
58	0.2900			-35	
59	0.2950			-38	
60	0.3000			-41	
61	0.3050			-44	
62	0.3100			-47	
63	0.3150			-50	
64	0.3200			-53	
65	0.3250			-56	
66	0.3300			-58	
67	0.3350			-61	
68	0.3400			-64	
69	0.3450			-66	
70	0.3500			-69	
71	0.3550			-71	
72	0.3600			-74	
73	0.3650			-76	
74	0.3700			-78	
75	0.3750			-80	
76	0.3800			-82	
77	0.3850			-84	
78	0.3900			-86	
79	0.3950			-88	
80	0.4000			-89	
81	0.4050			-91	
82	0.4100			-92	
83	0.4150			-94	
84	0.4200			-95	
85	0.4250			-96	
86	0.4300			-98	
87	0.4350			-98	
88	0.4400			-100	
89	0.4450			-100	
90	0.4500			-101	
91	0.4550			-102	
92	0.4600			-102	
93	0.4650			-103	
94	0.4700			-103	
95	0.4750			-103	
96	0.4800			-104	
97	0.4850			-104	
98	0.4900			-104	
99	0.4950			-103	
100	0.5000			-103	
101	0.5050			-103	
102	0.5100			-102	
103	0.5150			-102	
104	0.5200			-101	
105	0.5250			-100	
106	0.5300			-100	
107	0.5350			-99	
108	0.5400			-98	
109	0.5450			-96	
110	0.5500			-95	
111	0.5550			-94	
112	0.5600			-93	
113	0.5650			-91	
114	0.5700			-90	
115	0.5750			-88	
116	0.5800			-86	
117	0.5850			-84	
118	0.5900			-82	
119	0.5950			-80	
120	0.6000			-78	
121	0.6050			-76	
122	0.6100			-74	
123	0.6150			-72	
124	0.6200			-69	
125	0.6250			-67	
126	0.6300			-64	
127	0.6350			-62	
128	0.6400			-59	
129	0.6450			-57	
130	0.6500			-54	
131	0.6550			-51	
132	0.6600			-48	
133	0.6650			-46	
134	0.6700			-43	
135	0.6750			-40	
136	0.6800			-37	
137	0.6850			-34	
138	0.6900			-31	
139	0.6950			-28	
140	0.7000			-25	
141	0.7050			-21	
142	0.7100			-18	
143	0.7150			-15	
144	0.7200			-12	
145	0.7250			-9	
146	0.7300			-6	
147	0.7350			-2	
148	0.7400			1	
149	0.7450			4	
150	0.7500			7	
151	0.7550			10	
152	0.7600			13	
153	0.7650			16	
154	0.7700			20	
155	0.7750			22	
156	0.7800			26	
157	0.7850			29	
158	0.7900			32	
159	0.7950			35	
160	0.8000			38	
161	0.8050			41	
162	0.8100			44	
163	0.8150			46	
164	0.8200			49	
165	0.8250			52	
166	0.8300			55	
167	0.8350			58	
168	0.8400			60	
169	0.8450			62	
170	0.8500			65	
171	0.8550			67	
172	0.8600			70	
173	0.8650			72	
174	0.8700			74	
175	0.8750			76	
176	0.8800			78	
177	0.8850			80	
178	0.8900			82	
179	0.8950			84	
180	0.9000			86	
181	0.9050			88	
182	0.9100			89	
183	0.9150			91	
184	0.9200			92	
185	0.9250			93	
186	0.9300			94	
187	0.9350			96	
188	0.9400			97	
189	0.9450			98	
190	0.9500			99	
191	0.9550			100	
192	0.9600			100	
193	0.9650			101	
194	0.9700			101	
195	0.9750			102	
196	0.9800			102	
197	0.9850			102	
198	0.9900			102	
199	0.9950			102	
200	1.0000			102	
201	1.0050			102	
202	1.0100			102	
203	1.0150			101	
204	1.0200			101	
205	1.0250			100	
206	1.0300			100	
207	1.0350			99	
208	1.0400			98	
209	1.0450			97	
210	1.0500			96	
211	1.0550			95	
212	1.0600			94	
213	1.0650			92	
214	1.0700			91	
215	1.0750			90	
216	1.0800			88	
217	1.0850			86	
218	1.0900			85	
219	1.0950			83	
220	1.1000			81	
221	1.1050			79	
222	1.1100			77	
223	1.1150			75	
224	1.1200			73	
225	1.1250			70	
226	1.1300			68	
227	1.1350			66	
228	1.1400			63	
229	1.1450			61	
230	1.1500			58	
231	1.1550			56	
232	1.1600			53	
233	1.1650			50	
234	1.1700			48	
235	1.1750			45	
236	1.1800			42	
237	1.1850			40	
238	1.1900			37	
239	1.1950			34	
240	1.2000			31	
241	1.2050			28	
242	1.2100			25	
243	1.2150			22	
244	1.2200			19	
245	1.2250			16	
246	1.2300			12	
247	1.2350			10	
248	1.2400			6	
249	1.2450			4	
250	1.2500			0	
251	1.2550			-3	
252	1.2600			-6	
253	1.2650			-9	
254	1.2700			-12	
255	1.2750			-15	
256	1.2800			-18	
257	1.2850			-21	
258	1.2900			-24	
259	1.2950			-27	
260	1.3000			-30	
261	1.3050			-33	
262	1.3100			-36	
263	1.3150			-38	
264	1.3200			-41	
265	1.3250			-44	
266	1.3300			-46	
267	1.3350			-49	
268	1.3400			-52	
269	1.3450			-54	
270	1.3500			-56	
271	1.3550			-59	
272	1.3600			-61	
273	1.3650			-64	
274	1.3700			-66	
275	1.3750			-68	
276	1.3800			-70	
277	1.3850			-72	
278	1.3900			-74	
279	1.3950			-76	
280	1.4000			-78	
281	1.4050			-80	
282	1.4100			-81	
283	1.4150			-83	
284	1.4200			-84	
285	1.4250			-86	
286	1.4300			-87	
287	1.4350			-88	
288	1.4400			-89	
289	1.4450			-90	
290	1.4500			-91	
291	1.4550			-92	
292	1.4600			-93	
293	1.4650			-94	
294	1.4700			-94	
295	1.4750			-95	
296	1.4800			-95	
297	1.4850			-96	
298	1.4900			-96	
299	1.4950			-96	
300	1.5000			-96	
301	1.5050			-96	
302	1.5100			-96	
303	1.5150			-96	
304	1.5200			-96	
305	1.5250			-95	
306	1.5300			-94	
307	1.5350			-94	
308	1.5400			-93	
309	1.5450			-92	
310	1.5500			-92	
311	1.5550			-91	
312	1.5600			-90	
313	1.5650			-88	
314	1.5700			-87	
315	1.5750			-86	
316	1.5800			-84	
317	1.5850			-83	
318	1.5900			-82	
319	1.5950			-80	
320	1.6000			-78	
321	1.6050			-76	
322	1.6100			-75	
323	1.6150			-73	
324	1.6200			-71	
325	1.6250			-69	
326	1.6300			-67	
327	1.6350			-64	
328	1.6400			-62	
329	1.6450			-60	
330	1.6500			-58	
331	1.6550			-55	
332	1.6600			-53	
333	1.6650			-50	
334	1.6700			-48	
335	1.6750			-45	
336	1.6800			-42	
337	1.6850			-40	
338	1.6900			-37	
339	1.6950			-34	
340	1.7000			-32	
341	1.7050			-28	
342	1.7100			-26	
343	1.7150			-23	
344	1.7200			-20	
345	1.7250			-17	
346	1.7300			-14	
347	1.7350			-11	
348	1.7400			-8	
349	1.7450			-6	
350	1.7500			-2	
351	1.7550			0	
352	1.7600			3	
353	1.7650			6	
354	1.7700			9	
355	1.7750			12	
356	1.7800			15	
357	1.7850			18	
358	1.7900			21	
359	1.7950			24	
360	1.8000			26	
361	1.8050			30	
362	1.8100			32	
363	1.8150			35	
364	1.8200			38	
365	1.8250			40	
366	1.8300			43	
367	1.8350			46	
368	1.8400			48	
369	1.8450			51	
370	1.8500			53	
371	1.8550			56	
372	1.8600			58	
373	1.8650			60	
374	1.8700			62	
375	1.8750			65	
376	1.8800			67	
377	1.8850			69	
378	1.8900			71	
379	1.8950			73	
380	1.9000			74	
381	1.9050			76	
382	1.9100			78	
383	1.9150			80	
384	1.9200			81	
385	1.9250			83	
386	1.9300			84	
387	1.9350			86	
388	1.9400			87	
389	1.9450			88	
390	1.9500			89	
391	1.9550			90	
392	1.9600			91	
393	1.9650			92	
394	1.9700			92	
395	1.9750			93	
396	1.9800			94	
397	1.9850			94	
398	1.9900			94	
399	1.9950			95	
400	2.0000			95	
401	2.0050			95	
402	2.0100			95	
403	2.0150			95	
404	2.0200			95	
405	2.0250			94	
406	2.0300			94	
407	2.0350			94	
408	2.0400			93	
409	2.0450			92	
410	2.0500			92	
411	2.0550			91	
412	2.0600			90	
413	2.0650			89	
414	2.0700			88	
415	2.0750			87	
416	2.0800			86	
417	2.0850			85	
418	2.0900			84	
419	2.0950			82	
420	2.1000			80	
421	2.1050			79	
422	2.1100			77	
423	2.1150			75	
424	2.1200			74	
425	2.1250			72	
426	2.1300			70	
427	2.1350			68	
428	2.1400			66	
429	2.1450			64	
430	2.1500			61	
431	2.1550			59	
432	2.1600			57	
433	2.1650			54	
434	2.1700			52	
435	2.1750			50	
436	2.1800			47	
437	2.1850			45	
438	2.1900			42	
439	2.1950			40	
440	2.2000			37	
441	2.2050			34	
442	2.2100			32	
443	2.2150			29	
444	2.2200			26	
445	2.2250			23	
446	2.2300			20	
447	2.2350			18	
448	2.2400			15	
449	2.2450			12	
450	2.2500			9	
451	2.2550			6	
452	2.2600			4	
453	2.2650			1	
454	2.2700			-2	
455	2.2750			-5	
456	2.2800			-8	
457	2.2850			-11	
458	2.2900			-14	
459	2.2950			-16	
460	2.3000			-19	
461	2.3050			-22	
462	2.3100			-25	
463	2.3150			-27	
464	2.3200			-30	
465	2.3250			-33	
466	2.3300			-35	
467	2.3350			-38	
468	2.3400			-40	
469	2.3450			-43	
470	2.3500			-45	
471	2.3550			-48	
472	2.3600			-50	
473	2.3650			-52	
474	2.3700			-54	
475	2.3750			-57	
476	2.3800			-59	
477	2.3850			-61	
478	2.3900			-63	
479	2.3950			-65	
480	2.4000			-67	
481	2.4050			-69	
482	2.4100			-70	
483	2.4150			-72	
484	2.4200			-74	
485	2.4250			-75	
486	2.4300			-77	
487	2.4350			-78	
488	2.4400			-79	
489	2.4450			-80	
490	2.4500			-82	
491	2.4550			-83	
492	2.4600			-84	
493	2.4650			-85	
494	2.4700			-86	
495	2.4750			-86	
496	2.4800			-87	
497	2.4850			-88	
498	2.4900			-88	
499	2.4950			-88	
500	2.5000			-89	
501	2.5050			-89	
502	2.5100			-89	
503	2.5150			-89	
504	2.5200			-89	
505	2.5250			-89	
506	2.5300			-89	
507	2.5350			-89	
508	2.5400			-88	
509	2.5450			-88	
510	2.5500			-87	
511	2.5550			-87	
512	2.5600			-86	
513	2.5650			-85	
514	2.5700			-84	
515	2.5750			-83	
516	2.5800			-82	
517	2.5850			-81	
518	2.5900			-80	
519	2.5950			-79	
520	2.6000			-77	
521	2.6050			-76	
522	2.6100			-74	
523	2.6150			-73	
524	2.6200			-71	
525	2.6250			-70	
526	2.6300			-68	
527	2.6350			-66	
528	2.6400			-64	
529	2.6450			-62	
530	2.6500			-60	
531	2.6550			-58	
532	2.6600			-56	
533	2.6650			-54	
534	2.6700			-52	
535	2.6750			-49	
536	2.6800			-47	
537	2.6850			-44	
538	2.6900			-42	
539	2.6950			-40	
540	2.7000			-37	
541	2.7050			-34	
542	2.7100			-32	
543	2.7150			-29	
544	2.7200			-26	
545	2.7250			-24	
546	2.7300			-21	
547	2.7350			-19	
548	2.7400			-16	
549	2.7450			-13	
550	2.7500			-10	
551	2.7550			-8	
552	2.7600			-5	
553	2.7650			-2	
554	2.7700			0	
555	2.7750			3	
556	2.7800			6	
557	2.7850			8	
558	2.7900			11	
559	2.7950			14	
560	2.8000			17	
561	2.8050			20	
562	2.8100			22	
563	2.8150			25	
564	2.8200			28	
565	2.8250			30	
566	2.8300			33	
567	2.8350			35	
568	2.8400			38	
569	2.8450			40	
570	2.8500			42	
571	2.8550			45	
572	2.8600			47	
573	2.8650			49	
574	2.8700			52	
575	2.8750			54	
576	2.8800			56	
577	2.8850			58	
578	2.8900			60	
579	2.8950			62	
580	2.9000			64	
581	2.9050			66	
582	2.9100			68	
583	2.9150			69	
584	2.9200			71	
585	2.9250			73	
586	2.9300			74	
587	2.9350			76	
588	2.9400			77	
589	2.9450			78	
590	2.9500			80	
591	2.9550			81	
592	2.9600			82	
593	2.9650			83	
594	2.9700			84	
595	2.9750			84	
596	2.9800			85	
597	2.9850			86	
598	2.9900			86	
599	2.9950			87	
600	3.0000			88	
601	3.0050			88	
602	3.0100			88	
603	3.0150			88	
604	3.0200			88	
605	3.0250			88	
606	3.0300			88	
607	3.0350			88	
608	3.0400			88	
609	3.0450			88	
610	3.0500			87	
611	3.0550			87	
612	3.0600			86	
613	3.0650			86	
614	3.0700			85	
615	3.0750			84	
616	3.0800			83	
617	3.0850			82	
618	3.0900			81	
619	3.0950			80	
620	3.1000			79	
621	3.1050			78	
622	3.1100			76	
623	3.1150			75	
624	3.1200			73	
625	3.1250			72	
626	3.1300			70	
627	3.1350			68	
628	3.1400			67	
629	3.1450			65	
630	3.1500			63	
631	3.1550			61	
632	3.1600			59	
633	3.1650			57	
634	3.1700			55	
635	3.1750			53	
636	3.1800			51	
637	3.1850			49	
638	3.1900			46	
639	3.1950			44	
640	3.2000			42	
641	3.2050			39	
642	3.2100			37	
643	3.2150			34	
644	3.2200			32	
645	3.2250			30	
646	3.2300			27	
647	3.2350			24	
648	3.2400			22	
649	3.2450			19	
650	3.2500			17	
651	3.2550			14	
652	3.2600			12	
653	3.2650			9	
654	3.2700			6	
655	3.2750			4	
656	3.2800			1	
657	3.2850			-2	
658	3.2900			-4	
659	3.2950			-7	
660	3.3000			-10	
661	3.3050			-12	
662	3.3100			-15	
663	3.3150			-18	
664	3.3200			-20	
665	3.3250			-22	
666	3.3300			-25	
667	3.3350			-28	
668	3.3400			-30	
669	3.3450			-32	
670	3.3500			-35	
671	3.3550			-37	
672	3.3600			-40	
673	3.3650			-42	
674	3.3700			-44	
675	3.3750			-46	
676	3.3800			-48	
677	3.3850			-50	
678	3.3900			-52	
679	3.3950			-54	
680	3.4000			-56	
681	3.4050			-58	
682	3.4100			-60	
683	3.4150			-62	
684	3.4200			-64	
685	3.4250			-65	
686	3.4300			-67	
687	3.4350			-68	
688	3.4400			-70	
689	3.4450			-71	
690	3.4500			-72	
691	3.4550			-74	
692	3.4600			-75	
693	3.4650			-76	
694	3.4700			-77	
695	3.4750			-78	
696	3.4800			-78	
697	3.4850			-79	
698	3.4900			-80	
699	3.4950			-81	
700	3.5000			-81	
701	3.5050			-82	
702	3.5100			-82	
703	3.5150			-82	
704	3.5200			-83	
705	3.5250			-83	
706	3.5300			-83	
707	3.5350			-83	
708	3.5400			-83	
709	3.5450			-82	
710	3.5500			-82	
711	3.5550			-82	
712	3.5600			-82	
713	3.5650			-81	
714	3.5700			-80	
715	3.5750			-80	
716	3.5800			-79	
717	3.5850			-78	
718	3.5900			-77	
719	3.5950			-76	
720	3.6000			-75	
721	3.6050			-74	
722	3.6100			-73	
723	3.6150			-72	
724	3.6200			-70	
725	3.6250			-69	
726	3.6300			-68	
727	3.6350			-66	
728	3.6400			-64	
729	3.6450			-63	
730	3.6500			-61	
731	3.6550			-60	
732	3.6600			-58	
733	3.6650			-56	
734	3.6700			-54	
735	3.6750			-52	
736	3.6800			-50	
737	3.6850			-48	
738	3.6900			-46	
739	3.6950			-44	
740	3.7000			-41	
741	3.7050			-39	
742	3.7100			-37	
743	3.7150			-34	
744	3.7200			-32	
745	3.7250			-30	
746	3.7300			-27	
747	3.7350			-25	
748	3.7400			-22	
749	3.7450			-20	
750	3.7500			-18	
751	3.7550			-15	
752	3.7600			-12	
753	3.7650			-10	
754	3.7700			-7	
755	3.7750			-5	
756	3.7800			-2	
757	3.7850			0	
758	3.7900			3	
759	3.7950			5	
760	3.8000			8	
761	3.8050			10	
762	3.8100			13	
763	3.8150			16	
764	3.8200			18	
765	3.8250			20	
766	3.8300			23	
767	3.8350			26	
768	3.8400			28	
769	3.8450			30	
770	3.8500			32	
771	3.8550			35	
772	3.8600			37	
773	3.8650			40	
774	3.8700			42	
775	3.8750			44	
776	3.8800			46	
777	3.8850			48	
778	3.8900			50	
779	3.8950			52	
780	3.9000			54	
781	3.9050			56	
782	3.9100			58	
783	3.9150			60	
784	3.9200			61	
785	3.9250			63	
786	3.9300			64	
787	3.9350			66	
788	3.9400			68	
789	3.9450			69	
790	3.9500			70	
791	3.9550			72	
792	3.9600			73	
793	3.9650			74	
794	3.9700			75	
795	3.9750			76	
796	3.9800			77	
797	3.9850			78	
798	3.9900			78	
799	3.9950			79	
800	4.0000			80	
801	4.0050			80	
802	4.0100			81	
803	4.0150			81	
804	4.0200			82	
805	4.0250			82	
806	4.0300			82	
807	4.0350			82	
808	4.0400			82	
809	4.0450			82	
810	4.0500			82	
811	4.0550			82	
812	4.0600			82	
813	4.0650			81	
814	4.0700			81	
815	4.0750			80	
816	4.0800			80	
817	4.0850			79	
818	4.0900			78	
819	4.0950			78	
820	4.1000			76	
821	4.1050			76	
822	4.1100			74	
823	4.1150			73	
824	4.1200			72	
825	4.1250			71	
826	4.1300			70	
827	4.1350			68	
828	4.1400			67	
829	4.1450			65	
830	4.1500			64	
831	4.1550			62	
832	4.1600			60	
833	4.1650			59	
834	4.1700			57	
835	4.1750			55	
836	4.1800			53	
837	4.1850			52	
838	4.1900			50	
839	4.1950			48	
840	4.2000			46	
841	4.2050			43	
842	4.2100			41	
843	4.2150			39	
844	4.2200			37	
845	4.2250			34	
846	4.2300			32	
847	4.2350			30	
848	4.2400			28	
849	4.2450			25	
850	4.2500			23	
851	4.2550			20	
852	4.2600			18	
853	4.2650			16	
854	4.2700			13	
855	4.2750			11	
856	4.2800			8	
857	4.2850			6	
858	4.2900			3	
859	4.2950			1	
860	4.3000			-2	
861	4.3050			-4	
862	4.3100			-6	
863	4.3150			-9	
864	4.3200			-11	
865	4.3250			-14	
866	4.3300			-16	
867	4.3350			-18	
868	4.3400			-21	
869	4.3450			-23	
870	4.3500			-26	
871	4.3550			-28	
872	4.3600			-30	
873	4.3650			-32	
874	4.3700			-34	
875	4.3750			-36	
876	4.3800			-39	
877	4.3850			-41	
878	4.3900			-43	
879	4.3950			-45	
880	4.4000			-47	
881	4.4050			-49	
882	4.4100			-51	
883	4.4150			-52	
884	4.4200			-54	
885	4.4250			-56	
886	4.4300			-58	
887	4.4350			-59	
888	4.4400			-60	
889	4.4450			-62	
890	4.4500			-63	
891	4.4550			-65	
892	4.4600			-66	
893	4.4650			-67	
894	4.4700			-68	
895	4.4750			-69	
896	4.4800			-70	
897	4.4850			-71	
898	4.4900			-72	
899	4.4950			-73	
900	4.5000			-74	
901	4.5050			-74	
902	4.5100			-75	
903	4.5150			-76	
904	4.5200			-76	
905	4.5250			-76	
906	4.5300			-76	
907	4.5350			-77	
908	4.5400			-77	
909	4.5450			-77	
910	4.5500			-77	
911	4.5550			-77	
912	4.5600			-77	
913	4.5650			-76	
914	4.5700			-76	
915	4.5750			-76	
916	4.5800			-75	
917	4.5850			-75	
918	4.5900			-74	
919	4.5950			-73	
920	4.6000			-73	
921	4.6050			-72	
922	4.6100			-71	
923	4.6150			-70	
924	4.6200			-69	
925	4.6250			-68	
926	4.6300			-67	
927	4.6350			-66	
928	4.6400			-64	
929	4.6450			-63	
930	4.6500			-62	
931	4.6550			-60	
932	4.6600			-58	
933	4.6650			-57	
934	4.6700			-55	
935	4.6750			-54	
936	4.6800			-52	
937	4.6850			-50	
938	4.6900			-48	
939	4.6950			-46	
940	4.7000			-44	
941	4.7050			-42	
942	4.7100			-40	
943	4.7150			-38	
944	4.7200			-36	
945	4.7250			-34	
946	4.7300			-32	
947	4.7350			-30	
948	4.7400			-28	
949	4.7450			-25	
950	4.7500			-23	
951	4.7550			-21	
952	4.7600			-18	
953	4.7650			-16	
954	4.7700			-14	
955	4.7750			-12	
956	4.7800			-9	
957	4.7850			-7	
958	4.7900			-4	
959	4.7950			-2	
960	4.8000			0	
961	4.8050			3	
962	4.8100			5	
963	4.8150			8	
964	4.8200			10	
965	4.8250			12	
966	4.8300			14	
967	4.8350			17	
968	4.8400			19	
969	4.8450			21	
970	4.8500			24	
971	4.8550			26	
972	4.8600			28	
973	4.8650			30	
974	4.8700			32	
975	4.8750			34	
976	4.8800			36	
977	4.8850			38	
978	4.8900			41	
979	4.8950			42	
980	4.9000			44	
981	4.9050			46	
982	4.9100			48	
983	4.9150			50	
984	4.9200			52	
985	4.9250			54	
986	4.9300			55	
987	4.9350			57	
988	4.9400			58	
989	4.9450			60	
990	4.9500			61	
991	4.9550			63	
992	4.9600			64	
993	4.9650			65	
994	4.9700			66	
995	4.9750			68	
996	4.9800			69	
997	4.9850			70	
998	4.9900			71	
999	4.9950			72	
1000	5.0000			72	
1001	5.0050			73	
1002	5.0100			74	
1003	5.0150			74	
1004	5.0200			75	
1005	5.0250			75	
1006	5.0300			76	
1007	5.0350			76	
1008	5.0400			76	
1009	5.0450			76	
1010	5.0500			76	
1011	5.0550			76	
1012	5.0600			76	
1013	5.0650			76	
1014	5.0700			76	
1015	5.0750			76	
1016	5.0800			76	
1017	5.0850			75	
1018	5.0900			75	
1019	5.0950			74	
1020	5.1000			74	
1021	5.1050			73	
1022	5.1100			72	
1023	5.1150			71	
1024	5.1200			70	
1025	5.1250			69	
1026	5.1300			68	
1027	5.1350			67	
1028	5.1400			66	
1029	5.1450			65	
1030	5.1500			64	
1031	5.1550			62	
1032	5.1600			61	
1033	5.1650			59	
1034	5.1700			58	
1035	5.1750			56	
1036	5.1800			55	
1037	5.1850			53	
1038	5.1900			52	
1039	5.1950			50	
1040	5.2000			48	
1041	5.2050			46	
1042	5.2100			44	
1043	5.2150			42	
1044	5.2200			40	
1045	5.2250			38	
1046	5.2300			36	
1047	5.2350			34	
1048	5.2400			32	
1049	5.2450			30	
1050	5.2500			28	
1051	5.2550			26	
1052	5.2600			24	
1053	5.2650			21	
1054	5.2700			19	
1055	5.2750			17	
1056	5.2800			15	
1057	5.2850			12	
1058	5.2900			10	
1059	5.2950			8	
1060	5.3000			6	
1061	5.3050			3	
1062	5.3100			1	
1063	5.3150			-1	
1064	5.3200			-4	
1065	5.3250			-6	
1066	5.3300			-8	
1067	5.3350			-10	
1068	5.3400			-12	
1069	5.3450			-15	
1070	5.3500			-17	
1071	5.3550			-19	
1072	5.3600			-21	
1073	5.3650			-24	
1074	5.3700			-26	
1075	5.3750			-28	
1076	5.3800			-30	
1077	5.3850			-32	
1078	5.3900			-34	
1079	5.3950			-36	
1080	5.4000			-38	
1081	5.4050			-40	
1082	5.4100			-42	
1083	5.4150			-44	
1084	5.4200			-45	
1085	5.4250			-47	
1086	5.4300			-48	
1087	5.4350			-50	
1088	5.4400			-52	
1089	5.4450			-53	
1090	5.4500			-55	
1091	5.4550			-56	
1092	5.4600			-57	
1093	5.4650			-59	
1094	5.4700			-60	
1095	5.4750			-61	
1096	5.4800			-62	
1097	5.4850			-63	
1098	5.4900			-64	
1099	5.4950			-65	
1100	5.5000			-66	
1101	5.5050			-67	
1102	5.5100			-68	
1103	5.5150			-68	
1104	5.5200			-69	
1105	5.5250			-70	
1106	5.5300			-70	
1107	5.5350			-70	
1108	5.5400			-71	
1109	5.5450			-71	
1110	5.5500			-71	
1111	5.5550			-71	
1112	5.5600			-71	
1113	5.5650			-71	
1114	5.5700			-71	
1115	5.5750			-71	
1116	5.5800			-71	
1117	5.5850			-70	
1118	5.5900			-70	
1119	5.5950			-70	
1120	5.6000			-69	
1121	5.6050			-68	
1122	5.6100			-68	
1123	5.6150			-67	
1124	5.6200			-66	
1125	5.6250			-66	
1126	5.6300			-65	
1127	5.6350			-64	
1128	5.6400			-63	
1129	5.6450			-62	
1130	5.6500			-61	
1131	5.6550			-60	
1132	5.6600			-58	
1133	5.6650			-57	
1134	5.6700			-56	
1135	5.6750			-54	
1136	5.6800			-53	
1137	5.6850			-51	
1138	5.6900			-50	
1139	5.6950			-48	
1140	5.7000			-46	
1141	5.7050			-44	
1142	5.7100			-43	
1143	5.7150			-41	
1144	5.7200			-39	
1145	5.7250			-37	
1146	5.7300			-36	
1147	5.7350			-34	
1148	5.7400			-32	
1149	5.7450			-30	
1150	5.7500			-28	
1151	5.7550			-26	
1152	5.7600			-24	
1153	5.7650			-21	
1154	5.7700			-19	
1155	5.7750			-17	
1156	5.7800			-15	
1157	5.7850			-13	
1158	5.7900			-11	
1159	5.7950			-8	
1160	5.8000			-6	
1161	5.8050			-4	
1162	5.8100			-2	
1163	5.8150			0	
1164	5.8200			3	
1165	5.8250			5	
1166	5.8300			7	
1167	5.8350			9	
1168	5.8400			11	
1169	5.8450			14	
1170	5.8500			16	
1171	5.8550			18	
1172	5.8600			20	
1173	5.8650			22	
1174	5.8700			24	
1175	5.8750			26	
1176	5.8800			28	
1177	5.8850			30	
1178	5.8900			32	
1179	5.8950			34	
1180	5.9000			36	
1181	5.9050			38	
1182	5.9100			40	
1183	5.9150			42	
1184	5.9200			43	
1185	5.9250			45	
1186	5.9300			47	
1187	5.9350			48	
1188	5.9400			50	
1189	5.9450			51	
1190	5.9500			53	
1191	5.9550			54	
1192	5.9600			56	
1193	5.9650			57	
1194	5.9700			58	
1195	5.9750			60	
1196	5.9800			61	
1197	5.9850			62	
1198	5.9900			63	
1199	5.9950			64	
1200	6.0000			65	
1201	6.0050			66	
1202	6.0100			66	
1203	6.0150			67	
1204	6.0200			68	
1205	6.0250			68	
1206	6.0300			69	
1207	6.0350			70	
1208	6.0400			70	
1209	6.0450			70	
1210	6.0500			70	
1211	6.0550			71	
1212	6.0600			71	
1213	6.0650			71	
1214	6.0700			71	
1215	6.0750			71	
1216	6.0800			71	
1217	6.0850			71	
1218	6.0900			70	
1219	6.0950			70	
1220	6.1000			70	
1221	6.1050			69	
1222	6.1100			69	
1223	6.1150			68	
1224	6.1200			68	
1225	6.1250			67	
1226	6.1300			66	
1227	6.1350			65	
1228	6.1400			64	
1229	6.1450			63	
1230	6.1500			62	
1231	6.1550			61	
1232	6.1600			60	
1233	6.1650			59	
1234	6.1700			58	
1235	6.1750			56	
1236	6.1800			55	
1237	6.1850			54	
1238	6.1900			52	
1239	6.1950			51	
1240	6.2000			50	
1241	6.2050			48	
1242	6.2100			46	
1243	6.2150			44	
1244	6.2200			43	
1245	6.2250			41	
1246	6.2300			39	
1247	6.2350			38	
1248	6.2400			36	
1249	6.2450			34	
1250	6.2500			32	
1251	6.2550			30	
1252	6.2600			28	
1253	6.2650			26	
1254	6.2700			24	
1255	6.2750			22	
1256	6.2800			20	
1257	6.2850			18	
1258	6.2900			16	
1259	6.2950			14	
1260	6.3000			12	
1261	6.3050			9	
1262	6.3100			7	
1263	6.3150			5	
1264	6.3200			3	
1265	6.3250			1	
1266	6.3300			-1	
1267	6.3350			-3	
1268	6.3400			-5	
1269	6.3450			-8	
1270	6.3500			-10	
1271	6.3550			-12	
1272	6.3600			-14	
1273	6.3650			-16	
1274	6.3700			-18	
1275	6.3750			-20	
1276	6.3800			-22	
1277	6.3850			-24	
1278	6.3900			-26	
1279	6.3950			-28	
1280	6.4000			-30	
1281	6.4050			-32	
1282	6.4100			-33	
1283	6.4150			-35	
1284	6.4200			-37	
1285	6.4250			-38	
1286	6.4300			-40	
1287	6.4350			-42	
1288	6.4400			-44	
1289	6.4450			-45	
1290	6.4500			-46	
1291	6.4550			-48	
1292	6.4600			-49	
1293	6.4650			-51	
1294	6.4700			-52	
1295	6.4750			-53	
1296	6.4800			-54	
1297	6.4850			-56	
1298	6.4900			-57	
1299	6.4950			-58	
1300	6.5000			-59	
1301	6.5050			-60	
1302	6.5100			-60	
1303	6.5150			-61	
1304	6.5200			-62	
1305	6.5250			-63	
1306	6.5300			-63	
1307	6.5350			-64	
1308	6.5400			-64	
1309	6.5450			-65	
1310	6.5500			-65	
1311	6.5550			-66	
1312	6.5600			-66	
1313	6.5650			-66	
1314	6.5700			-66	
1315	6.5750			-66	
1316	6.5800			-66	
1317	6.5850			-66	
1318	6.5900			-66	
1319	6.5950			-66	
1320	6.6000			-65	
1321	6.6050			-65	
1322	6.6100			-64	
1323	6.6150			-64	
1324	6.6200			-64	
1325	6.6250			-63	
1326	6.6300			-62	
1327	6.6350			-62	
1328	6.6400			-61	
1329	6.6450			-60	
1330	6.6500			-59	
1331	6.6550			-58	
1332	6.6600			-57	
1333	6.6650			-56	
1334	6.6700			-55	
1335	6.6750			-54	
1336	6.6800			-53	
1337	6.6850			-52	
1338	6.6900			-50	
1339	6.6950			-49	
1340	6.7000			-48	
1341	6.7050			-46	
1342	6.7100			-44	
1343	6.7150			-43	
1344	6.7200			-41	
1345	6.7250			-40	
1346	6.7300			-38	
1347	6.7350			-36	
1348	6.7400			-34	
1349	6.7450			-33	
1350	6.7500			-31	
1351	6.7550			-29	
1352	6.7600			-28	
1353	6.7650			-26	
1354	6.7700			-24	
1355	6.7750			-22	
1356	6.7800			-20	
1357	6.7850			-18	
1358	6.7900			-16	
1359	6.7950			-14	
1360	6.8000			-12	
1361	6.8050			-10	
1362	6.8100			-8	
1363	6.8150			-6	
1364	6.8200			-4	
1365	6.8250			-2	
1366	6.8300			0	
1367	6.8350			2	
1368	6.8400			4	
1369	6.8450			6	
1370	6.8500			8	
1371	6.8550			10	
1372	6.8600			12	
1373	6.8650			14	
1374	6.8700			16	
1375	6.8750			18	
1376	6.8800			20	
1377	6.8850			22	
1378	6.8900			24	
1379	6.8950			26	
1380	6.9000			28	
1381	6.9050			30	
1382	6.9100			32	
1383	6.9150			34	
1384	6.9200			35	
1385	6.9250			37	
1386	6.9300			38	
1387	6.9350			40	
1388	6.9400			42	
1389	6.9450			43	
1390	6.9500			45	
1391	6.9550			46	
1392	6.9600			48	
1393	6.9650			49	
1394	6.9700			50	
1395	6.9750			52	
1396	6.9800			53	
1397	6.9850			54	
1398	6.9900			55	
1399	6.9950			56	
1400	7.0000			57	
1401	7.0050			58	
1402	7.0100			59	
1403	7.0150			60	
1404	7.0200			61	
1405	7.0250			62	
1406	7.0300			62	
1407	7.0350			63	
1408	7.0400			64	
1409	7.0450			64	
1410	7.0500			64	
1411	7.0550			65	
1412	7.0600			65	
1413	7.0650			66	
1414	7.0700			66	
1415	7.0750			66	
1416	7.0800			66	
1417	7.0850			66	
1418	7.0900			66	
1419	7.0950			66	
1420	7.1000			66	
1421	7.1050			66	
1422	7.1100			65	
1423	7.1150			65	
1424	7.1200			64	
1425	7.1250			64	
1426	7.1300			63	
1427	7.1350			63	
1428	7.1400			62	
1429	7.1450			61	
1430	7.1500			60	
1431	7.1550			60	
1432	7.1600			59	
1433	7.1650			58	
1434	7.1700			57	
1435	7.1750			56	
1436	7.1800			55	
1437	7.1850			54	
1438	7.1900			52	
1439	7.1950			51	
1440	7.2000			50	
1441	7.2050			48	
1442	7.2100			47	
1443	7.2150			46	
1444	7.2200			44	
1445	7.2250			43	
1446	7.2300			41	
1447	7.2350			40	
1448	7.2400			38	
1449	7.2450			36	
1450	7.2500			35	
1451	7.2550			33	
1452	7.2600			31	
1453	7.2650			30	
1454	7.2700			28	
1455	7.2750			26	
1456	7.2800			24	
1457	7.2850			22	
1458	7.2900			20	
1459	7.2950			18	
1460	7.3000			16	
1461	7.3050			14	
1462	7.3100			12	
1463	7.3150			10	
1464	7.3200			9	
1465	7.3250			7	
1466	7.3300			5	
1467	7.3350			3	
1468	7.3400			1	
1469	7.3450			-1	
1470	7.3500			-3	
1471	7.3550			-5	
1472	7.3600			-7	
1473	7.3650			-9	
1474	7.3700			-11	
1475	7.3750			-13	
1476	7.3800			-14	
1477	7.3850			-16	
1478	7.3900			-18	
1479	7.3950			-20	
1480	7.4000			-22	
1481	7.4050			-24	
1482	7.4100			-26	
1483	7.4150			-28	
1484	7.4200			-29	
1485	7.4250			-31	
1486	7.4300			-32	
1487	7.4350			-34	
1488	7.4400			-36	
1489	7.4450			-37	
1490	7.4500			-39	
1491	7.4550			-40	
1492	7.4600			-42	
1493	7.4650			-43	
1494	7.4700			-44	
1495	7.4750			-46	
1496	7.4800			-47	
1497	7.4850			-48	
1498	7.4900			-49	
1499	7.4950			-50	
1500	7.5000			-52	
1501	7.5050			-52	
1502	7.5100			-54	
1503	7.5150			-54	
1504	7.5200			-55	
1505	7.5250			-56	
1506	7.5300			-57	
1507	7.5350			-58	
1508	7.5400			-58	
1509	7.5450			-59	
1510	7.5500			-59	
1511	7.5550			-60	
1512	7.5600			-60	
1513	7.5650			-60	
1514	7.5700			-61	
1515	7.5750			-61	
1516	7.5800			-61	
1517	7.5850			-61	
1518	7.5900			-61	
1519	7.5950			-61	
1520	7.6000			-61	
1521	7.6050			-61	
1522	7.6100			-61	
1523	7.6150			-60	
1524	7.6200			-60	
1525	7.6250			-60	
1526	7.6300			-60	
1527	7.6350			-59	
1528	7.6400			-58	
1529	7.6450			-58	
1530	7.6500			-57	
1531	7.6550			-56	
1532	7.6600			-56	
1533	7.6650			-55	
1534	7.6700			-54	
1535	7.6750			-53	
1536	7.6800			-52	
1537	7.6850			-51	
1538	7.6900			-50	
1539	7.6950			-49	
1540	7.7000			-48	
1541	7.7050			-46	
1542	7.7100			-45	
1543	7.7150			-44	
1544	7.7200			-42	
1545	7.7250			-41	
1546	7.7300			-40	
1547	7.7350			-38	
1548	7.7400			-37	
1549	7.7450			-35	
1550	7.7500			-34	
1551	7.7550			-32	
1552	7.7600			-30	
1553	7.7650			-29	
1554	7.7700			-27	
1555	7.7750			-25	
1556	7.7800			-24	
1557	7.7850			-22	
1558	7.7900			-20	
1559	7.7950			-18	
1560	7.8000			-16	
1561	7.8050			-14	
1562	7.8100			-12	
1563	7.8150			-11	
1564	7.8200			-9	
1565	7.8250			-7	
1566	7.8300			-5	
1567	7.8350			-3	
1568	7.8400			-1	
1569	7.8450			0	
1570	7.8500			2	
1571	7.8550			4	
1572	7.8600			6	
1573	7.8650			8	
1574	7.8700			10	
1575	7.8750			12	
1576	7.8800			14	
1577	7.8850			16	
1578	7.8900			17	
1579	7.8950			19	
1580	7.9000			21	
1581	7.9050			23	
1582	7.9100			24	
1583	7.9150			26	
1584	7.9200			28	
1585	7.9250			30	
1586	7.9300			31	
1587	7.9350			33	
1588	7.9400			34	
1589	7.9450			36	
1590	7.9500			38	
1591	7.9550			39	
1592	7.9600			40	
1593	7.9650			42	
1594	7.9700			43	
1595	7.9750			44	
1596	7.9800			46	
1597	7.9850			47	
1598	7.9900			48	
1599	7.9950			49	
1600	8.0000			50	
1601	8.0050			52	
1602	8.0100			52	
1603	8.0150			54	
1604	8.0200			54	
1605	8.0250			55	
1606	8.0300			56	
1607	8.0350			57	
1608	8.0400			57	
1609	8.0450			58	
1610	8.0500			58	
1611	8.0550			59	
1612	8.0600			60	
1613	8.0650			60	
1614	8.0700			60	
1615	8.0750			61	
1616	8.0800			61	
1617	8.0850			61	
1618	8.0900			61	
1619	8.0950			61	
1620	8.1000			61	
1621	8.1050			61	
1622	8.1100			61	
1623	8.1150			61	
1624	8.1200			61	
1625	8.1250			60	
1626	8.1300			60	
1627	8.1350			60	
1628	8.1400			59	
1629	8.1450			59	
1630	8.1500			58	
1631	8.1550			58	
1632	8.1600			57	
1633	8.1650			56	
1634	8.1700			56	
1635	8.1750			55	
1636	8.1800			54	
1637	8.1850			53	
1638	8.1900			52	
1639	8.1950			51	
1640	8.2000			50	
1641	8.2050			49	
1642	8.2100			48	
1643	8.2150			46	
1644	8.2200			45	
1645	8.2250			44	
1646	8.2300			42	
1647	8.2350			41	
1648	8.2400			40	
1649	8.2450			38	
1650	8.2500			37	
1651	8.2550			36	
1652	8.2600			34	
1653	8.2650			32	
1654	8.2700			31	
1655	8.2750			29	
1656	8.2800			28	
1657	8.2850			26	
1658	8.2900			24	
1659	8.2950			22	
1660	8.3000			21	
1661	8.3050			19	
1662	8.3100			17	
1663	8.3150			15	
1664	8.3200			14	
1665	8.3250			12	
1666	8.3300			10	
1667	8.3350			8	
1668	8.3400			6	
1669	8.3450			4	
1670	8.3500			3	
1671	8.3550			1	
1672	8.3600			-1	
1673	8.3650			-3	
1674	8.3700			-4	
1675	8.3750			-6	
1676	8.3800			-8	
1677	8.3850			-10	
1678	8.3900			-12	
1679	8.3950			-14	
1680	8.4000			-15	
1681	8.4050			-17	
1682	8.4100			-19	
1683	8.4150			-20	
1684	8.4200			-22	
1685	8.4250			-24	
1686	8.4300			-26	
1687	8.4350			-27	
1688	8.4400			-29	
1689	8.4450			-30	
1690	8.4500			-32	
1691	8.4550			-33	
1692	8.4600			-34	
1693	8.4650			-36	
1694	8.4700			-37	
1695	8.4750			-39	
1696	8.4800			-40	
1697	8.4850			-41	
1698	8.4900			-42	
1699	8.4950			-44	
1700	8.5000			-45	
1701	8.5050			-46	
1702	8.5100			-47	
1703	8.5150			-48	
1704	8.5200			-49	
1705	8.5250			-50	
1706	8.5300			-50	
1707	8.5350			-51	
1708	8.5400			-52	
1709	8.5450			-53	
1710	8.5500			-54	
1711	8.5550			-54	
1712	8.5600			-54	
1713	8.5650			-55	
1714	8.5700			-56	
1715	8.5750			-56	
1716	8.5800			-56	
1717	8.5850			-56	
1718	8.5900			-56	
1719	8.5950			-57	
1720	8.6000			-57	
1721	8.6050			-57	
1722	8.6100			-57	
1723	8.6150			-57	
1724	8.6200			-57	
1725	8.6250			-56	
1726	8.6300			-56	
1727	8.6350			-56	
1728	8.6400			-56	
1729	8.6450			-55	
1730	8.6500			-55	
1731	8.6550			-54	
1732	8.6600			-54	
1733	8.6650			-53	
1734	8.6700			-52	
1735	8.6750			-52	
1736	8.6800			-51	
1737	8.6850			-50	
1738	8.6900			-49	
1739	8.6950			-48	
1740	8.7000			-47	
1741	8.7050			-46	
1742	8.7100			-45	
1743	8.7150			-44	
1744	8.7200			-43	
1745	8.7250			-42	
1746	8.7300			-41	
1747	8.7350			-39	
1748	8.7400			-38	
1749	8.7450			-37	
1750	8.7500			-36	
1751	8.7550			-34	
1752	8.7600			-32	
1753	8.7650			-31	
1754	8.7700			-30	
1755	8.7750			-28	
1756	8.7800			-26	
1757	8.7850			-25	
1758	8.7900			-24	
1759	8.7950			-22	
1760	8.8000			-20	
1761	8.8050			-18	
1762	8.8100			-17	
1763	8.8150			-15	
1764	8.8200			-13	
1765	8.8250			-12	
1766	8.8300			-10	
1767	8.8350			-8	
1768	8.8400			-6	
1769	8.8450			-5	
1770	8.8500			-3	
1771	8.8550			-1	
1772	8.8600			1	
1773	8.8650			2	
1774	8.8700			4	
1775	8.8750			6	
1776	8.8800			8	
1777	8.8850			9	
1778	8.8900			11	
1779	8.8950			13	
1780	8.9000			14	
1781	8.9050			16	
1782	8.9100			18	
1783	8.9150			20	
1784	8.9200			21	
1785	8.9250			23	
1786	8.9300			24	
1787	8.9350			26	
1788	8.9400			28	
1789	8.9450			29	
1790	8.9500			30	
1791	8.9550			32	
1792	8.9600			34	
1793	8.9650			35	
1794	8.9700			36	
1795	8.9750			38	
1796	8.9800			39	
1797	8.9850			40	
1798	8.9900			42	
1799	8.9950			42	
1800	9.0000			44	
1801	9.0050			45	
1802	9.0100			46	
1803	9.0150			47	
1804	9.0200			48	
1805	9.0250			49	
1806	9.0300			50	
1807	9.0350			50	
1808	9.0400			51	
1809	9.0450			52	
1810	9.0500			53	
1811	9.0550			53	
1812	9.0600			54	
1813	9.0650			54	
1814	9.0700			55	
1815	9.0750			56	
1816	9.0800			56	
1817	9.0850			56	
1818	9.0900			56	
1819	9.0950			57	
1820	9.1000			57	
1821	9.1050			57	
1822	9.1100			57	
1823	9.1150			57	
1824	9.1200			57	
1825	9.1250			57	
1826	9.1300			57	
1827	9.1350			56	
1828	9.1400			56	
1829	9.1450			56	
1830	9.1500			56	
1831	9.1550			55	
1832	9.1600			55	
1833	9.1650			54	
1834	9.1700			54	
1835	9.1750			53	
1836	9.1800			52	
1837	9.1850			52	
1838	9.1900			51	
1839	9.1950			50	
1840	9.2000			49	
1841	9.2050			48	
1842	9.2100			48	
1843	9.2150			46	
1844	9.2200			46	
1845	9.2250			44	
1846	9.2300			43	
1847	9.2350			42	
1848	9.2400			41	
1849	9.2450			40	
1850	9.2500			38	
1851	9.2550			37	
1852	9.2600			36	
1853	9.2650			34	
1854	9.2700			33	
1855	9.2750			32	
1856	9.2800			30	
1857	9.2850			29	
1858	9.2900			27	
1859	9.2950			26	
1860	9.3000			24	
1861	9.3050			22	
1862	9.3100			21	
1863	9.3150			19	
1864	9.3200			18	
1865	9.3250			16	
1866	9.3300			14	
1867	9.3350			13	
1868	9.3400			11	
1869	9.3450			9	
1870	9.3500			8	
1871	9.3550			6	
1872	9.3600			4	
1873	9.3650			3	
1874	9.3700			1	
1875	9.3750			-1	
1876	9.3800			-2	
1877	9.3850			-4	
1878	9.3900			-6	
1879	9.3950			-8	
1880	9.4000			-9	
1881	9.4050			-11	
1882	9.4100			-12	
1883	9.4150			-14	
1884	9.4200			-16	
1885	9.4250			-17	
1886	9.4300			-19	
1887	9.4350			-20	
1888	9.4400			-22	
1889	9.4450			-24	
1890	9.4500			-25	
1891	9.4550			-26	
1892	9.4600			-28	
1893	9.4650			-29	
1894	9.4700			-31	
1895	9.4750			-32	
1896	9.4800			-33	
1897	9.4850			-34	
1898	9.4900			-36	
1899	9.4950			-37	
1900	9.5000			-38	
1901	9.5050			-39	
1902	9.5100			-40	
1903	9.5150			-42	
1904	9.5200			-42	
1905	9.5250			-44	
1906	9.5300			-44	
1907	9.5350			-45	
1908	9.5400			-46	
1909	9.5450			-47	
1910	9.5500			-48	
1911	9.5550			-48	
1912	9.5600			-49	
1913	9.5650			-50	
1914	9.5700			-50	
1915	9.5750			-50	
1916	9.5800			-51	
1917	9.5850			-51	
1918	9.5900			-52	
1919	9.5950			-52	
1920	9.6000			-52	
1921	9.6050			-52	
1922	9.6100			-52	
1923	9.6150			-53	
1924	9.6200			-53	
1925	9.6250			-53	
1926	9.6300			-53	
1927	9.6350			-52	
1928	9.6400			-52	
1929	9.6450			-52	
1930	9.6500			-52	
1931	9.6550			-52	
1932	9.6600			-51	
1933	9.6650			-51	
1934	9.6700			-50	
1935	9.6750			-50	
1936	9.6800			-49	
1937	9.6850			-49	
1938	9.6900			-48	
1939	9.6950			-47	
1940	9.7000			-46	
1941	9.7050			-46	
1942	9.7100			-45	
1943	9.7150			-44	
1944	9.7200			-43	
1945	9.7250			-42	
1946	9.7300			-41	
1947	9.7350			-40	
1948	9.7400			-39	
1949	9.7450			-38	
1950	9.7500			-36	
1951	9.7550			-35	
1952	9.7600			-34	
1953	9.7650			-33	
1954	9.7700			-32	
1955	9.7750			-30	
1956	9.7800			-29	
1957	9.7850			-28	
1958	9.7900			-26	
1959	9.7950			-25	
1960	9.8000			-23	
1961	9.8050			-22	
1962	9.8100			-20	
1963	9.8150			-19	
1964	9.8200			-17	
1965	9.8250			-16	
1966	9.8300			-14	
1967	9.8350			-12	
1968	9.8400			-11	
1969	9.8450			-9	
1970	9.8500			-8	
1971	9.8550			-6	
1972	9.8600			-4	
1973	9.8650			-3	
1974	9.8700			-1	
1975	9.8750			0	
1976	9.8800			2	
1977	9.8850			4	
1978	9.8900			6	
1979	9.8950			7	
1980	9.9000			9	
1981	9.9050			10	
1982	9.9100			12	
1983	9.9150			14	
1984	9.9200			15	
1985	9.9250			17	
1986	9.9300			18	
1987	9.9350			20	
1988	9.9400			21	
1989	9.9450			23	
1990	9.9500			24	
1991	9.9550			26	
1992	9.9600			27	
1993	9.9650			28	
1994	9.9700			30	
1995	9.9750			31	
1996	9.9800			32	
1997	9.9850			34	
1998	9.9900			35	
1999	9.9950			36	
2000	10.0000			38	
2001	10.0050			39	
2002	10.0100			40	
2003	10.0150			41	
2004	10.0200			42	
2005	10.0250			43	
2006	10.0300			44	
2007	10.0350			44	
2008	10.0400			46	
2009	10.0450			46	
2010	10.0500			47	
2011	10.0550			48	
2012	10.0600			48	
2013	10.0650			49	
2014	10.0700			50	
2015	10.0750			50	
2016	10.0800			51	
2017	10.0850			51	
2018	10.0900			52	
2019	10.0950			52	
2020	10.1000			52	
2021	10.1050			53	
2022	10.1100			53	
2023	10.1150			53	
2024	10.1200			53	
2025	10.1250			53	
2026	10.1300			53	
2027	10.1350			53	
2028	10.1400			53	
2029	10.1450			53	
2030	10.1500			53	
2031	10.1550			52	
2032	10.1600			52	
2033	10.1650			52	
2034	10.1700			52	
2035	10.1750			51	
2036	10.1800			50	
2037	10.1850			50	
2038	10.1900			50	
2039	10.1950			49	
2040	10.2000			48	
2041	10.2050			48	
2042	10.2100			47	
2043	10.2150			46	
2044	10.2200			45	
2045	10.2250			44	
2046	10.2300			43	
2047	10.2350			42	
2048	10.2400			41	
2049	10.2450			40	
2050	10.2500			39	
2051	10.2550			38	
2052	10.2600			37	
2053	10.2650			36	
2054	10.2700			35	
2055	10.2750			34	
2056	10.2800			32	
2057	10.2850			31	
2058	10.2900			30	
2059	10.2950			28	
2060	10.3000			27	
2061	10.3050			25	
2062	10.3100			24	
2063	10.3150			22	
2064	10.3200			21	
2065	10.3250			20	
2066	10.3300			18	
2067	10.3350			16	
2068	10.3400			15	
2069	10.3450			14	
2070	10.3500			12	
2071	10.3550			10	
2072	10.3600			9	
2073	10.3650			7	
2074	10.3700			6	
2075	10.3750			4	
2076	10.3800			3	
2077	10.3850			1	
2078	10.3900			0	
2079	10.3950			-2	
2080	10.4000			-4	
2081	10.4050			-5	
2082	10.4100			-7	
2083	10.4150			-8	
2084	10.4200			-10	
2085	10.4250			-12	
2086	10.4300			-13	
2087	10.4350			-14	
2088	10.4400			-16	
2089	10.4450			-18	
2090	10.4500			-19	
2091	10.4550			-20	
2092	10.4600			-22	
2093	10.4650			-23	
2094	10.4700			-24	
2095	10.4750			-26	
2096	10.4800			-27	
2097	10.4850			-28	
2098	10.4900			-30	
2099	10.4950			-31	
2100	10.5000			-32	
2101	10.5050			-33	
2102	10.5100			-34	
2103	10.5150			-36	
2104	10.5200			-36	
2105	10.5250			-38	
2106	10.5300			-38	
2107	10.5350			-40	
2108	10.5400			-40	
2109	10.5450			-41	
2110	10.5500			-42	
2111	10.5550			-43	
2112	10.5600			-44	
2113	10.5650			-44	
2114	10.5700			-45	
2115	10.5750			-46	
2116	10.5800			-46	
2117	10.5850			-46	
2118	10.5900			-47	
2119	10.5950			-47	
2120	10.6000			-48	
2121	10.6050			-48	
2122	10.6100			-48	
2123	10.6150			-48	
2124	10.6200			-49	
2125	10.6250			-49	
2126	10.6300			-49	
2127	10.6350			-49	
2128	10.6400			-49	
2129	10.6450			-49	
2130	10.6500			-49	
2131	10.6550			-49	
2132	10.6600			-48	
2133	10.6650			-48	
2134	10.6700			-48	
2135	10.6750			-48	
2136	10.6800			-47	
2137	10.6850			-47	
2138	10.6900			-46	
2139	10.6950			-46	
2140	10.7000			-45	
2141	10.7050			-45	
2142	10.7100			-44	
2143	10.7150			-43	
2144	10.7200			-42	
2145	10.7250			-42	
2146	10.7300			-41	
2147	10.7350			-40	
2148	10.7400			-39	
2149	10.7450			-38	
2150	10.7500			-37	
2151	10.7550			-36	
2152	10.7600			-35	
2153	10.7650			-34	
2154	10.7700			-33	
2155	10.7750			-32	
2156	10.7800			-31	
2157	10.7850			-30	
2158	10.7900			-28	
2159	10.7950			-27	
2160	10.8000			-26	
2161	10.8050			-24	
2162	10.8100			-23	
2163	10.8150			-22	
2164	10.8200			-20	
2165	10.8250			-19	
2166	10.8300			-18	
2167	10.8350			-16	
2168	10.8400			-14	
2169	10.8450			-13	
2170	10.8500			-12	
2171	10.8550			-10	
2172	10.8600			-8	
2173	10.8650			-7	
2174	10.8700			-6	
2175	10.8750			-4	
2176	10.8800			-2	
2177	10.8850			-1	
2178	10.8900			0	
2179	10.8950			2	
2180	10.9000			4	
2181	10.9050			5	
2182	10.9100			6	
2183	10.9150			8	
2184	10.9200			10	
2185	10.9250			11	
2186	10.9300			12	
2187	10.9350			14	
2188	10.9400			16	
2189	10.9450			17	
2190	10.9500			18	
2191	10.9550			20	
2192	10.9600			21	
2193	10.9650			22	
2194	10.9700			24	
2195	10.9750			25	
2196	10.9800			26	
2197	10.9850			28	
2198	10.9900			29	
2199	10.9950			30	
2200	11.0000			31	
2201	11.0050			33	
2202	11.0100			34	
2203	11.0150			35	
2204	11.0200			36	
2205	11.0250			37	
2206	11.0300			38	
2207	11.0350			39	
2208	11.0400			40	
2209	11.0450			41	
2210	11.0500			42	
2211	11.0550			42	
2212	11.0600			43	
2213	11.0650			44	
2214	11.0700			44	
2215	11.0750			45	
2216	11.0800			46	
2217	11.0850			46	
2218	11.0900			47	
2219	11.0950			47	
2220	11.1000			48	
2221	11.1050			48	
2222	11.1100			48	
2223	11.1150			49	
2224	11.1200			49	
2225	11.1250			49	
2226	11.1300			49	
2227	11.1350			50	
2228	11.1400			50	
2229	11.1450			50	
2230	11.1500			50	
2231	11.1550			50	
2232	11.1600			49	
2233	11.1650			49	
2234	11.1700			49	
2235	11.1750			49	
2236	11.1800			48	
2237	11.1850			48	
2238	11.1900			48	
2239	11.1950			47	
2240	11.2000			47	
2241	11.2050			46	
2242	11.2100			46	
2243	11.2150			45	
2244	11.2200			44	
2245	11.2250			44	
2246	11.2300			43	
2247	11.2350			42	
2248	11.2400			41	
2249	11.2450			40	
2250	11.2500			40	
2251	11.2550			39	
2252	11.2600			38	
2253	11.2650			37	
2254	11.2700			36	
2255	11.2750			35	
2256	11.2800			34	
2257	11.2850			32	
2258	11.2900			31	
2259	11.2950			30	
2260	11.3000			29	
2261	11.3050			28	
2262	11.3100			26	
2263	11.3150			25	
2264	11.3200			24	
2265	11.3250			22	
2266	11.3300			21	
2267	11.3350			20	
2268	11.3400			18	
2269	11.3450			17	
2270	11.3500			16	
2271	11.3550			14	
2272	11.3600			13	
2273	11.3650			12	
2274	11.3700			10	
2275	11.3750			8	
2276	11.3800			7	
2277	11.3850			6	
2278	11.3900			4	
2279	11.3950			3	
2280	11.4000			1	
2281	11.4050			0	
2282	11.4100			-2	
2283	11.4150			-3	
2284	11.4200			-5	
2285	11.4250			-6	
2286	11.4300			-8	
2287	11.4350			-9	
2288	11.4400			-10	
2289	11.4450			-12	
2290	11.4500			-13	
2291	11.4550			-15	
2292	11.4600			-16	
2293	11.4650			-17	
2294	11.4700			-19	
2295	11.4750			-20	
2296	11.4800			-21	
2297	11.4850			-22	
2298	11.4900			-24	
2299	11.4950			-25	
2300	11.5000			-26	
2301	11.5050			-28	
2302	11.5100			-28	
2303	11.5150			-30	
2304	11.5200			-31	
2305	11.5250			-32	
2306	11.5300			-33	
2307	11.5350			-34	
2308	11.5400			-35	
2309	11.5450			-36	
2310	11.5500			-36	
2311	11.5550			-37	
2312	11.5600			-38	
2313	11.5650			-39	
2314	11.5700			-40	
2315	11.5750			-40	
2316	11.5800			-41	
2317	11.5850			-42	
2318	11.5900			-42	
2319	11.5950			-43	
2320	11.6000			-43	
2321	11.6050			-44	
2322	11.6100			-44	
2323	11.6150			-44	
2324	11.6200			-45	
2325	11.6250			-45	
2326	11.6300			-45	
2327	11.6350			-45	
2328	11.6400			-46	
2329	11.6450			-46	
2330	11.6500			-46	
2331	11.6550			-46	
2332	11.6600			-46	
2333	11.6650			-46	
2334	11.6700			-45	
2335	11.6750			-45	
2336	11.6800			-45	
2337	11.6850			-45	
2338	11.6900			-44	
2339	11.6950			-44	
2340	11.7000			-44	
2341	11.7050			-43	
2342	11.7100			-43	
2343	11.7150			-42	
2344	11.7200			-42	
2345	11.7250			-41	
2346	11.7300			-40	
2347	11.7350			-40	
2348	11.7400			-39	
2349	11.7450			-38	
2350	11.7500			-37	
2351	11.7550			-36	
2352	11.7600			-36	
2353	11.7650			-35	
2354	11.7700			-34	
2355	11.7750			-33	
2356	11.7800			-32	
2357	11.7850			-31	
2358	11.7900			-30	
2359	11.7950			-29	
2360	11.8000			-28	
2361	11.8050			-26	
2362	11.8100			-25	
2363	11.8150			-24	
2364	11.8200			-23	
2365	11.8250			-22	
2366	11.8300			-20	
2367	11.8350			-19	
2368	11.8400			-18	
2369	11.8450			-16	
2370	11.8500			-15	
2371	11.8550			-14	
2372	11.8600			-12	
2373	11.8650			-11	
2374	11.8700			-10	
2375	11.8750			-8	
2376	11.8800			-7	
2377	11.8850			-6	
2378	11.8900			-4	
2379	11.8950			-3	
2380	11.9000			-1	
2381	11.9050			0	
2382	11.9100			2	
2383	11.9150			3	
2384	11.9200			4	
2385	11.9250			6	
2386	11.9300			7	
2387	11.9350			9	
2388	11.9400			10	
2389	11.9450			12	
2390	11.9500			13	
2391	11.9550			14	
2392	11.9600			16	
2393	11.9650			17	
2394	11.9700			18	
2395	11.9750			20	
2396	11.9800			21	
2397	11.9850			22	
2398	11.9900			23	
2399	11.9950			24	
2400	12.0000			26	
2401	12.0050			27	
2402	12.0100			28	
2403	12.0150			29	
2404	12.0200			30	
2405	12.0250			31	
2406	12.0300			32	
2407	12.0350			33	
2408	12.0400			34	
2409	12.0450			35	
2410	12.0500			36	
2411	12.0550			37	
2412	12.0600			38	
2413	12.0650			38	
2414	12.0700			39	
2415	12.0750			40	
2416	12.0800			41	
2417	12.0850			41	
2418	12.0900			42	
2419	12.0950			42	
2420	12.1000			43	
2421	12.1050			44	
2422	12.1100			44	
2423	12.1150			44	
2424	12.1200			45	
2425	12.1250			45	
2426	12.1300			45	
2427	12.1350			46	
2428	12.1400			46	
2429	12.1450			46	
2430	12.1500			46	
2431	12.1550			46	
2432	12.1600			46	
2433	12.1650			46	
2434	12.1700			46	
2435	12.1750			46	
2436	12.1800			46	
2437	12.1850			46	
2438	12.1900			45	
2439	12.1950			45	
2440	12.2000			45	
2441	12.2050			44	
2442	12.2100			44	
2443	12.2150			44	
2444	12.2200			43	
2445	12.2250			42	
2446	12.2300			42	
2447	12.2350			41	
2448	12.2400			41	
2449	12.2450			40	
2450	12.2500			39	
2451	12.2550			39	
2452	12.2600			38	
2453	12.2650			37	
2454	12.2700			36	
2455	12.2750			35	
2456	12.2800			34	
2457	12.2850			34	
2458	12.2900			32	
2459	12.2950			32	
2460	12.3000			30	
2461	12.3050			29	
2462	12.3100			28	
2463	12.3150			27	
2464	12.3200			26	
2465	12.3250			25	
2466	12.3300			24	
2467	12.3350			22	
2468	12.3400			21	
2469	12.3450			20	
2470	12.3500			19	
2471	12.3550			18	
2472	12.3600			16	
2473	12.3650			15	
2474	12.3700			14	
2475	12.3750			12	
2476	12.3800			11	
2477	12.3850			10	
2478	12.3900			8	
2479	12.3950			7	
2480	12.4000			6	
2481	12.4050			4	
2482	12.4100			3	
2483	12.4150			1	
2484	12.4200			0	
2485	12.4250			-2	
2486	12.4300			-3	
2487	12.4350			-4	
2488	12.4400			-6	
2489	12.4450			-7	
2490	12.4500			-8	
2491	12.4550			-10	
2492	12.4600			-11	
2493	12.4650			-12	
2494	12.4700			-13	
2495	12.4750			-14	
2496	12.4800			-16	
2497	12.4850			-17	
2498	12.4900			-18	
2499	12.4950			-20	
2500	12.5000			-21	
2501	12.5050			-22	
2502	12.5100			-23	
2503	12.5150			-24	
2504	12.5200			-25	
2505	12.5250			-26	
2506	12.5300			-27	
2507	12.5350			-28	
2508	12.5400			-29	
2509	12.5450			-30	
2510	12.5500			-31	
2511	12.5550			-32	
2512	12.5600			-33	
2513	12.5650			-34	
2514	12.5700			-34	
2515	12.5750			-35	
2516	12.5800			-36	
2517	12.5850			-37	
2518	12.5900			-37	
2519	12.5950			-38	
2520	12.6000			-38	
2521	12.6050			-39	
2522	12.6100			-40	
2523	12.6150			-40	
2524	12.6200			-40	
2525	12.6250			-41	
2526	12.6300			-41	
2527	12.6350			-41	
2528	12.6400			-42	
2529	12.6450			-42	
2530	12.6500			-42	
2531	12.6550			-42	
2532	12.6600			-42	
2533	12.6650			-42	
2534	12.6700			-42	
2535	12.6750			-42	
2536	12.6800			-42	
2537	12.6850			-42	
2538	12.6900			-42	
2539	12.6950			-42	
2540	12.7000			-42	
2541	12.7050			-41	
2542	12.7100			-41	
2543	12.7150			-40	
2544	12.7200			-40	
2545	12.7250			-40	
2546	12.7300			-39	
2547	12.7350			-38	
2548	12.7400			-38	
2549	12.7450			-38	
2550	12.7500			-37	
2551	12.7550			-36	
2552	12.7600			-36	
2553	12.7650			-35	
2554	12.7700			-34	
2555	12.7750			-33	
2556	12.7800			-32	
2557	12.7850			-32	
2558	12.7900			-30	
2559	12.7950			-30	
2560	12.8000			-29	
2561	12.8050			-28	
2562	12.8100			-27	
2563	12.8150			-26	
2564	12.8200			-24	
2565	12.8250			-24	
2566	12.8300			-22	
2567	12.8350			-21	
2568	12.8400			-20	
2569	12.8450			-19	
2570	12.8500			-18	
2571	12.8550			-16	
2572	12.8600			-15	
2573	12.8650			-14	
2574	12.8700			-13	
2575	12.8750			-12	
2576	12.8800			-10	
2577	12.8850			-9	
2578	12.8900			-8	
2579	12.8950			-6	
2580	12.9000			-5	
2581	12.9050			-4	
2582	12.9100			-2	
2583	12.9150			-1	
2584	12.9200			0	
2585	12.9250			2	
2586	12.9300			3	
2587	12.9350			4	
2588	12.9400			6	
2589	12.9450			7	
2590	12.9500			8	
2591	12.9550			9	
2592	12.9600			10	
2593	12.9650			12	
2594	12.9700			13	
2595	12.9750			14	
2596	12.9800			16	
2597	12.9850			17	
2598	12.9900			18	
2599	12.9950			19	
2600	13.0000			20	
2601	13.0050			22	
2602	13.0100			23	
2603	13.0150			24	
2604	13.0200			25	
2605	13.0250			26	
2606	13.0300			27	
2607	13.0350			28	
2608	13.0400			29	
2609	13.0450			30	
2610	13.0500			31	
2611	13.0550			32	
2612	13.0600			32	
2613	13.0650			34	
2614	13.0700			34	
2615	13.0750			35	
2616	13.0800			36	
2617	13.0850			36	
2618	13.0900			37	
2619	13.0950			38	
2620	13.1000			38	
2621	13.1050			39	
2622	13.1100			40	
2623	13.1150			40	
2624	13.1200			40	
2625	13.1250			41	
2626	13.1300			41	
2627	13.1350			42	
2628	13.1400			42	
2629	13.1450			42	
2630	13.1500			42	
2631	13.1550			42	
2632	13.1600			43	
2633	13.1650			43	
2634	13.1700			43	
2635	13.1750			43	
2636	13.1800			43	
2637	13.1850			43	
2638	13.1900			43	
2639	13.1950			42	
2640	13.2000			42	
2641	13.2050			42	
2642	13.2100			42	
2643	13.2150			42	
2644	13.2200			41	
2645	13.2250			41	
2646	13.2300			41	
2647	13.2350			40	
2648	13.2400			40	
2649	13.2450			39	
2650	13.2500			39	
2651	13.2550			38	
2652	13.2600			38	
2653	13.2650			37	
2654	13.2700			36	
2655	13.2750			36	
2656	13.2800			35	
2657	13.2850			34	
2658	13.2900			33	
2659	13.2950			32	
2660	13.3000			31	
2661	13.3050			30	
2662	13.3100			29	
2663	13.3150			28	
2664	13.3200			28	
2665	13.3250			26	
2666	13.3300			26	
2667	13.3350			24	
2668	13.3400			23	
2669	13.3450			22	
2670	13.3500			21	
2671	13.3550			20	
2672	13.3600			19	
2673	13.3650			18	
2674	13.3700			16	
2675	13.3750			15	
2676	13.3800			14	
2677	13.3850			13	
2678	13.3900			12	
2679	13.3950			10	
2680	13.4000			9	
2681	13.4050			8	
2682	13.4100			6	
2683	13.4150			5	
2684	13.4200			4	
2685	13.4250			3	
2686	13.4300			2	
2687	13.4350			0	
2688	13.4400			-1	
2689	13.4450			-2	
2690	13.4500			-4	
2691	13.4550			-5	
2692	13.4600			-6	
2693	13.4650			-7	
2694	13.4700			-8	
2695	13.4750			-10	
2696	13.4800			-11	
2697	13.4850			-12	
2698	13.4900			-13	
2699	13.4950			-14	
2700	13.5000			-16	
2701	13.5050			-17	
2702	13.5100			-18	
2703	13.5150			-19	
2704	13.5200			-20	
2705	13.5250			-21	
2706	13.5300			-22	
2707	13.5350			-23	
2708	13.5400			-24	
2709	13.5450			-25	
2710	13.5500			-26	
2711	13.5550			-27	
2712	13.5600			-28	
2713	13.5650			-29	
2714	13.5700			-30	
2715	13.5750			-30	
2716	13.5800			-31	
2717	13.5850			-32	
2718	13.5900			-32	
2719	13.5950			-33	
2720	13.6000			-34	
2721	13.6050			-34	
2722	13.6100			-35	
2723	13.6150			-36	
2724	13.6200			-36	
2725	13.6250			-36	
2726	13.6300			-37	
2727	13.6350			-37	
2728	13.6400			-38	
2729	13.6450			-38	
2730	13.6500			-38	
2731	13.6550			-38	
2732	13.6600			-39	
2733	13.6650			-39	
2734	13.6700			-39	
2735	13.6750			-39	
2736	13.6800			-39	
2737	13.6850			-39	
2738	13.6900			-39	
2739	13.6950			-39	
2740	13.7000			-39	
2741	13.7050			-39	
2742	13.7100			-39	
2743	13.7150			-38	
2744	13.7200			-38	
2745	13.7250			-38	
2746	13.7300			-38	
2747	13.7350			-37	
2748	13.7400			-37	
2749	13.7450			-36	
2750	13.7500			-36	
2751	13.7550			-35	
2752	13.7600			-35	
2753	13.7650			-34	
2754	13.7700			-34	
2755	13.7750			-33	
2756	13.7800			-32	
2757	13.7850			-32	
2758	13.7900			-31	
2759	13.7950			-30	
2760	13.8000			-29	
2761	13.8050			-28	
2762	13.8100			-28	
2763	13.8150			-27	
2764	13.8200			-26	
2765	13.8250			-25	
2766	13.8300			-24	
2767	13.8350			-23	
2768	13.8400			-22	
2769	13.8450			-21	
2770	13.8500			-20	
2771	13.8550			-19	
2772	13.8600			-18	
2773	13.8650			-16	
2774	13.8700			-15	
2775	13.8750			-14	
2776	13.8800			-13	
2777	13.8850			-12	
2778	13.8900			-11	
2779	13.8950			-10	
2780	13.9000			-8	
2781	13.9050			-7	
2782	13.9100			-6	
2783	13.9150			-5	
2784	13.9200			-4	
2785	13.9250			-2	
2786	13.9300			-1	
2787	13.9350			0	
2788	13.9400			1	
2789	13.9450			2	
2790	13.9500			4	
2791	13.9550			5	
2792	13.9600			6	
2793	13.9650			7	
2794	13.9700			8	
2795	13.9750			10	
2796	13.9800			11	
2797	13.9850			12	
2798	13.9900			13	
2799	13.9950			14	
2800	14.0000			16	
2801	14.0050			17	
2802	14.0100			18	
2803	14.0150			19	
2804	14.0200			20	
2805	14.0250			21	
2806	14.0300			22	
2807	14.0350			23	
2808	14.0400			24	
2809	14.0450			25	
2810	14.0500			26	
2811	14.0550			27	
2812	14.0600			28	
2813	14.0650			28	
2814	14.0700			30	
2815	14.0750			30	
2816	14.0800			31	
2817	14.0850			32	
2818	14.0900			32	
2819	14.0950			33	
2820	14.1000			34	
2821	14.1050			34	
2822	14.1100			35	
2823	14.1150			36	
2824	14.1200			36	
2825	14.1250			37	
2826	14.1300			37	
2827	14.1350			38	
2828	14.1400			38	
2829	14.1450			38	
2830	14.1500			39	
2831	14.1550			39	
2832	14.1600			39	
2833	14.1650			40	
2834	14.1700			40	
2835	14.1750			40	
2836	14.1800			40	
2837	14.1850			40	
2838	14.1900			40	
2839	14.1950			40	
2840	14.2000			40	
2841	14.2050			40	
2842	14.2100			40	
2843	14.2150			40	
2844	14.2200			39	
2845	14.2250			39	
2846	14.2300			39	
2847	14.2350			38	
2848	14.2400			38	
2849	14.2450			38	
2850	14.2500			38	
2851	14.2550			37	
2852	14.2600			36	
2853	14.2650			36	
2854	14.2700			36	
2855	14.2750			35	
2856	14.2800			34	
2857	14.2850			34	
2858	14.2900			33	
2859	14.2950			32	
2860	14.3000			32	
2861	14.3050			31	
2862	14.3100			30	
2863	14.3150			29	
2864	14.3200			28	
2865	14.3250			28	
2866	14.3300			27	
2867	14.3350			26	
2868	14.3400			25	
2869	14.3450			24	
2870	14.3500			23	
2871	14.3550			22	
2872	14.3600			21	
2873	14.3650			20	
2874	14.3700			19	
2875	14.3750			18	
2876	14.3800			17	
2877	14.3850			16	
2878	14.3900			14	
2879	14.3950			14	
2880	14.4000			12	
2881	14.4050			11	
2882	14.4100			10	
2883	14.4150			9	
2884	14.4200			8	
2885	14.4250			6	
2886	14.4300			5	
2887	14.4350			4	
2888	14.4400			3	
2889	14.4450			2	
2890	14.4500			0	
2891	14.4550			0	
2892	14.4600			-2	
2893	14.4650			-3	
2894	14.4700			-4	
2895	14.4750			-5	
2896	14.4800			-6	
2897	14.4850			-8	
2898	14.4900			-9	
2899	14.4950			-10	
2900	14.5000			-11	
2901	14.5050			-12	
2902	14.5100			-13	
2903	14.5150			-14	
2904	14.5200			-15	
2905	14.5250			-16	
2906	14.5300			-17	
2907	14.5350			-18	
2908	14.5400			-19	
2909	14.5450			-20	
2910	14.5500			-21	
2911	14.5550			-22	
2912	14.5600			-23	
2913	14.5650			-24	
2914	14.5700			-25	
2915	14.5750			-26	
2916	14.5800			-26	
2917	14.5850			-27	
2918	14.5900			-28	
2919	14.5950			-28	
2920	14.6000			-29	
2921	14.6050			-30	
2922	14.6100			-30	
2923	14.6150			-31	
2924	14.6200			-32	
2925	14.6250			-32	
2926	14.6300			-33	
2927	14.6350			-33	
2928	14.6400			-34	
2929	14.6450			-34	
2930	14.6500			-34	
2931	14.6550			-35	
2932	14.6600			-35	
2933	14.6650			-35	
2934	14.6700			-36	
2935	14.6750			-36	
2936	14.6800			-36	
2937	14.6850			-36	
2938	14.6900			-36	
2939	14.6950			-36	
2940	14.7000			-36	
2941	14.7050			-36	
2942	14.7100			-36	
2943	14.7150			-36	
2944	14.7200			-36	
2945	14.7250			-36	
2946	14.7300			-36	
2947	14.7350			-35	
2948	14.7400			-35	
2949	14.7450			-35	
2950	14.7500			-34	
2951	14.7550			-34	
2952	14.7600			-34	
2953	14.7650			-33	
2954	14.7700			-33	
2955	14.7750			-32	
2956	14.7800			-32	
2957	14.7850			-31	
2958	14.7900			-30	
2959	14.7950			-30	
2960	14.8000			-29	
2961	14.8050			-28	
2962	14.8100			-28	
2963	14.8150			-27	
2964	14.8200			-26	
2965	14.8250			-26	
2966	14.8300			-25	
2967	14.8350			-24	
2968	14.8400			-23	
2969	14.8450			-22	
2970	14.8500			-21	
2971	14.8550			-20	
2972	14.8600			-19	
2973	14.8650			-18	
2974	14.8700			-17	
2975	14.8750			-16	
2976	14.8800			-15	
2977	14.8850			-14	
2978	14.8900			-13	
2979	14.8950			-12	
2980	14.9000			-11	
2981	14.9050			-10	
2982	14.9100			-9	
2983	14.9150			-8	
2984	14.9200			-7	
2985	14.9250			-6	
2986	14.9300			-4	
2987	14.9350			-3	
2988	14.9400			-2	
2989	14.9450			-1	
2990	14.9500			0	
2991	14.9550			1	
2992	14.9600			2	
2993	14.9650			4	
2994	14.9700			4	
2995	14.9750			6	
2996	14.9800			7	
2997	14.9850			8	
2998	14.9900			9	
2999	14.9950			10	
3000	15.0000			11	
3001	15.0050			12	
3002	15.0100			14	
3003	15.0150			14	
3004	15.0200			16	
3005	15.0250			16	
3006	15.0300			18	
3007	15.0350			18	
3008	15.0400			20	
3009	15.0450			20	
3010	15.0500			22	
3011	15.0550			22	
3012	15.0600			23	
3013	15.0650			24	
3014	15.0700			25	
3015	15.0750			26	
3016	15.0800			26	
3017	15.0850			27	
3018	15.0900			28	
3019	15.0950			29	
3020	15.1000			30	
3021	15.1050			30	
3022	15.1100			31	
3023	15.1150			32	
3024	15.1200			32	
3025	15.1250			33	
3026	15.1300			33	
3027	15.1350			34	
3028	15.1400			34	
3029	15.1450			34	
3030	15.1500			35	
3031	15.1550			35	
3032	15.1600			36	
3033	15.1650			36	
3034	15.1700			36	
3035	15.1750			36	
3036	15.1800			37	
3037	15.1850			37	
3038	15.1900			37	
3039	15.1950			37	
3040	15.2000			37	
3041	15.2050			37	
3042	15.2100			37	
3043	15.2150			37	
3044	15.2200			37	
3045	15.2250			37	
3046	15.2300			37	
3047	15.2350			36	
3048	15.2400			36	
3049	15.2450			36	
3050	15.2500			36	
3051	15.2550			36	
3052	15.2600			35	
3053	15.2650			35	
3054	15.2700			34	
3055	15.2750			34	
3056	15.2800			34	
3057	15.2850			33	
3058	15.2900			32	
3059	15.2950			32	
3060	15.3000			31	
3061	15.3050			31	
3062	15.3100			30	
3063	15.3150			29	
3064	15.3200			29	
3065	15.3250			28	
3066	15.3300			27	
3067	15.3350			26	
3068	15.3400			26	
3069	15.3450			25	
3070	15.3500			24	
3071	15.3550			23	
3072	15.3600			22	
3073	15.3650			21	
3074	15.3700			20	
3075	15.3750			20	
3076	15.3800			18	
3077	15.3850			18	
3078	15.3900			16	
3079	15.3950			16	
3080	15.4000			14	
3081	15.4050			14	
3082	15.4100			12	
3083	15.4150			11	
3084	15.4200			10	
3085	15.4250			9	
3086	15.4300			8	
3087	15.4350			7	
3088	15.4400			6	
3089	15.4450			5	
3090	15.4500			4	
3091	15.4550			3	
3092	15.4600			2	
3093	15.4650			0	
3094	15.4700			0	
3095	15.4750			-2	
3096	15.4800			-3	
3097	15.4850			-4	
3098	15.4900			-5	
3099	15.4950			-6	
3100	15.5000			-7	
3101	15.5050			-8	
3102	15.5100			-9	
3103	15.5150			-10	
3104	15.5200			-11	
3105	15.5250			-12	
3106	15.5300			-13	
3107	15.5350			-14	
3108	15.5400			-15	
3109	15.5450			-16	
3110	15.5500			-17	
3111	15.5550			-18	
3112	15.5600			-19	
3113	15.5650			-20	
3114	15.5700			-20	
3115	15.5750			-21	
3116	15.5800			-22	
3117	15.5850			-23	
3118	15.5900			-24	
3119	15.5950			-24	
3120	15.6000			-25	
3121	15.6050			-26	
3122	15.6100			-26	
3123	15.6150			-27	
3124	15.6200			-28	
3125	15.6250			-28	
3126	15.6300			-29	
3127	15.6350			-30	
3128	15.6400			-30	
3129	15.6450			-30	
3130	15.6500			-31	
3131	15.6550			-31	
3132	15.6600			-32	
3133	15.6650			-32	
3134	15.6700			-32	
3135	15.6750			-32	
3136	15.6800			-33	
3137	15.6850			-33	
3138	15.6900			-33	
3139	15.6950			-33	
3140	15.7000			-34	
3141	15.7050			-34	
3142	15.7100			-34	
3143	15.7150			-34	
3144	15.7200			-34	
3145	15.7250			-34	
3146	15.7300			-34	
3147	15.7350			-33	
3148	15.7400			-33	
3149	15.7450			-33	
3150	15.7500			-33	
3151	15.7550			-32	
3152	15.7600			-32	
3153	15.7650			-32	
3154	15.7700			-32	
3155	15.7750			-31	
3156	15.7800			-31	
3157	15.7850			-30	
3158	15.7900			-30	
3159	15.7950			-29	
3160	15.8000			-29	
3161	15.8050			-28	
3162	15.8100			-28	
3163	15.8150			-27	
3164	15.8200			-26	
3165	15.8250			-26	
3166	15.8300			-25	
3167	15.8350			-24	
3168	15.8400			-24	
3169	15.8450			-23	
3170	15.8500			-22	
3171	15.8550			-21	
3172	15.8600			-20	
3173	15.8650			-20	
3174	15.8700			-19	
3175	15.8750			-18	
3176	15.8800			-17	
3177	15.8850			-16	
3178	15.8900			-15	
3179	15.8950			-14	
3180	15.9000			-13	
3181	15.9050			-12	
3182	15.9100			-11	
3183	15.9150			-10	
3184	15.9200			-9	
3185	15.9250			-8	
3186	15.9300			-7	
3187	15.9350			-6	
3188	15.9400			-5	
3189	15.9450			-4	
3190	15.9500			-3	
3191	15.9550			-2	
3192	15.9600			-1	
3193	15.9650			0	
3194	15.9700			1	
3195	15.9750			2	
3196	15.9800			3	
3197	15.9850			4	
3198	15.9900			5	
3199	15.9950			6	
3200	16.0000			7	
3201	16.0050			8	
3202	16.0100			10	
3203	16.0150			10	
3204	16.0200			12	
3205	16.0250			12	
3206	16.0300			14	
3207	16.0350			14	
3208	16.0400			15	
3209	16.0450			16	
3210	16.0500			17	
3211	16.0550			18	
3212	16.0600			19	
3213	16.0650			20	
3214	16.0700			21	
3215	16.0750			22	
3216	16.0800			22	
3217	16.0850			23	
3218	16.0900			24	
3219	16.0950			25	
3220	16.1000			26	
3221	16.1050			26	
3222	16.1100			27	
3223	16.1150			28	
3224	16.1200			28	
3225	16.1250			29	
3226	16.1300			29	
3227	16.1350			30	
3228	16.1400			30	
3229	16.1450			31	
3230	16.1500			31	
3231	16.1550			32	
3232	16.1600			32	
3233	16.1650			32	
3234	16.1700			33	
3235	16.1750			33	
3236	16.1800			34	
3237	16.1850			34	
3238	16.1900			34	
3239	16.1950			34	
3240	16.2000			34	
3241	16.2050			34	
3242	16.2100			34	
3243	16.2150			34	
3244	16.2200			34	
3245	16.2250			34	
3246	16.2300			34	
3247	16.2350			34	
3248	16.2400			34	
3249	16.2450			34	
3250	16.2500			34	
3251	16.2550			34	
3252	16.2600			34	
3253	16.2650			34	
3254	16.2700			33	
3255	16.2750			33	
3256	16.2800			32	
3257	16.2850			32	
3258	16.2900			32	
3259	16.2950			31	
3260	16.3000			31	
3261	16.3050			30	
3262	16.3100			30	
3263	16.3150			29	
3264	16.3200			29	
3265	16.3250			28	
3266	16.3300			28	
3267	16.3350			27	
3268	16.3400			26	
3269	16.3450			26	
3270	16.3500			25	
3271	16.3550			24	
3272	16.3600			23	
3273	16.3650			22	
3274	16.3700			22	
3275	16.3750			21	
3276	16.3800			20	
3277	16.3850			19	
3278	16.3900			18	
3279	16.3950			18	
3280	16.4000			16	
3281	16.4050			16	
3282	16.4100			14	
3283	16.4150			14	
3284	16.4200			13	
3285	16.4250			12	
3286	16.4300			11	
3287	16.4350			10	
3288	16.4400			9	
3289	16.4450			8	
3290	16.4500			7	
3291	16.4550			6	
3292	16.4600			5	
3293	16.4650			4	
3294	16.4700			3	
3295	16.4750			2	
3296	16.4800			1	
3297	16.4850			0	
3298	16.4900			-1	
3299	16.4950			-2	
3300	16.5000			-3	
3301	16.5050			-4	
3302	16.5100			-5	
3303	16.5150			-6	
3304	16.5200			-7	
3305	16.5250			-8	
3306	16.5300			-9	
3307	16.5350			-10	
3308	16.5400			-11	
3309	16.5450			-12	
3310	16.5500			-13	
3311	16.5550			-14	
3312	16.5600			-15	
3313	16.5650			-16	
3314	16.5700			-16	
3315	16.5750			-17	
3316	16.5800			-18	
3317	16.5850			-19	
3318	16.5900			-20	
3319	16.5950			-20	
3320	16.6000			-21	
3321	16.6050			-22	
3322	16.6100			-22	
3323	16.6150			-23	
3324	16.6200			-24	
3325	16.6250			-24	
3326	16.6300			-25	
3327	16.6350			-26	
3328	16.6400			-26	
3329	16.6450			-27	
3330	16.6500			-27	
3331	16.6550			-28	
3332	16.6600			-28	
3333	16.6650			-28	
3334	16.6700			-29	
3335	16.6750			-29	
3336	16.6800			-30	
3337	16.6850			-30	
3338	16.6900			-30	
3339	16.6950			-30	
3340	16.7000			-30	
3341	16.7050			-31	
3342	16.7100			-31	
3343	16.7150			-31	
3344	16.7200			-31	
3345	16.7250			-31	
3346	16.7300			-31	
3347	16.7350			-31	
3348	16.7400			-31	
3349	16.7450			-31	
3350	16.7500			-31	
3351	16.7550			-31	
3352	16.7600			-30	
3353	16.7650			-30	
3354	16.7700			-30	
3355	16.7750			-30	
3356	16.7800			-30	
3357	16.7850			-29	
3358	16.7900			-29	
3359	16.7950			-28	
3360	16.8000			-28	
3361	16.8050			-28	
3362	16.8100			-27	
3363	16.8150			-27	
3364	16.8200			-26	
3365	16.8250			-26	
3366	16.8300			-25	
3367	16.8350			-24	
3368	16.8400			-24	
3369	16.8450			-23	
3370	16.8500			-22	
3371	16.8550			-22	
3372	16.8600			-21	
3373	16.8650			-20	
3374	16.8700			-20	
3375	16.8750			-19	
3376	16.8800			-18	
3377	16.8850			-17	
3378	16.8900			-16	
3379	16.8950			-16	
3380	16.9000			-15	
3381	16.9050			-14	
3382	16.9100			-13	
3383	16.9150			-12	
3384	16.9200			-11	
3385	16.9250			-10	
3386	16.9300			-10	
3387	16.9350			-8	
3388	16.9400			-8	
3389	16.9450			-7	
3390	16.9500			-6	
3391	16.9550			-5	
3392	16.9600			-4	
3393	16.9650			-3	
3394	16.9700			-2	
3395	16.9750			-1	
3396	16.9800			0	
3397	16.9850			1	
3398	16.9900			2	
3399	16.9950			3	
3400	17.0000			4	
3401	17.0050			5	
3402	17.0100			6	
3403	17.0150			7	
3404	17.0200			8	
3405	17.0250			9	
3406	17.0300			10	
3407	17.0350			11	
3408	17.0400			12	
3409	17.0450			12	
3410	17.0500			14	
3411	17.0550			14	
3412	17.0600			15	
3413	17.0650			16	
3414	17.0700			17	
3415	17.0750			18	
3416	17.0800			18	
3417	17.0850			19	
3418	17.0900			20	
3419	17.0950			21	
3420	17.1000			22	
3421	17.1050			22	
3422	17.1100			23	
3423	17.1150			24	
3424	17.1200			24	
3425	17.1250			25	
3426	17.1300			26	
3427	17.1350			26	
3428	17.1400			27	
3429	17.1450			27	
3430	17.1500			28	
3431	17.1550			28	
3432	17.1600			29	
3433	17.1650			29	
3434	17.1700			30	
3435	17.1750			30	
3436	17.1800			30	
3437	17.1850			30	
3438	17.1900			31	
3439	17.1950			31	
3440	17.2000			31	
3441	17.2050			32	
3442	17.2100			32	
3443	17.2150			32	
3444	17.2200			32	
3445	17.2250			32	
3446	17.2300			32	
3447	17.2350			32	
3448	17.2400			32	
3449	17.2450			32	
3450	17.2500			32	
3451	17.2550			32	
3452	17.2600			32	
3453	17.2650			32	
3454	17.2700			32	
3455	17.2750			31	
3456	17.2800			31	
3457	17.2850			31	
3458	17.2900			30	
3459	17.2950			30	
3460	17.3000			30	
3461	17.3050			30	
3462	17.3100			29	
3463	17.3150			28	
3464	17.3200			28	
3465	17.3250			28	
3466	17.3300			27	
3467	17.3350			27	
3468	17.3400			26	
3469	17.3450			26	
3470	17.3500			25	
3471	17.3550			24	
3472	17.3600			24	
3473	17.3650			23	
3474	17.3700			22	
3475	17.3750			22	
3476	17.3800			21	
3477	17.3850			20	
3478	17.3900			19	
3479	17.3950			18	
3480	17.4000			18	
3481	17.4050			17	
3482	17.4100			16	
3483	17.4150			15	
3484	17.4200			14	
3485	17.4250			14	
3486	17.4300			13	
3487	17.4350			12	
3488	17.4400			11	
3489	17.4450			10	
3490	17.4500			9	
3491	17.4550			8	
3492	17.4600			7	
3493	17.4650			6	
3494	17.4700			5	
3495	17.4750			4	
3496	17.4800			4	
3497	17.4850			2	
3498	17.4900			2	
3499	17.4950			1	
3500	17.5000			0	
3501	17.5050			-1	
3502	17.5100			-2	
3503	17.5150			-3	
3504	17.5200			-4	
3505	17.5250			-5	
3506	17.5300			-6	
3507	17.5350			-7	
3508	17.5400			-8	
3509	17.5450			-8	
3510	17.5500			-10	
3511	17.5550			-10	
3512	17.5600			-11	
3513	17.5650			-12	
3514	17.5700			-13	
3515	17.5750			-14	
3516	17.5800			-14	
3517	17.5850			-15	
3518	17.5900			-16	
3519	17.5950			-17	
3520	17.6000			-18	
3521	17.6050			-18	
3522	17.6100			-19	
3523	17.6150			-20	
3524	17.6200			-20	
3525	17.6250			-21	
3526	17.6300			-22	
3527	17.6350			-22	
3528	17.6400			-23	
3529	17.6450			-23	
3530	17.6500			-24	
3531	17.6550			-24	
3532	17.6600			-25	
3533	17.6650			-25	
3534	17.6700			-26	
3535	17.6750			-26	
3536	17.6800			-26	
3537	17.6850			-27	
3538	17.6900			-27	
3539	17.6950			-27	
3540	17.7000			-28	
3541	17.7050			-28	
3542	17.7100			-28	
3543	17.7150			-28	
3544	17.7200			-28	
3545	17.7250			-28	
3546	17.7300			-29	
3547	17.7350			-29	
3548	17.7400			-29	
3549	17.7450			-29	
3550	17.7500			-29	
3551	17.7550			-29	
3552	17.7600			-29	
3553	17.7650			-28	
3554	17.7700			-28	
3555	17.7750			-28	
3556	17.7800			-28	
3557	17.7850			-28	
3558	17.7900			-28	
3559	17.7950			-27	
3560	17.8000			-27	
3561	17.8050			-27	
3562	17.8100			-26	
3563	17.8150			-26	
3564	17.8200			-26	
3565	17.8250			-25	
3566	17.8300			-25	
3567	17.8350			-24	
3568	17.8400			-24	
3569	17.8450			-23	
3570	17.8500			-23	
3571	17.8550			-22	
3572	17.8600			-22	
3573	17.8650			-21	
3574	17.8700			-20	
3575	17.8750			-20	
3576	17.8800			-19	
3577	17.8850			-18	
3578	17.8900			-18	
3579	17.8950			-17	
3580	17.9000			-16	
3581	17.9050			-15	
3582	17.9100			-14	
3583	17.9150			-14	
3584	17.9200			-13	
3585	17.9250			-12	
3586	17.9300			-11	
3587	17.9350			-10	
3588	17.9400			-10	
3589	17.9450			-9	
3590	17.9500			-8	
3591	17.9550			-7	
3592	17.9600			-6	
3593	17.9650			-5	
3594	17.9700			-4	
3595	17.9750			-3	
3596	17.9800			-2	
3597	17.9850			-2	
3598	17.9900			-1	
3599	17.9950			0	
3600	18.0000			1	
3601	18.0050			2	
3602	18.0100			3	
3603	18.0150			4	
3604	18.0200			5	
3605	18.0250			6	
3606	18.0300			7	
3607	18.0350			8	
3608	18.0400			8	
3609	18.0450			9	
3610	18.0500			10	
3611	18.0550			11	
3612	18.0600			12	
3613	18.0650			13	
3614	18.0700			14	
3615	18.0750			14	
3616	18.0800			15	
3617	18.0850			16	
3618	18.0900			17	
3619	18.0950			17	
3620	18.1000			18	
3621	18.1050			19	
3622	18.1100			20	
3623	18.1150			20	
3624	18.1200			21	
3625	18.1250			22	
3626	18.1300			22	
3627	18.1350			23	
3628	18.1400			24	
3629	18.1450			24	
3630	18.1500			24	
3631	18.1550			25	
3632	18.1600			26	
3633	18.1650			26	
3634	18.1700			26	
3635	18.1750			27	
3636	18.1800			27	
3637	18.1850			28	
3638	18.1900			28	
3639	18.1950			28	
3640	18.2000			28	
3641	18.2050			29	
3642	18.2100			29	
3643	18.2150			29	
3644	18.2200			30	
3645	18.2250			30	
3646	18.2300			30	
3647	18.2350			30	
3648	18.2400			30	
3649	18.2450			30	
3650	18.2500			30	
3651	18.2550			30	
3652	18.2600			30	
3653	18.2650			30	
3654	18.2700			30	
3655	18.2750			30	
3656	18.2800			30	
3657	18.2850			30	
3658	18.2900			29	
3659	18.2950			29	
3660	18.3000			29	
3661	18.3050			28	
3662	18.3100			28	
3663	18.3150			28	
3664	18.3200			28	
3665	18.3250			27	
3666	18.3300			27	
3667	18.3350			26	
3668	18.3400			26	
3669	18.3450			25	
3670	18.3500			25	
3671	18.3550			24	
3672	18.3600			24	
3673	18.3650			23	
3674	18.3700			23	
3675	18.3750			22	
3676	18.3800			21	
3677	18.3850			21	
3678	18.3900			20	
3679	18.3950			20	
3680	18.4000			19	
3681	18.4050			18	
3682	18.4100			17	
3683	18.4150			16	
3684	18.4200			16	
3685	18.4250			15	
3686	18.4300			14	
3687	18.4350			13	
3688	18.4400			12	
3689	18.4450			12	
3690	18.4500			11	
3691	18.4550			10	
3692	18.4600			9	
3693	18.4650			8	
3694	18.4700			8	
3695	18.4750			7	
3696	18.4800			6	
3697	18.4850			5	
3698	18.4900			4	
3699	18.4950			3	
3700	18.5000			2	
3701	18.5050			2	
3702	18.5100			0	
3703	18.5150			0	
3704	18.5200			-1	
3705	18.5250			-2	
3706	18.5300			-3	
3707	18.5350			-4	
3708	18.5400			-5	
3709	18.5450			-6	
3710	18.5500			-6	
3711	18.5550			-7	
3712	18.5600			-8	
3713	18.5650			-9	
3714	18.5700			-10	
3715	18.5750			-10	
3716	18.5800			-11	
3717	18.5850			-12	
3718	18.5900			-13	
3719	18.5950			-14	
3720	18.6000			-14	
3721	18.6050			-15	
3722	18.6100			-16	
3723	18.6150			-16	
3724	18.6200			-17	
3725	18.6250			-18	
3726	18.6300			-18	
3727	18.6350			-19	
3728	18.6400			-20	
3729	18.6450			-20	
3730	18.6500			-20	
3731	18.6550			-21	
3732	18.6600			-22	
3733	18.6650			-22	
3734	18.6700			-22	
3735	18.6750			-23	
3736	18.6800			-23	
3737	18.6850			-24	
3738	18.6900			-24	
3739	18.6950			-24	
3740	18.7000			-25	
3741	18.7050			-25	
3742	18.7100			-26	
3743	18.7150			-26	
3744	18.7200			-26	
3745	18.7250			-26	
3746	18.7300			-26	
3747	18.7350			-26	
3748	18.7400			-26	
3749	18.7450			-26	
3750	18.7500			-26	
3751	18.7550			-27	
3752	18.7600			-27	
3753	18.7650			-27	
3754	18.7700			-26	
3755	18.7750			-26	
3756	18.7800			-26	
3757	18.7850			-26	
3758	18.7900			-26	
3759	18.7950			-26	
3760	18.8000			-26	
3761	18.8050			-26	
3762	18.8100			-25	
3763	18.8150			-25	
3764	18.8200			-25	
3765	18.8250			-24	
3766	18.8300			-24	
3767	18.8350			-24	
3768	18.8400			-23	
3769	18.8450			-23	
3770	18.8500			-22	
3771	18.8550			-22	
3772	18.8600			-21	
3773	18.8650			-21	
3774	18.8700			-20	
3775	18.8750			-20	
3776	18.8800			-19	
3777	18.8850			-18	
3778	18.8900			-18	
3779	18.8950			-17	
3780	18.9000			-17	
3781	18.9050			-16	
3782	18.9100			-15	
3783	18.9150			-15	
3784	18.9200			-14	
3785	18.9250			-13	
3786	18.9300			-12	
3787	18.9350			-12	
3788	18.9400			-11	
3789	18.9450			-10	
3790	18.9500			-10	
3791	18.9550			-9	
3792	18.9600			-8	
3793	18.9650			-7	
3794	18.9700			-6	
3795	18.9750			-6	
3796	18.9800			-4	
3797	18.9850			-4	
3798	18.9900			-3	
3799	18.9950			-2	
3800	19.0000			-1	
3801	19.0050			0	
3802	19.0100			0	
3803	19.0150			1	
3804	19.0200			2	
3805	19.0250			3	
3806	19.0300			4	
3807	19.0350			5	
3808	19.0400			6	
3809	19.0450			6	
3810	19.0500			7	
3811	19.0550			8	
3812	19.0600			9	
3813	19.0650			10	
3814	19.0700			10	
3815	19.0750			11	
3816	19.0800			12	
3817	19.0850			13	
3818	19.0900			14	
3819	19.0950			14	
3820	19.1000			15	
3821	19.1050			16	
3822	19.1100			16	
3823	19.1150			17	
3824	19.1200			18	
3825	19.1250			18	
3826	19.1300			19	
3827	19.1350			20	
3828	19.1400			20	
3829	19.1450			21	
3830	19.1500			21	
3831	19.1550			22	
3832	19.1600			22	
3833	19.1650			23	
3834	19.1700			23	
3835	19.1750			24	
3836	19.1800			24	
3837	19.1850			25	
3838	19.1900			25	
3839	19.1950			25	
3840	19.2000			26	
3841	19.2050			26	
3842	19.2100			26	
3843	19.2150			26	
3844	19.2200			27	
3845	19.2250			27	
3846	19.2300			27	
3847	19.2350			28	
3848	19.2400			28	
3849	19.2450			28	
3850	19.2500			28	
3851	19.2550			28	
3852	19.2600			28	
3853	19.2650			28	
3854	19.2700			28	
3855	19.2750			28	
3856	19.2800			28	
3857	19.2850			28	
3858	19.2900			28	
3859	19.2950			28	
3860	19.3000			27	
3861	19.3050			27	
3862	19.3100			27	
3863	19.3150			27	
3864	19.3200			26	
3865	19.3250			26	
3866	19.3300			26	
3867	19.3350			26	
3868	19.3400			25	
3869	19.3450			25	
3870	19.3500			24	
3871	19.3550			24	
3872	19.3600			24	
3873	19.3650			23	
3874	19.3700			22	
3875	19.3750			22	
3876	19.3800			22	
3877	19.3850			21	
3878	19.3900			20	
3879	19.3950			20	
3880	19.4000			19	
3881	19.4050			19	
3882	19.4100			18	
3883	19.4150			17	
3884	19.4200			17	
3885	19.4250			16	
3886	19.4300			15	
3887	19.4350			15	
3888	19.4400			14	
3889	19.4450			13	
3890	19.4500			12	
3891	19.4550			12	
3892	19.4600			11	
3893	19.4650			10	
3894	19.4700			9	
3895	19.4750			9	
3896	19.4800			8	
3897	19.4850			7	
3898	19.4900			6	
3899	19.4950			6	
3900	19.5000			5	
3901	19.5050			4	
3902	19.5100			3	
3903	19.5150			2	
3904	19.5200			2	
3905	19.5250			0	
3906	19.5300			0	
3907	19.5350			-1	
3908	19.5400			-2	
3909	19.5450			-3	
3910	19.5500			-4	
3911	19.5550			-4	
3912	19.5600			-5	
3913	19.5650			-6	
3914	19.5700			-7	
3915	19.5750			-7	
3916	19.5800			-8	
3917	19.5850			-9	
3918	19.5900			-10	
3919	19.5950			-10	
3920	19.6000			-11	
3921	19.6050			-12	
3922	19.6100			-12	
3923	19.6150			-13	
3924	19.6200			-14	
3925	19.6250			-14	
3926	19.6300			-15	
3927	19.6350			-16	
3928	19.6400			-16	
3929	19.6450			-17	
3930	19.6500			-18	
3931	19.6550			-18	
3932	19.6600			-18	
3933	19.6650			-19	
3934	19.6700			-20	
3935	19.6750			-20	
3936	19.6800			-20	
3937	19.6850			-21	
3938	19.6900			-21	
3939	19.6950			-22	
3940	19.7000			-22	
3941	19.7050			-22	
3942	19.7100			-23	
3943	19.7150			-23	
3944	19.7200			-23	
3945	19.7250			-24	
3946	19.7300			-24	
3947	19.7350			-24	
3948	19.7400			-24	
3949	19.7450			-24	
3950	19.7500			-24	
3951	19.7550			-24	
3952	19.7600			-24	
3953	19.7650			-25	
3954	19.7700			-25	
3955	19.7750			-25	
3956	19.7800			-25	
3957	19.7850			-25	
3958	19.7900			-24	
3959	19.7950			-24	
3960	19.8000			-24	
3961	19.8050			-24	
3962	19.8100			-24	
3963	19.8150			-24	
3964	19.8200			-24	
3965	19.8250			-23	
3966	19.8300			-23	
3967	19.8350			-23	
3968	19.8400			-22	
3969	19.8450			-22	
3970	19.8500			-22	
3971	19.8550			-22	
3972	19.8600			-21	
3973	19.8650			-21	
3974	19.8700			-20	
3975	19.8750			-20	
3976	19.8800			-19	
3977	19.8850			-19	
3978	19.8900			-18	
3979	19.8950			-18	
3980	19.9000			-17	
3981	19.9050			-16	
3982	19.9100			-16	
3983	19.9150			-15	
3984	19.9200			-15	
3985	19.9250			-14	
3986	19.9300			-14	
3987	19.9350			-13	
3988	19.9400			-12	
3989	19.9450			-12	
3990	19.9500			-11	
3991	19.9550			-10	
3992	19.9600			-9	
3993	19.9650			-9	
3994	19.9700			-8	
3995	19.9750			-7	
3996	19.9800			-6	
3997	19.9850			-6	
3998	19.9900			-5	
3999	19.9950			-4	
4000	20.0000			-3	
4001	20.0050			-2	
4002	20.0100			-2	
4003	20.0150			-1	
4004	20.0200			0	
4005	20.0250			1	
4006	20.0300			2	
4007	20.0350			2	
4008	20.0400			3	
4009	20.0450			4	
4010	20.0500			4	
4011	20.0550			5	
4012	20.0600			6	
4013	20.0650			7	
4014	20.0700			8	
4015	20.0750			8	
4016	20.0800			9	
4017	20.0850			10	
4018	20.0900			10	
4019	20.0950			11	
4020	20.1000			12	
4021	20.1050			13	
4022	20.1100			13	
4023	20.1150			14	
4024	20.1200			15	
4025	20.1250			15	
4026	20.1300			16	
4027	20.1350			16	
4028	20.1400			17	
4029	20.1450			18	
4030	20.1500			18	
4031	20.1550			19	
4032	20.1600			20	
4033	20.1650			20	
4034	20.1700			20	
4035	20.1750			21	
4036	20.1800			21	
4037	20.1850			22	
4038	20.1900			22	
4039	20.1950			23	
4040	20.2000			23	
4041	20.2050			23	
4042	20.2100			24	
4043	20.2150			24	
4044	20.2200			24	
4045	20.2250			24	
4046	20.2300			25	
4047	20.2350			25	
4048	20.2400			25	
4049	20.2450			26	
4050	20.2500			26	
4051	20.2550			26	
4052	20.2600			26	
4053	20.2650			26	
4054	20.2700			26	
4055	20.2750			26	
4056	20.2800			26	
4057	20.2850			26	
4058	20.2900			26	
4059	20.2950			26	
4060	20.3000			26	
4061	20.3050			26	
4062	20.3100			26	
4063	20.3150			26	
4064	20.3200			25	
4065	20.3250			25	
4066	20.3300			25	
4067	20.3350			25	
4068	20.3400			24	
4069	20.3450			24	
4070	20.3500			24	
4071	20.3550			24	
4072	20.3600			23	
4073	20.3650			23	
4074	20.3700			22	
4075	20.3750			22	
4076	20.3800			22	
4077	20.3850			21	
4078	20.3900			20	
4079	20.3950			20	
4080	20.4000			20	
4081	20.4050			19	
4082	20.4100			18	
4083	20.4150			18	
4084	20.4200			17	
4085	20.4250			17	
4086	20.4300			16	
4087	20.4350			16	
4088	20.4400			15	
4089	20.4450			14	
4090	20.4500			14	
4091	20.4550			13	
4092	20.4600			12	
4093	20.4650			12	
4094	20.4700			11	
4095	20.4750			10	
4096	20.4800			10	
4097	20.4850			9	
4098	20.4900			8	
4099	20.4950			7	
4100	20.5000			6	
4101	20.5050			6	
4102	20.5100			5	
4103	20.5150			4	
4104	20.5200			4	
4105	20.5250			3	
4106	20.5300			2	
4107	20.5350			1	
4108	20.5400			0	
4109	20.5450			0	
4110	20.5500			-1	
4111	20.5550			-2	
4112	20.5600			-2	
4113	20.5650			-3	
4114	20.5700			-4	
4115	20.5750			-5	
4116	20.5800			-6	
4117	20.5850			-6	
4118	20.5900			-7	
4119	20.5950			-8	
4120	20.6000			-8	
4121	20.6050			-9	
4122	20.6100			-10	
4123	20.6150			-10	
4124	20.6200			-11	
4125	20.6250			-12	
4126	20.6300			-12	
4127	20.6350			-13	
4128	20.6400			-14	
4129	20.6450			-14	
4130	20.6500			-15	
4131	20.6550			-15	
4132	20.6600			-16	
4133	20.6650			-16	
4134	20.6700			-17	
4135	20.6750			-17	
4136	20.6800			-18	
4137	20.6850			-18	
4138	20.6900			-18	
4139	20.6950			-19	
4140	20.7000			-20	
4141	20.7050			-20	
4142	20.7100			-20	
4143	20.7150			-20	
4144	20.7200			-21	
4145	20.7250			-21	
4146	20.7300			-22	
4147	20.7350			-22	
4148	20.7400			-22	
4149	20.7450			-22	
4150	20.7500			-22	
4151	20.7550			-22	
4152	20.7600			-22	
4153	20.7650			-23	
4154	20.7700			-23	
4155	20.7750			-23	
4156	20.7800			-23	
4157	20.7850			-23	
4158	20.7900			-23	
4159	20.7950			-23	
4160	20.8000			-23	
4161	20.8050			-23	
4162	20.8100			-23	
4163	20.8150			-22	
4164	20.8200			-22	
4165	20.8250			-22	
4166	20.8300			-22	
4167	20.8350			-22	
4168	20.8400			-22	
4169	20.8450			-22	
4170	20.8500			-21	
4171	20.8550			-21	
4172	20.8600			-20	
4173	20.8650			-20	
4174	20.8700			-20	
4175	20.8750			-20	
4176	20.8800			-19	
4177	20.8850			-19	
4178	20.8900			-18	
4179	20.8950			-18	
4180	20.9000			-17	
4181	20.9050			-17	
4182	20.9100			-16	
4183	20.9150			-16	
4184	20.9200			-15	
4185	20.9250			-15	
4186	20.9300			-14	
4187	20.9350			-14	
4188	20.9400			-13	
4189	20.9450			-12	
4190	20.9500			-12	
4191	20.9550			-11	
4192	20.9600			-10	
4193	20.9650			-10	
4194	20.9700			-9	
4195	20.9750			-9	
4196	20.9800			-8	
4197	20.9850			-7	
4198	20.9900			-7	
4199	20.9950			-6	
4200	21.0000			-5	
4201	21.0050			-4	
4202	21.0100			-4	
4203	21.0150			-3	
4204	21.0200			-2	
4205	21.0250			-2	
4206	21.0300			-1	
4207	21.0350			0	
4208	21.0400			1	
4209	21.0450			2	
4210	21.0500			2	
4211	21.0550			3	
4212	21.0600			4	
4213	21.0650			4	
4214	21.0700			5	
4215	21.0750			6	
4216	21.0800			6	
4217	21.0850			7	
4218	21.0900			8	
4219	21.0950			8	
4220	21.1000			9	
4221	21.1050			10	
4222	21.1100			10	
4223	21.1150			11	
4224	21.1200			12	
4225	21.1250			12	
4226	21.1300			13	
4227	21.1350			14	
4228	21.1400			14	
4229	21.1450			15	
4230	21.1500			16	
4231	21.1550			16	
4232	21.1600			17	
4233	21.1650			17	
4234	21.1700			18	
4235	21.1750			18	
4236	21.1800			19	
4237	21.1850			19	
4238	21.1900			20	
4239	21.1950			20	
4240	21.2000			20	
4241	21.2050			21	
4242	21.2100			21	
4243	21.2150			22	
4244	21.2200			22	
4245	21.2250			22	
4246	21.2300			22	
4247	21.2350			23	
4248	21.2400			23	
4249	21.2450			23	
4250	21.2500			24	
4251	21.2550			24	
4252	21.2600			24	
4253	21.2650			24	
4254	21.2700			24	
4255	21.2750			24	
4256	21.2800			24	
4257	21.2850			24	
4258	21.2900			24	
4259	21.2950			24	
4260	21.3000			24	
4261	21.3050			24	
4262	21.3100			24	
4263	21.3150			24	
4264	21.3200			24	
4265	21.3250			24	
4266	21.3300			24	
4267	21.3350			24	
4268	21.3400			24	
4269	21.3450			23	
4270	21.3500			23	
4271	21.3550			23	
4272	21.3600			22	
4273	21.3650			22	
4274	21.3700			22	
4275	21.3750			22	
4276	21.3800			21	
4277	21.3850			21	
4278	21.3900			20	
4279	21.3950			20	
4280	21.4000			20	
4281	21.4050			19	
4282	21.4100			19	
4283	21.4150			18	
4284	21.4200			18	
4285	21.4250			17	
4286	21.4300			17	
4287	21.4350			16	
4288	21.4400			16	
4289	21.4450			15	
4290	21.4500			14	
4291	21.4550			14	
4292	21.4600			13	
4293	21.4650			13	
4294	21.4700			12	
4295	21.4750			11	
4296	21.4800			11	
4297	21.4850			10	
4298	21.4900			10	
4299	21.4950			9	
4300	21.5000			8	
4301	21.5050			7	
4302	21.5100			7	
4303	21.5150			6	
4304	21.5200			5	
4305	21.5250			4	
4306	21.5300			4	
4307	21.5350			3	
4308	21.5400			2	
4309	21.5450			2	
4310	21.5500			1	
4311	21.5550			0	
4312	21.5600			0	
4313	21.5650			-1	
4314	21.5700			-2	
4315	21.5750			-2	
4316	21.5800			-3	
4317	21.5850			-4	
4318	21.5900			-4	
4319	21.5950			-5	
4320	21.6000			-6	
4321	21.6050			-6	
4322	21.6100			-7	
4323	21.6150			-8	
4324	21.6200			-8	
4325	21.6250			-9	
4326	21.6300			-10	
4327	21.6350			-10	
4328	21.6400			-11	
4329	21.6450			-11	
4330	21.6500			-12	
4331	21.6550			-12	
4332	21.6600			-13	
4333	21.6650			-14	
4334	21.6700			-14	
4335	21.6750			-14	
4336	21.6800			-15	
4337	21.6850			-16	
4338	21.6900			-16	
4339	21.6950			-16	
4340	21.7000			-17	
4341	21.7050			-17	
4342	21.7100			-18	
4343	21.7150			-18	
4344	21.7200			-18	
4345	21.7250			-19	
4346	21.7300			-19	
4347	21.7350			-19	
4348	21.7400			-20	
4349	21.7450			-20	
4350	21.7500			-20	
4351	21.7550			-20	
4352	21.7600			-20	
4353	21.7650			-20	
4354	21.7700			-21	
4355	21.7750			-21	
4356	21.7800			-21	
4357	21.7850			-21	
4358	21.7900			-21	
4359	21.7950			-21	
4360	21.8000			-21	
4361	21.8050			-21	
4362	21.8100			-21	
4363	21.8150			-21	
4364	21.8200			-21	
4365	21.8250			-21	
4366	21.8300			-21	
4367	21.8350			-21	
4368	21.8400			-20	
4369	21.8450			-20	
4370	21.8500			-20	
4371	21.8550			-20	
4372	21.8600			-20	
4373	21.8650			-20	
4374	21.8700			-19	
4375	21.8750			-19	
4376	21.8800			-18	
4377	21.8850			-18	
4378	21.8900			-18	
4379	21.8950			-18	
4380	21.9000			-17	
4381	21.9050			-17	
4382	21.9100			-16	
4383	21.9150			-16	
4384	21.9200			-16	
4385	21.9250			-15	
4386	21.9300			-14	
4387	21.9350			-14	
4388	21.9400			-14	
4389	21.9450			-13	
4390	21.9500			-12	
4391	21.9550			-12	
4392	21.9600			-11	
4393	21.9650			-11	
4394	21.9700			-10	
4395	21.9750			-10	
4396	21.9800			-9	
4397	21.9850			-8	
4398	21.9900			-8	
4399	21.9950			-7	
4400	22.0000			-6	
4401	22.0050			-6	
4402	22.0100			-5	
4403	22.0150			-4	
4404	22.0200			-4	
4405	22.0250			-3	
4406	22.0300			-2	
4407	22.0350			-2	
4408	22.0400			-1	
4409	22.0450			0	
4410	22.0500			0	
4411	22.0550			1	
4412	22.0600			2	
4413	22.0650			2	
4414	22.0700			3	
4415	22.0750			4	
4416	22.0800			4	
4417	22.0850			5	
4418	22.0900			6	
4419	22.0950			6	
4420	22.1000			7	
4421	22.1050			8	
4422	22.1100			8	
4423	22.1150			9	
4424	22.1200			10	
4425	22.1250			10	
4426	22.1300			11	
4427	22.1350			11	
4428	22.1400			12	
4429	22.1450			12	
4430	22.1500			13	
4431	22.1550			14	
4432	22.1600			14	
4433	22.1650			15	
4434	22.1700			15	
4435	22.1750			16	
4436	22.1800			16	
4437	22.1850			16	
4438	22.1900			17	
4439	22.1950			18	
4440	22.2000			18	
4441	22.2050			18	
4442	22.2100			19	
4443	22.2150			19	
4444	22.2200			20	
4445	22.2250			20	
4446	22.2300			20	
4447	22.2350			20	
4448	22.2400			21	
4449	22.2450			21	
4450	22.2500			21	
4451	22.2550			21	
4452	22.2600			22	
4453	22.2650			22	
4454	22.2700			22	
4455	22.2750			22	
4456	22.2800			22	
4457	22.2850			22	
4458	22.2900			22	
4459	22.2950			22	
4460	22.3000			22	
4461	22.3050			22	
4462	22.3100			22	
4463	22.3150			22	
4464	22.3200			22	
4465	22.3250			22	
4466	22.3300			22	
4467	22.3350			22	
4468	22.3400			22	
4469	22.3450			22	
4470	22.3500			22	
4471	22.3550			22	
4472	22.3600			22	
4473	22.3650			21	
4474	22.3700			21	
4475	22.3750			21	
4476	22.3800			20	
4477	22.3850			20	
4478	22.3900			20	
4479	22.3950			20	
4480	22.4000			19	
4481	22.4050			19	
4482	22.4100			18	
4483	22.4150			18	
4484	22.4200			18	
4485	22.4250			17	
4486	22.4300			17	
4487	22.4350			16	
4488	22.4400			16	
4489	22.4450			15	
4490	22.4500			15	
4491	22.4550			14	
4492	22.4600			14	
4493	22.4650			13	
4494	22.4700			13	
4495	22.4750			12	
4496	22.4800			12	
4497	22.4850			11	
4498	22.4900			10	
4499	22.4950			10	
4500	22.5000			9	
4501	22.5050			8	
4502	22.5100			8	
4503	22.5150			7	
4504	22.5200			7	
4505	22.5250			6	
4506	22.5300			6	
4507	22.5350			5	
4508	22.5400			4	
4509	22.5450			4	
4510	22.5500			3	
4511	22.5550			2	
4512	22.5600			2	
4513	22.5650			1	
4514	22.5700			0	
4515	22.5750			0	
4516	22.5800			-1	
4517	22.5850			-2	
4518	22.5900			-2	
4519	22.5950			-3	
4520	22.6000			-4	
4521	22.6050			-4	
4522	22.6100			-5	
4523	22.6150			-6	
4524	22.6200			-6	
4525	22.6250			-7	
4526	22.6300			-7	
4527	22.6350			-8	
4528	22.6400			-8	
4529	22.6450			-9	
4530	22.6500			-10	
4531	22.6550			-10	
4532	22.6600			-11	
4533	22.6650			-11	
4534	22.6700			-12	
4535	22.6750			-12	
4536	22.6800			-13	
4537	22.6850			-13	
4538	22.6900			-14	
4539	22.6950			-14	
4540	22.7000			-14	
4541	22.7050			-15	
4542	22.7100			-15	
4543	22.7150			-16	
4544	22.7200			-16	
4545	22.7250			-16	
4546	22.7300			-17	
4547	22.7350			-17	
4548	22.7400			-17	
4549	22.7450			-18	
4550	22.7500			-18	
4551	22.7550			-18	
4552	22.7600			-18	
4553	22.7650			-18	
4554	22.7700			-19	
4555	22.7750			-19	
4556	22.7800			-19	
4557	22.7850			-19	
4558	22.7900			-19	
4559	22.7950			-19	
4560	22.8000			-20	
4561	22.8050			-20	
4562	22.8100			-20	
4563	22.8150			-20	
4564	22.8200			-20	
4565	22.8250			-20	
4566	22.8300			-20	
4567	22.8350			-20	
4568	22.8400			-19	
4569	22.8450			-19	
4570	22.8500			-19	
4571	22.8550			-19	
4572	22.8600			-19	
4573	22.8650			-18	
4574	22.8700			-18	
4575	22.8750			-18	
4576	22.8800			-18	
4577	22.8850			-18	
4578	22.8900			-17	
4579	22.8950			-17	
4580	22.9000			-17	
4581	22.9050			-16	
4582	22.9100			-16	
4583	22.9150			-16	
4584	22.9200			-15	
4585	22.9250			-15	
4586	22.9300			-14	
4587	22.9350			-14	
4588	22.9400			-14	
4589	22.9450			-13	
4590	22.9500			-13	
4591	22.9550			-12	
4592	22.9600			-12	
4593	22.9650			-11	
4594	22.9700			-11	
4595	22.9750			-10	
4596	22.9800			-10	
4597	22.9850			-9	
4598	22.9900			-8	
4599	22.9950			-8	
4600	23.0000			-8	
4601	23.0050			-7	
4602	23.0100			-6	
4603	23.0150			-6	
4604	23.0200			-5	
4605	23.0250			-4	
4606	23.0300			-4	
4607	23.0350			-3	
4608	23.0400			-2	
4609	23.0450			-2	
4610	23.0500			-1	
4611	23.0550			-1	
4612	23.0600			0	
4613	23.0650			0	
4614	23.0700			1	
4615	23.0750			2	
4616	23.0800			2	
4617	23.0850			3	
4618	23.0900			4	
4619	23.0950			4	
4620	23.1000			5	
4621	23.1050			6	
4622	23.1100			6	
4623	23.1150			7	
4624	23.1200			7	
4625	23.1250			8	
4626	23.1300			8	
4627	23.1350			9	
4628	23.1400			10	
4629	23.1450			10	
4630	23.1500			11	
4631	23.1550			11	
4632	23.1600			12	
4633	23.1650			12	
4634	23.1700			13	
4635	23.1750			13	
4636	23.1800			14	
4637	23.1850			14	
4638	23.1900			15	
4639	23.1950			15	
4640	23.2000			16	
4641	23.2050			16	
4642	23.2100			16	
4643	23.2150			17	
4644	23.2200			17	
4645	23.2250			18	
4646	23.2300			18	
4647	23.2350			18	
4648	23.2400			18	
4649	23.2450			19	
4650	23.2500			19	
4651	23.2550			19	
4652	23.2600			20	
4653	23.2650			20	
4654	23.2700			20	
4655	23.2750			20	
4656	23.2800			20	
4657	23.2850			20	
4658	23.2900			21	
4659	23.2950			21	
4660	23.3000			21	
4661	23.3050			21	
4662	23.3100			21	
4663	23.3150			21	
4664	23.3200			21	
4665	23.3250			21	
4666	23.3300			21	
4667	23.3350			21	
4668	23.3400			21	
4669	23.3450			21	
4670	23.3500			21	
4671	23.3550			21	
4672	23.3600			20	
4673	23.3650			20	
4674	23.3700			20	
4675	23.3750			20	
4676	23.3800			20	
4677	23.3850			20	
4678	23.3900			19	
4679	23.3950			19	
4680	23.4000			19	
4681	23.4050			18	
4682	23.4100			18	
4683	23.4150			18	
4684	23.4200			18	
4685	23.4250			17	
4686	23.4300			17	
4687	23.4350			16	
4688	23.4400			16	
4689	23.4450			16	
4690	23.4500			15	
4691	23.4550			14	
4692	23.4600			14	
4693	23.4650			14	
4694	23.4700			13	
4695	23.4750			13	
4696	23.4800			12	
4697	23.4850			12	
4698	23.4900			11	
4699	23.4950			10	
4700	23.5000			10	
4701	23.5050			10	
4702	23.5100			9	
4703	23.5150			8	
4704	23.5200			8	
4705	23.5250			7	
4706	23.5300			7	
4707	23.5350			6	
4708	23.5400			6	
4709	23.5450			5	
4710	23.5500			4	
4711	23.5550			4	
4712	23.5600			3	
4713	23.5650			2	
4714	23.5700			2	
4715	23.5750			1	
4716	23.5800			1	
4717	23.5850			0	
4718	23.5900			0	
4719	23.5950			-1	
4720	23.6000			-2	
4721	23.6050			-2	
4722	23.6100			-3	
4723	23.6150			-4	
4724	23.6200			-4	
4725	23.6250			-5	
4726	23.6300			-5	
4727	23.6350			-6	
4728	23.6400			-6	
4729	23.6450			-7	
4730	23.6500			-8	
4731	23.6550			-8	
4732	23.6600			-9	
4733	23.6650			-9	
4734	23.6700			-10	
4735	23.6750			-10	
4736	23.6800			-10	
4737	23.6850			-11	
4738	23.6900			-12	
4739	23.6950			-12	
4740	23.7000			-12	
4741	23.7050			-13	
4742	23.7100			-13	
4743	23.7150			-14	
4744	23.7200			-14	
4745	23.7250			-14	
4746	23.7300			-15	
4747	23.7350			-15	
4748	23.7400			-16	
4749	23.7450			-16	
4750	23.7500			-16	
4751	23.7550			-16	
4752	23.7600			-16	
4753	23.7650			-17	
4754	23.7700			-17	
4755	23.7750			-17	
4756	23.7800			-17	
4757	23.7850			-18	
4758	23.7900			-18	
4759	23.7950			-18	
4760	23.8000			-18	
4761	23.8050			-18	
4762	23.8100			-18	
4763	23.8150			-18	
4764	23.8200			-18	
4765	23.8250			-18	
4766	23.8300			-18	
4767	23.8350			-18	
4768	23.8400			-18	
4769	23.8450			-18	
4770	23.8500			-18	
4771	23.8550			-18	
4772	23.8600			-18	
4773	23.8650			-18	
4774	23.8700			-18	
4775	23.8750			-17	
4776	23.8800			-17	
4777	23.8850			-17	
4778	23.8900			-17	
4779	23.8950			-16	
4780	23.9000			-16	
4781	23.9050			-16	
4782	23.9100			-16	
4783	23.9150			-16	
4784	23.9200			-15	
4785	23.9250			-15	
4786	23.9300			-14	
4787	23.9350			-14	
4788	23.9400			-14	
4789	23.9450			-13	
4790	23.9500			-13	
4791	23.9550			-12	
4792	23.9600			-12	
4793	23.9650			-12	
4794	23.9700			-11	
4795	23.9750			-11	
4796	23.9800			-10	
4797	23.9850			-10	
4798	23.9900			-9	
4799	23.9950			-9	
4800	24.0000			-8	
4801	24.0050			-8	
4802	24.0100			-7	
4803	24.0150			-7	
4804	24.0200			-6	
4805	24.0250			-6	
4806	24.0300			-5	
4807	24.0350			-4	
4808	24.0400			-4	
4809	24.0450			-3	
4810	24.0500			-3	
4811	24.0550			-2	
4812	24.0600			-2	
4813	24.0650			-1	
4814	24.0700			0	
4815	24.0750			0	
4816	24.0800			1	
4817	24.0850			1	
4818	24.0900			2	
4819	24.0950			2	
4820	24.1000			3	
4821	24.1050			4	
4822	24.1100			4	
4823	24.1150			5	
4824	24.1200			5	
4825	24.1250			6	
4826	24.1300			6	
4827	24.1350			7	
4828	24.1400			8	
4829	24.1450			8	
4830	24.1500			9	
4831	24.1550			9	
4832	24.1600			10	
4833	24.1650			10	
4834	24.1700			11	
4835	24.1750			11	
4836	24.1800			12	
4837	24.1850			12	
4838	24.1900			13	
4839	24.1950			13	
4840	24.2000			14	
4841	24.2050			14	
4842	24.2100			14	
4843	24.2150			15	
4844	24.2200			15	
4845	24.2250			16	
4846	24.2300			16	
4847	24.2350			16	
4848	24.2400			16	
4849	24.2450			17	
4850	24.2500			17	
4851	24.2550			18	
4852	24.2600			18	
4853	24.2650			18	
4854	24.2700			18	
4855	24.2750			18	
4856	24.2800			19	
4857	24.2850			19	
4858	24.2900			19	
4859	24.2950			19	
4860	24.3000			19	
4861	24.3050			20	
4862	24.3100			20	
4863	24.3150			20	
4864	24.3200			20	
4865	24.3250			20	
4866	24.3300			20	
4867	24.3350			20	
4868	24.3400			20	
4869	24.3450			20	
4870	24.3500			20	
4871	24.3550			20	
4872	24.3600			20	
4873	24.3650			19	
4874	24.3700			19	
4875	24.3750			19	
4876	24.3800			19	
4877	24.3850			19	
4878	24.3900			19	
4879	24.3950			18	
4880	24.4000			18	
4881	24.4050			18	
4882	24.4100			18	
4883	24.4150			18	
4884	24.4200			17	
4885	24.4250			17	
4886	24.4300			16	
4887	24.4350			16	
4888	24.4400			16	
4889	24.4450			16	
4890	24.4500			15	
4891	24.4550			15	
4892	24.4600			14	
4893	24.4650			14	
4894	24.4700			14	
4895	24.4750			13	
4896	24.4800			13	
4897	24.4850			12	
4898	24.4900			12	
4899	24.4950			11	
4900	24.5000			11	
4901	24.5050			10	
4902	24.5100			10	
4903	24.5150			9	
4904	24.5200			9	
4905	24.5250			8	
4906	24.5300			8	
4907	24.5350			7	
4908	24.5400			7	
4909	24.5450			6	
4910	24.5500			6	
4911	24.5550			5	
4912	24.5600			4	
4913	24.5650			4	
4914	24.5700			3	
4915	24.5750			3	
4916	24.5800			2	
4917	24.5850			2	
4918	24.5900			1	
4919	24.5950			0	
4920	24.6000			0	
4921	24.6050			-1	
4922	24.6100			-1	
4923	24.6150			-2	
4924	24.6200			-2	
4925	24.6250			-3	
4926	24.6300			-4	
4927	24.6350			-4	
4928	24.6400			-4	
4929	24.6450			-5	
4930	24.6500			-6	
4931	24.6550			-6	
4932	24.6600			-6	
4933	24.6650			-7	
4934	24.6700			-8	
4935	24.6750			-8	
4936	24.6800			-8	
4937	24.6850			-9	
4938	24.6900			-10	
4939	24.6950			-10	
4940	24.7000			-10	
4941	24.7050			-11	
4942	24.7100			-11	
4943	24.7150			-12	
4944	24.7200			-12	
4945	24.7250			-12	
4946	24.7300			-13	
4947	24.7350			-13	
4948	24.7400			-14	
4949	24.7450			-14	
4950	24.7500			-14	
4951	24.7550			-14	
4952	24.7600			-15	
4953	24.7650			-15	
4954	24.7700			-15	
4955	24.7750			-15	
4956	24.7800			-16	
4957	24.7850			-16	
4958	24.7900			-16	
4959	24.7950			-16	
4960	24.8000			-16	
4961	24.8050			-16	
4962	24.8100			-16	
4963	24.8150			-17	
4964	24.8200			-17	
4965	24.8250			-17	
4966	24.8300			-17	
4967	24.8350			-17	
4968	24.8400			-17	
4969	24.8450			-17	
4970	24.8500			-17	
4971	24.8550			-17	
4972	24.8600			-17	
4973	24.8650			-17	
4974	24.8700			-17	
4975	24.8750			-16	
4976	24.8800			-16	
4977	24.8850			-16	
4978	24.8900			-16	
4979	24.8950			-16	
4980	24.9000			-16	
4981	24.9050			-16	
4982	24.9100			-15	
4983	24.9150			-15	
4984	24.9200			-15	
4985	24.9250			-14	
4986	24.9300			-14	
4987	24.9350			-14	
4988	24.9400			-14	
4989	24.9450			-13	
4990	24.9500			-13	
4991	24.9550			-12	
4992	24.9600			-12	
4993	24.9650			-12	
4994	24.9700			-12	
4995	24.9750			-11	
4996	24.9800			-11	
4997	24.9850			-10	
4998	24.9900			-10	
4999	24.9950			-9	
5000	25.0000			-9	
