#	time(s)	count A	count B	count C	count D
1	0.0050	-4		6	
2	0.0100	-4		6	
3	0.0150	-5		6	
4	0.0200	-5		6	
5	0.0250	-5		6	
6	0.0300	-5		5	
7	0.0350	-6		5	
8	0.0400	-6		5	
9	0.0450	-6		5	
10	0.0500	-6		5	
11	0.0550	-6		4	
12	0.0600	-7		4	
13	0.0650	-7		4	
14	0.0700	-7		4	
15	0.0750	-7		4	
16	0.0800	-8		3	
17	0.0850	-8		3	
18	0.0900	-8		3	
19	0.0950	-8		2	
20	0.1000	-8		2	
21	0.1050	-8		2	
22	0.1100	-8		2	
23	0.1150	-8		1	
24	0.1200	-9		1	
25	0.1250	-9		1	
26	0.1300	-9		0	
27	0.1350	-9		0	
28	0.1400	-9		0	
29	0.1450	-9		-1	
30	0.1500	-9		-1	
31	0.1550	-9		-1	
32	0.1600	-9		-2	
33	0.1650	-9		-2	
34	0.1700	-9		-2	
35	0.1750	-9		-3	
36	0.1800	-9		-3	
37	0.1850	-9		-4	
38	0.1900	-9		-4	
39	0.1950	-9		-4	
40	0.2000	-9		-4	
41	0.2050	-9		-5	
42	0.2100	-9		-5	
43	0.2150	-9		-6	
44	0.2200	-9		-6	
45	0.2250	-9		-6	
46	0.2300	-9		-7	
47	0.2350	-9		-7	
48	0.2400	-9		-8	
49	0.2450	-8		-8	
50	0.2500	-8		-8	
51	0.2550	-8		-8	
52	0.2600	-8		-9	
53	0.2650	-8		-9	
54	0.2700	-8		-10	
55	0.2750	-8		-10	
56	0.2800	-7		-10	
57	0.2850	-7		-10	
58	0.2900	-7		-11	
59	0.2950	-7		-11	
60	0.3000	-7		-11	
61	0.3050	-6		-12	
62	0.3100	-6		-12	
63	0.3150	-6		-12	
64	0.3200	-6		-12	
65	0.3250	-6		-12	
66	0.3300	-5		-12	
67	0.3350	-5		-13	
68	0.3400	-5		-13	
69	0.3450	-4		-13	
70	0.3500	-4		-13	
71	0.3550	-4		-14	
72	0.3600	-4		-14	
73	0.3650	-4		-14	
74	0.3700	-3		-14	
75	0.3750	-3		-14	
76	0.3800	-3		-14	
77	0.3850	-2		-14	
78	0.3900	-2		-14	
79	0.3950	-2		-14	
80	0.4000	-2		-14	
81	0.4050	-1		-14	
82	0.4100	-1		-14	
83	0.4150	-1		-14	
84	0.4200	0		-14	
85	0.4250	0		-14	
86	0.4300	0		-14	
87	0.4350	0		-14	
88	0.4400	0		-14	
89	0.4450	1		-14	
90	0.4500	1		-14	
91	0.4550	1		-14	
92	0.4600	2		-13	
93	0.4650	2		-13	
94	0.4700	2		-13	
95	0.4750	2		-13	
96	0.4800	2		-13	
97	0.4850	3		-12	
98	0.4900	3		-12	
99	0.4950	3		-12	
100	0.5000	3		-12	
101	0.5050	3		-12	
102	0.5100	4		-11	
103	0.5150	4		-11	
104	0.5200	4		-11	
105	0.5250	4		-10	
106	0.5300	4		-10	
107	0.5350	4		-10	
108	0.5400	4		-10	
109	0.5450	5		-9	
110	0.5500	5		-9	
111	0.5550	5		-9	
112	0.5600	5		-8	
113	0.5650	5		-8	
114	0.5700	5		-8	
115	0.5750	5		-7	
116	0.5800	5		-7	
117	0.5850	5		-7	
118	0.5900	5		-6	
119	0.5950	6		-6	
120	0.6000	6		-6	
121	0.6050	6		-5	
122	0.6100	6		-5	
123	0.6150	6		-4	
124	0.6200	6		-4	
125	0.6250	6		-4	
126	0.6300	6		-3	
127	0.6350	5		-3	
128	0.6400	5		-2	
129	0.6450	5		-2	
130	0.6500	5		-2	
131	0.6550	5		-2	
132	0.6600	5		-1	
133	0.6650	5		-1	
134	0.6700	5		0	
135	0.6750	5		0	
136	0.6800	5		0	
137	0.6850	4		0	
138	0.6900	4		1	
139	0.6950	4		1	
140	0.7000	4		2	
141	0.7050	4		2	
142	0.7100	4		2	
143	0.7150	3		2	
144	0.7200	3		3	
145	0.7250	3		3	
146	0.7300	3		3	
147	0.7350	3		4	
148	0.7400	2		4	
149	0.7450	2		4	
150	0.7500	2		4	
151	0.7550	2		4	
152	0.7600	2		5	
153	0.7650	1		5	
154	0.7700	1		5	
155	0.7750	1		5	
156	0.7800	0		6	
157	0.7850	0		6	
158	0.7900	0		6	
159	0.7950	0		6	
160	0.8000	-1		6	
161	0.8050	-1		6	
162	0.8100	-1		6	
163	0.8150	-1		6	
164	0.8200	-2		6	
165	0.8250	-2		6	
166	0.8300	-2		6	
167	0.8350	-2		6	
168	0.8400	-3		6	
169	0.8450	-3		6	
170	0.8500	-3		6	
171	0.8550	-4		6	
172	0.8600	-4		6	
173	0.8650	-4		6	
174	0.8700	-4		6	
175	0.8750	-5		6	
176	0.8800	-5		6	
177	0.8850	-5		6	
178	0.8900	-5		6	
179	0.8950	-6		6	
180	0.9000	-6		5	
181	0.9050	-6		5	
182	0.9100	-6		5	
183	0.9150	-6		5	
184	0.9200	-7		4	
185	0.9250	-7		4	
186	0.9300	-7		4	
187	0.9350	-7		4	
188	0.9400	-7		4	
189	0.9450	-8		3	
190	0.9500	-8		3	
191	0.9550	-8		3	
192	0.9600	-8		2	
193	0.9650	-8		2	
194	0.9700	-8		2	
195	0.9750	-8		2	
196	0.9800	-9		1	
197	0.9850	-9		1	
198	0.9900	-9		1	
199	0.9950	-9		0	
200	1.0000	-9		0	
201	1.0050	-9		0	
202	1.0100	-9		-1	
203	1.0150	-9		-1	
204	1.0200	-9		-2	
205	1.0250	-9		-2	
206	1.0300	-9		-2	
207	1.0350	-9		-2	
208	1.0400	-9		-3	
209	1.0450	-9		-3	
210	1.0500	-9		-4	
211	1.0550	-9		-4	
212	1.0600	-9		-4	
213	1.0650	-9		-5	
214	1.0700	-9		-5	
215	1.0750	-9		-6	
216	1.0800	-9		-6	
217	1.0850	-9		-6	
218	1.0900	-9		-7	
219	1.0950	-9		-7	
220	1.1000	-9		-7	
221	1.1050	-8		-8	
222	1.1100	-8		-8	
223	1.1150	-8		-8	
224	1.1200	-8		-9	
225	1.1250	-8		-9	
226	1.1300	-8		-10	
227	1.1350	-8		-10	
228	1.1400	-7		-10	
229	1.1450	-7		-10	
230	1.1500	-7		-11	
231	1.1550	-7		-11	
232	1.1600	-7		-11	
233	1.1650	-6		-12	
234	1.1700	-6		-12	
235	1.1750	-6		-12	
236	1.1800	-6		-12	
237	1.1850	-6		-12	
238	1.1900	-5		-13	
239	1.1950	-5		-13	
240	1.2000	-5		-13	
241	1.2050	-4		-13	
242	1.2100	-4		-13	
243	1.2150	-4		-14	
244	1.2200	-4		-14	
245	1.2250	-4		-14	
246	1.2300	-3		-14	
247	1.2350	-3		-14	
248	1.2400	-3		-14	
249	1.2450	-2		-14	
250	1.2500	-2		-14	
251	1.2550	-2		-14	
252	1.2600	-2		-14	
253	1.2650	-1		-14	
254	1.2700	-1		-14	
255	1.2750	-1		-14	
256	1.2800	0		-14	
257	1.2850	0		-14	
258	1.2900	0		-14	
259	1.2950	0		-14	
260	1.3000	0		-14	
261	1.3050	1		-14	
262	1.3100	1		-14	
263	1.3150	1		-14	
264	1.3200	2		-14	
265	1.3250	2		-14	
266	1.3300	2		-13	
267	1.3350	2		-13	
268	1.3400	2		-13	
269	1.3450	3		-13	
270	1.3500	3		-12	
271	1.3550	3		-12	
272	1.3600	3		-12	
273	1.3650	3		-12	
274	1.3700	4		-12	
275	1.3750	4		-11	
276	1.3800	4		-11	
277	1.3850	4		-11	
278	1.3900	4		-10	
279	1.3950	4		-10	
280	1.4000	4		-10	
281	1.4050	5		-10	
282	1.4100	5		-9	
283	1.4150	5		-9	
284	1.4200	5		-8	
285	1.4250	5		-8	
286	1.4300	5		-8	
287	1.4350	5		-8	
288	1.4400	5		-7	
289	1.4450	5		-7	
290	1.4500	5		-6	
291	1.4550	6		-6	
292	1.4600	6		-6	
293	1.4650	6		-5	
294	1.4700	6		-5	
295	1.4750	6		-5	
296	1.4800	6		-4	
297	1.4850	6		-4	
298	1.4900	6		-4	
299	1.4950	5		-3	
300	1.5000	5		-3	
301	1.5050	5		-2	
302	1.5100	5		-2	
303	1.5150	5		-2	
304	1.5200	5		-1	
305	1.5250	5		-1	
306	1.5300	5		0	
307	1.5350	5		0	
308	1.5400	5		0	
309	1.5450	4		0	
310	1.5500	4		1	
311	1.5550	4		1	
312	1.5600	4		2	
313	1.5650	4		2	
314	1.5700	4		2	
315	1.5750	4		2	
316	1.5800	3		3	
317	1.5850	3		3	
318	1.5900	3		3	
319	1.5950	3		4	
320	1.6000	2		4	
321	1.6050	2		4	
322	1.6100	2		4	
323	1.6150	2		4	
324	1.6200	2		5	
325	1.6250	1		5	
326	1.6300	1		5	
327	1.6350	1		5	
328	1.6400	0		6	
329	1.6450	0		6	
330	1.6500	0		6	
331	1.6550	0		6	
332	1.6600	0		6	
333	1.6650	-1		6	
334	1.6700	-1		6	
335	1.6750	-1		6	
336	1.6800	-2		6	
337	1.6850	-2		6	
338	1.6900	-2		6	
339	1.6950	-2		6	
340	1.7000	-3		6	
341	1.7050	-3		6	
342	1.7100	-3		6	
343	1.7150	-4		6	
344	1.7200	-4		6	
345	1.7250	-4		6	
346	1.7300	-4		6	
347	1.7350	-4		6	
348	1.7400	-5		6	
349	1.7450	-5		6	
350	1.7500	-5		6	
351	1.7550	-6		6	
352	1.7600	-6		6	
353	1.7650	-6		6	
354	1.7700	-6		5	
355	1.7750	-6		5	
356	1.7800	-7		5	
357	1.7850	-7		5	
358	1.7900	-7		4	
359	1.7950	-7		4	
360	1.8000	-7		4	
361	1.8050	-8		4	
362	1.8100	-8		3	
363	1.8150	-8		3	
364	1.8200	-8		3	
365	1.8250	-8		2	
366	1.8300	-8		2	
367	1.8350	-8		2	
368	1.8400	-9		2	
369	1.8450	-9		1	
370	1.8500	-9		1	
371	1.8550	-9		0	
372	1.8600	-9		0	
373	1.8650	-9		0	
374	1.8700	-9		0	
375	1.8750	-9		-1	
376	1.8800	-9		-1	
377	1.8850	-9		-2	
378	1.8900	-9		-2	
379	1.8950	-9		-2	
380	1.9000	-9		-3	
381	1.9050	-9		-3	
382	1.9100	-9		-4	
383	1.9150	-9		-4	
384	1.9200	-9		-4	
385	1.9250	-9		-4	
386	1.9300	-9		-5	
387	1.9350	-9		-5	
388	1.9400	-9		-6	
389	1.9450	-9		-6	
390	1.9500	-9		-6	
391	1.9550	-9		-7	
392	1.9600	-9		-7	
393	1.9650	-8		-8	
394	1.9700	-8		-8	
395	1.9750	-8		-8	
396	1.9800	-8		-9	
397	1.9850	-8		-9	
398	1.9900	-8		-9	
399	1.9950	-8		-10	
400	2.0000	-8		-10	
401	2.0050	-7		-10	
402	2.0100	-7		-10	
403	2.0150	-7		-11	
404	2.0200	-7		-11	
405	2.0250	-6		-12	
406	2.0300	-6		-12	
407	2.0350	-6		-12	
408	2.0400	-6		-12	
409	2.0450	-6		-12	
410	2.0500	-5		-13	
411	2.0550	-5		-13	
412	2.0600	-5		-13	
413	2.0650	-5		-13	
414	2.0700	-4		-13	
415	2.0750	-4		-14	
416	2.0800	-4		-14	
417	2.0850	-4		-14	
418	2.0900	-3		-14	
419	2.0950	-3		-14	
420	2.1000	-3		-14	
421	2.1050	-2		-14	
422	2.1100	-2		-14	
423	2.1150	-2		-14	
424	2.1200	-2		-14	
425	2.1250	-1		-14	
426	2.1300	-1		-14	
427	2.1350	-1		-14	
428	2.1400	-1		-14	
429	2.1450	0		-14	
430	2.1500	0		-14	
431	2.1550	0		-14	
432	2.1600	0		-14	
433	2.1650	1		-14	
434	2.1700	1		-14	
435	2.1750	1		-14	
436	2.1800	1		-14	
437	2.1850	2		-14	
438	2.1900	2		-14	
439	2.1950	2		-14	
440	2.2000	2		-13	
441	2.2050	3		-13	
442	2.2100	3		-13	
443	2.2150	3		-13	
444	2.2200	3		-12	
445	2.2250	3		-12	
446	2.2300	4		-12	
447	2.2350	4		-12	
448	2.2400	4		-12	
449	2.2450	4		-11	
450	2.2500	4		-11	
451	2.2550	4		-10	
452	2.2600	4		-10	
453	2.2650	5		-10	
454	2.2700	5		-10	
455	2.2750	5		-9	
456	2.2800	5		-9	
457	2.2850	5		-9	
458	2.2900	5		-8	
459	2.2950	5		-8	
460	2.3000	5		-8	
461	2.3050	5		-7	
462	2.3100	5		-7	
463	2.3150	6		-6	
464	2.3200	6		-6	
465	2.3250	6		-6	
466	2.3300	6		-5	
467	2.3350	6		-5	
468	2.3400	6		-5	
469	2.3450	6		-4	
470	2.3500	6		-4	
471	2.3550	6		-4	
472	2.3600	5		-3	
473	2.3650	5		-3	
474	2.3700	5		-2	
475	2.3750	5		-2	
476	2.3800	5		-2	
477	2.3850	5		-1	
478	2.3900	5		-1	
479	2.3950	5		0	
480	2.4000	5		0	
481	2.4050	4		0	
482	2.4100	4		0	
483	2.4150	4		1	
484	2.4200	4		1	
485	2.4250	4		2	
486	2.4300	4		2	
487	2.4350	4		2	
488	2.4400	3		2	
489	2.4450	3		3	
490	2.4500	3		3	
491	2.4550	3		3	
492	2.4600	2		4	
493	2.4650	2		4	
494	2.4700	2		4	
495	2.4750	2		4	
496	2.4800	2		5	
497	2.4850	1		5	
498	2.4900	1		5	
499	2.4950	1		5	
500	2.5000	1		6	
501	2.5050	0		6	
502	2.5100	0		6	
503	2.5150	0		6	
504	2.5200	0		6	
505	2.5250	-1		6	
506	2.5300	-1		6	
507	2.5350	-1		6	
508	2.5400	-2		6	
509	2.5450	-2		6	
510	2.5500	-2		6	
511	2.5550	-2		6	
512	2.5600	-3		6	
513	2.5650	-3		6	
514	2.5700	-3		6	
515	2.5750	-3		6	
516	2.5800	-4		6	
517	2.5850	-4		6	
518	2.5900	-4		6	
519	2.5950	-4		6	
520	2.6000	-5		6	
521	2.6050	-5		6	
522	2.6100	-5		6	
523	2.6150	-5		6	
524	2.6200	-6		6	
525	2.6250	-6		6	
526	2.6300	-6		6	
527	2.6350	-6		5	
528	2.6400	-6		5	
529	2.6450	-7		5	
530	2.6500	-7		5	
531	2.6550	-7		4	
532	2.6600	-7		4	
533	2.6650	-8		4	
534	2.6700	-8		4	
535	2.6750	-8		3	
536	2.6800	-8		3	
537	2.6850	-8		3	
538	2.6900	-8		2	
539	2.6950	-8		2	
540	2.7000	-9		2	
541	2.7050	-9		2	
542	2.7100	-9		1	
543	2.7150	-9		1	
544	2.7200	-9		0	
545	2.7250	-9		0	
546	2.7300	-9		0	
547	2.7350	-9		0	
548	2.7400	-9		-1	
549	2.7450	-9		-1	
550	2.7500	-9		-2	
551	2.7550	-9		-2	
552	2.7600	-9		-2	
553	2.7650	-9		-3	
554	2.7700	-9		-3	
555	2.7750	-9		-4	
556	2.7800	-9		-4	
557	2.7850	-9		-4	
558	2.7900	-9		-4	
559	2.7950	-9		-5	
560	2.8000	-9		-5	
561	2.8050	-9		-6	
562	2.8100	-9		-6	
563	2.8150	-9		-6	
564	2.8200	-9		-7	
565	2.8250	-8		-7	
566	2.8300	-8		-8	
567	2.8350	-8		-8	
568	2.8400	-8		-8	
569	2.8450	-8		-8	
570	2.8500	-8		-9	
571	2.8550	-8		-9	
572	2.8600	-8		-10	
573	2.8650	-7		-10	
574	2.8700	-7		-10	
575	2.8750	-7		-10	
576	2.8800	-7		-11	
577	2.8850	-6		-11	
578	2.8900	-6		-11	
579	2.8950	-6		-12	
580	2.9000	-6		-12	
581	2.9050	-6		-12	
582	2.9100	-5		-12	
583	2.9150	-5		-12	
584	2.9200	-5		-13	
585	2.9250	-5		-13	
586	2.9300	-4		-13	
587	2.9350	-4		-13	
588	2.9400	-4		-13	
589	2.9450	-4		-14	
590	2.9500	-3		-14	
591	2.9550	-3		-14	
592	2.9600	-3		-14	
593	2.9650	-3		-14	
594	2.9700	-2		-14	
595	2.9750	-2		-14	
596	2.9800	-2		-14	
597	2.9850	-2		-14	
598	2.9900	-1		-14	
599	2.9950	-1		-14	
600	3.0000	-1		-14	
601	3.0050	0		-14	
602	3.0100	0		-14	
603	3.0150	0		-14	
604	3.0200	0		-14	
605	3.0250	1		-14	
606	3.0300	1		-14	
607	3.0350	1		-14	
608	3.0400	1		-14	
609	3.0450	2		-14	
610	3.0500	2		-14	
611	3.0550	2		-13	
612	3.0600	2		-13	
613	3.0650	2		-13	
614	3.0700	3		-13	
615	3.0750	3		-13	
616	3.0800	3		-12	
617	3.0850	3		-12	
618	3.0900	4		-12	
619	3.0950	4		-12	
620	3.1000	4		-12	
621	3.1050	4		-11	
622	3.1100	4		-11	
623	3.1150	4		-11	
624	3.1200	4		-10	
625	3.1250	5		-10	
626	3.1300	5		-10	
627	3.1350	5		-10	
628	3.1400	5		-9	
629	3.1450	5		-9	
630	3.1500	5		-8	
631	3.1550	5		-8	
632	3.1600	5		-8	
633	3.1650	5		-7	
634	3.1700	5		-7	
635	3.1750	6		-7	
636	3.1800	6		-6	
637	3.1850	6		-6	
638	3.1900	6		-6	
639	3.1950	6		-5	
640	3.2000	6		-5	
641	3.2050	6		-4	
642	3.2100	6		-4	
643	3.2150	6		-4	
644	3.2200	5		-3	
645	3.2250	5		-3	
646	3.2300	5		-2	
647	3.2350	5		-2	
648	3.2400	5		-2	
649	3.2450	5		-2	
650	3.2500	5		-1	
651	3.2550	5		-1	
652	3.2600	5		0	
653	3.2650	4		0	
654	3.2700	4		0	
655	3.2750	4		1	
656	3.2800	4		1	
657	3.2850	4		1	
658	3.2900	4		2	
659	3.2950	4		2	
660	3.3000	3		2	
661	3.3050	3		2	
662	3.3100	3		3	
663	3.3150	3		3	
664	3.3200	3		4	
665	3.3250	2		4	
666	3.3300	2		4	
667	3.3350	2		4	
668	3.3400	2		4	
669	3.3450	1		4	
670	3.3500	1		5	
671	3.3550	1		5	
672	3.3600	1		5	
673	3.3650	0		5	
674	3.3700	0		6	
675	3.3750	0		6	
676	3.3800	0		6	
677	3.3850	-1		6	
678	3.3900	-1		6	
679	3.3950	-1		6	
680	3.4000	-2		6	
681	3.4050	-2		6	
682	3.4100	-2		6	
683	3.4150	-2		6	
684	3.4200	-3		6	
685	3.4250	-3		6	
686	3.4300	-3		6	
687	3.4350	-3		6	
688	3.4400	-4		6	
689	3.4450	-4		6	
690	3.4500	-4		6	
691	3.4550	-4		6	
692	3.4600	-5		6	
693	3.4650	-5		6	
694	3.4700	-5		6	
695	3.4750	-5		6	
696	3.4800	-6		6	
697	3.4850	-6		6	
698	3.4900	-6		5	
699	3.4950	-6		5	
700	3.5000	-6		5	
701	3.5050	-7		5	
702	3.5100	-7		4	
703	3.5150	-7		4	
704	3.5200	-7		4	
705	3.5250	-8		4	
706	3.5300	-8		4	
707	3.5350	-8		3	
708	3.5400	-8		3	
709	3.5450	-8		3	
710	3.5500	-8		2	
711	3.5550	-8		2	
712	3.5600	-8		2	
713	3.5650	-9		2	
714	3.5700	-9		1	
715	3.5750	-9		1	
716	3.5800	-9		1	
717	3.5850	-9		0	
718	3.5900	-9		0	
719	3.5950	-9		0	
720	3.6000	-9		-1	
721	3.6050	-9		-1	
722	3.6100	-9		-2	
723	3.6150	-9		-2	
724	3.6200	-9		-2	
725	3.6250	-9		-2	
726	3.6300	-9		-3	
727	3.6350	-9		-3	
728	3.6400	-9		-4	
729	3.6450	-9		-4	
730	3.6500	-9		-4	
731	3.6550	-9		-5	
732	3.6600	-9		-5	
733	3.6650	-9		-6	
734	3.6700	-9		-6	
735	3.6750	-9		-6	
736	3.6800	-9		-7	
737	3.6850	-9		-7	
738	3.6900	-8		-7	
739	3.6950	-8		-8	
740	3.7000	-8		-8	
741	3.7050	-8		-8	
742	3.7100	-8		-9	
743	3.7150	-8		-9	
744	3.7200	-8		-9	
745	3.7250	-7		-10	
746	3.7300	-7		-10	
747	3.7350	-7		-10	
748	3.7400	-7		-10	
749	3.7450	-7		-11	
750	3.7500	-6		-11	
751	3.7550	-6		-11	
752	3.7600	-6		-12	
753	3.7650	-6		-12	
754	3.7700	-5		-12	
755	3.7750	-5		-12	
756	3.7800	-5		-12	
757	3.7850	-5		-13	
758	3.7900	-4		-13	
759	3.7950	-4		-13	
760	3.8000	-4		-13	
761	3.8050	-4		-13	
762	3.8100	-3		-14	
763	3.8150	-3		-14	
764	3.8200	-3		-14	
765	3.8250	-3		-14	
766	3.8300	-2		-14	
767	3.8350	-2		-14	
768	3.8400	-2		-14	
769	3.8450	-2		-14	
770	3.8500	-1		-14	
771	3.8550	-1		-14	
772	3.8600	-1		-14	
773	3.8650	0		-14	
774	3.8700	0		-14	
775	3.8750	0		-14	
776	3.8800	0		-14	
777	3.8850	0		-14	
778	3.8900	1		-14	
779	3.8950	1		-14	
780	3.9000	1		-14	
781	3.9050	2		-14	
782	3.9100	2		-13	
783	3.9150	2		-13	
784	3.9200	2		-13	
785	3.9250	2		-13	
786	3.9300	3		-13	
787	3.9350	3		-12	
788	3.9400	3		-12	
789	3.9450	3		-12	
790	3.9500	4		-12	
791	3.9550	4		-12	
792	3.9600	4		-11	
793	3.9650	4		-11	
794	3.9700	4		-11	
795	3.9750	4		-10	
796	3.9800	4		-10	
797	3.9850	5		-10	
798	3.9900	5		-10	
799	3.9950	5		-9	
800	4.0000	5		-9	
801	4.0050	5		-9	
802	4.0100	5		-8	
803	4.0150	5		-8	
804	4.0200	5		-8	
805	4.0250	5		-7	
806	4.0300	5		-7	
807	4.0350	5		-7	
808	4.0400	6		-6	
809	4.0450	6		-6	
810	4.0500	6		-6	
811	4.0550	6		-5	
812	4.0600	6		-5	
813	4.0650	6		-4	
814	4.0700	6		-4	
815	4.0750	6		-4	
816	4.0800	5		-3	
817	4.0850	5		-3	
818	4.0900	5		-3	
819	4.0950	5		-2	
820	4.1000	5		-2	
821	4.1050	5		-2	
822	4.1100	5		-1	
823	4.1150	5		-1	
824	4.1200	5		0	
825	4.1250	4		0	
826	4.1300	4		0	
827	4.1350	4		0	
828	4.1400	4		1	
829	4.1450	4		1	
830	4.1500	4		2	
831	4.1550	4		2	
832	4.1600	3		2	
833	4.1650	3		2	
834	4.1700	3		3	
835	4.1750	3		3	
836	4.1800	3		3	
837	4.1850	2		4	
838	4.1900	2		4	
839	4.1950	2		4	
840	4.2000	2		4	
841	4.2050	1		4	
842	4.2100	1		4	
843	4.2150	1		5	
844	4.2200	1		5	
845	4.2250	0		5	
846	4.2300	0		5	
847	4.2350	0		6	
848	4.2400	0		6	
849	4.2450	-1		6	
850	4.2500	-1		6	
851	4.2550	-1		6	
852	4.2600	-1		6	
853	4.2650	-2		6	
854	4.2700	-2		6	
855	4.2750	-2		6	
856	4.2800	-2		6	
857	4.2850	-3		6	
858	4.2900	-3		6	
859	4.2950	-3		6	
860	4.3000	-4		6	
861	4.3050	-4		6	
862	4.3100	-4		6	
863	4.3150	-4		6	
864	4.3200	-5		6	
865	4.3250	-5		6	
866	4.3300	-5		6	
867	4.3350	-5		6	
868	4.3400	-6		5	
869	4.3450	-6		5	
870	4.3500	-6		5	
871	4.3550	-6		5	
872	4.3600	-6		5	
873	4.3650	-7		4	
874	4.3700	-7		4	
875	4.3750	-7		4	
876	4.3800	-7		4	
877	4.3850	-8		4	
878	4.3900	-8		4	
879	4.3950	-8		3	
880	4.4000	-8		3	
881	4.4050	-8		2	
882	4.4100	-8		2	
883	4.4150	-8		2	
884	4.4200	-8		2	
885	4.4250	-9		2	
886	4.4300	-9		1	
887	4.4350	-9		1	
888	4.4400	-9		0	
889	4.4450	-9		0	
890	4.4500	-9		0	
891	4.4550	-9		0	
892	4.4600	-9		-1	
893	4.4650	-9		-1	
894	4.4700	-9		-2	
895	4.4750	-9		-2	
896	4.4800	-9		-2	
897	4.4850	-9		-3	
898	4.4900	-9		-3	
899	4.4950	-9		-4	
900	4.5000	-9		-4	
901	4.5050	-9		-4	
902	4.5100	-9		-4	
903	4.5150	-9		-5	
904	4.5200	-9		-5	
905	4.5250	-9		-6	
906	4.5300	-9		-6	
907	4.5350	-9		-6	
908	4.5400	-9		-7	
909	4.5450	-9		-7	
910	4.5500	-8		-8	
911	4.5550	-8		-8	
912	4.5600	-8		-8	
913	4.5650	-8		-8	
914	4.5700	-8		-9	
915	4.5750	-8		-9	
916	4.5800	-8		-9	
917	4.5850	-7		-10	
918	4.5900	-7		-10	
919	4.5950	-7		-10	
920	4.6000	-7		-10	
921	4.6050	-7		-11	
922	4.6100	-6		-11	
923	4.6150	-6		-11	
924	4.6200	-6		-12	
925	4.6250	-6		-12	
926	4.6300	-6		-12	
927	4.6350	-5		-12	
928	4.6400	-5		-12	
929	4.6450	-5		-12	
930	4.6500	-4		-13	
931	4.6550	-4		-13	
932	4.6600	-4		-13	
933	4.6650	-4		-13	
934	4.6700	-4		-13	
935	4.6750	-3		-14	
936	4.6800	-3		-14	
937	4.6850	-3		-14	
938	4.6900	-2		-14	
939	4.6950	-2		-14	
940	4.7000	-2		-14	
941	4.7050	-2		-14	
942	4.7100	-1		-14	
943	4.7150	-1		-14	
944	4.7200	-1		-14	
945	4.7250	0		-14	
946	4.7300	0		-14	
947	4.7350	0		-14	
948	4.7400	0		-14	
949	4.7450	0		-14	
950	4.7500	1		-14	
951	4.7550	1		-14	
952	4.7600	1		-14	
953	4.7650	2		-13	
954	4.7700	2		-13	
955	4.7750	2		-13	
956	4.7800	2		-13	
957	4.7850	2		-13	
958	4.7900	3		-12	
959	4.7950	3		-12	
960	4.8000	3		-12	
961	4.8050	3		-12	
962	4.8100	4		-12	
963	4.8150	4		-12	
964	4.8200	4		-11	
965	4.8250	4		-11	
966	4.8300	4		-11	
967	4.8350	4		-10	
968	4.8400	4		-10	
969	4.8450	4		-10	
970	4.8500	5		-10	
971	4.8550	5		-9	
972	4.8600	5		-9	
973	4.8650	5		-8	
974	4.8700	5		-8	
975	4.8750	5		-8	
976	4.8800	5		-8	
977	4.8850	5		-7	
978	4.8900	5		-7	
979	4.8950	6		-6	
980	4.9000	6		-6	
981	4.9050	6		-6	
982	4.9100	6		-6	
983	4.9150	6		-5	
984	4.9200	6		-5	
985	4.9250	6		-4	
986	4.9300	6		-4	
987	4.9350	6		-4	
988	4.9400	5		-3	
989	4.9450	5		-3	
990	4.9500	5		-2	
991	4.9550	5		-2	
992	4.9600	5		-2	
993	4.9650	5		-2	
994	4.9700	5		-1	
995	4.9750	5		-1	
996	4.9800	5		0	
997	4.9850	5		0	
998	4.9900	4		0	
999	4.9950	4		1	
1000	5.0000	4		1	
1001	5.0050	4		1	
1002	5.0100	4		2	
1003	5.0150	4		2	
1004	5.0200	3		2	
1005	5.0250	3		2	
1006	5.0300	3		3	
1007	5.0350	3		3	
1008	5.0400	3		3	
1009	5.0450	2		4	
1010	5.0500	2		4	
1011	5.0550	2		4	
1012	5.0600	2		4	
1013	5.0650	2		4	
1014	5.0700	1		5	
1015	5.0750	1		5	
1016	5.0800	1		5	
1017	5.0850	0		5	
1018	5.0900	0		5	
1019	5.0950	0		6	
1020	5.1000	0		6	
1021	5.1050	-1		6	
1022	5.1100	-1		6	
1023	5.1150	-1		6	
1024	5.1200	-1		6	
1025	5.1250	-2		6	
1026	5.1300	-2		6	
1027	5.1350	-2		6	
1028	5.1400	-2		6	
1029	5.1450	-3		6	
1030	5.1500	-3		6	
1031	5.1550	-3		6	
1032	5.1600	-4		6	
1033	5.1650	-4		6	
1034	5.1700	-4		6	
1035	5.1750	-4		6	
1036	5.1800	-5		6	
1037	5.1850	-5		6	
1038	5.1900	-5		6	
1039	5.1950	-5		6	
1040	5.2000	-6		6	
1041	5.2050	-6		5	
1042	5.2100	-6		5	
1043	5.2150	-6		5	
1044	5.2200	-6		5	
1045	5.2250	-7		4	
1046	5.2300	-7		4	
1047	5.2350	-7		4	
1048	5.2400	-7		4	
1049	5.2450	-8		4	
1050	5.2500	-8		4	
1051	5.2550	-8		3	
1052	5.2600	-8		3	
1053	5.2650	-8		3	
1054	5.2700	-8		2	
1055	5.2750	-8		2	
1056	5.2800	-8		2	
1057	5.2850	-9		2	
1058	5.2900	-9		1	
1059	5.2950	-9		1	
1060	5.3000	-9		0	
1061	5.3050	-9		0	
1062	5.3100	-9		0	
1063	5.3150	-9		0	
1064	5.3200	-9		-1	
1065	5.3250	-9		-1	
1066	5.3300	-9		-2	
1067	5.3350	-9		-2	
1068	5.3400	-9		-2	
1069	5.3450	-9		-3	
1070	5.3500	-9		-3	
1071	5.3550	-9		-4	
1072	5.3600	-9		-4	
1073	5.3650	-9		-4	
1074	5.3700	-9		-4	
1075	5.3750	-9		-5	
1076	5.3800	-9		-5	
1077	5.3850	-9		-6	
1078	5.3900	-9		-6	
1079	5.3950	-9		-6	
1080	5.4000	-9		-7	
1081	5.4050	-9		-7	
1082	5.4100	-8		-8	
1083	5.4150	-8		-8	
1084	5.4200	-8		-8	
1085	5.4250	-8		-8	
1086	5.4300	-8		-9	
1087	5.4350	-8		-9	
1088	5.4400	-8		-10	
1089	5.4450	-7		-10	
1090	5.4500	-7		-10	
1091	5.4550	-7		-10	
1092	5.4600	-7		-10	
1093	5.4650	-7		-11	
1094	5.4700	-6		-11	
1095	5.4750	-6		-11	
1096	5.4800	-6		-12	
1097	5.4850	-6		-12	
1098	5.4900	-6		-12	
1099	5.4950	-5		-12	
1100	5.5000	-5		-12	
1101	5.5050	-5		-13	
1102	5.5100	-4		-13	
1103	5.5150	-4		-13	
1104	5.5200	-4		-13	
1105	5.5250	-4		-13	
1106	5.5300	-4		-14	
1107	5.5350	-3		-14	
1108	5.5400	-3		-14	
1109	5.5450	-3		-14	
1110	5.5500	-2		-14	
1111	5.5550	-2		-14	
1112	5.5600	-2		-14	
1113	5.5650	-2		-14	
1114	5.5700	-1		-14	
1115	5.5750	-1		-14	
1116	5.5800	-1		-14	
1117	5.5850	0		-14	
1118	5.5900	0		-14	
1119	5.5950	0		-14	
1120	5.6000	0		-14	
1121	5.6050	0		-14	
1122	5.6100	1		-14	
1123	5.6150	1		-14	
1124	5.6200	1		-14	
1125	5.6250	2		-13	
1126	5.6300	2		-13	
1127	5.6350	2		-13	
1128	5.6400	2		-13	
1129	5.6450	2		-13	
1130	5.6500	3		-12	
1131	5.6550	3		-12	
1132	5.6600	3		-12	
1133	5.6650	3		-12	
1134	5.6700	3		-12	
1135	5.6750	4		-12	
1136	5.6800	4		-11	
1137	5.6850	4		-11	
1138	5.6900	4		-11	
1139	5.6950	4		-10	
1140	5.7000	4		-10	
1141	5.7050	4		-10	
1142	5.7100	5		-10	
1143	5.7150	5		-9	
1144	5.7200	5		-9	
1145	5.7250	5		-8	
1146	5.7300	5		-8	
1147	5.7350	5		-8	
1148	5.7400	5		-8	
1149	5.7450	5		-7	
1150	5.7500	5		-7	
1151	5.7550	5		-6	
1152	5.7600	6		-6	
1153	5.7650	6		-6	
1154	5.7700	6		-6	
1155	5.7750	6		-5	
1156	5.7800	6		-5	
1157	5.7850	6		-4	
1158	5.7900	6		-4	
1159	5.7950	6		-4	
1160	5.8000	5		-3	
1161	5.8050	5		-3	
1162	5.8100	5		-2	
1163	5.8150	5		-2	
1164	5.8200	5		-2	
1165	5.8250	5		-1	
1166	5.8300	5		-1	
1167	5.8350	5		-1	
1168	5.8400	5		0	
1169	5.8450	5		0	
1170	5.8500	4		0	
1171	5.8550	4		1	
1172	5.8600	4		1	
1173	5.8650	4		1	
1174	5.8700	4		2	
1175	5.8750	4		2	
1176	5.8800	3		2	
1177	5.8850	3		2	
1178	5.8900	3		3	
1179	5.8950	3		3	
1180	5.9000	3		3	
1181	5.9050	2		4	
1182	5.9100	2		4	
1183	5.9150	2		4	
1184	5.9200	2		4	
1185	5.9250	2		4	
1186	5.9300	1		5	
1187	5.9350	1		5	
1188	5.9400	1		5	
1189	5.9450	0		5	
1190	5.9500	0		6	
1191	5.9550	0		6	
1192	5.9600	0		6	
1193	5.9650	-1		6	
1194	5.9700	-1		6	
1195	5.9750	-1		6	
1196	5.9800	-1		6	
1197	5.9850	-2		6	
1198	5.9900	-2		6	
1199	5.9950	-2		6	
1200	6.0000	-2		6	
1201	6.0050	-3		6	
1202	6.0100	-3		6	
1203	6.0150	-3		6	
1204	6.0200	-4		6	
1205	6.0250	-4		6	
1206	6.0300	-4		6	
1207	6.0350	-4		6	
1208	6.0400	-5		6	
1209	6.0450	-5		6	
1210	6.0500	-5		6	
1211	6.0550	-5		6	
1212	6.0600	-6		6	
1213	6.0650	-6		5	
1214	6.0700	-6		5	
1215	6.0750	-6		5	
1216	6.0800	-6		5	
1217	6.0850	-7		4	
1218	6.0900	-7		4	
1219	6.0950	-7		4	
1220	6.1000	-7		4	
1221	6.1050	-7		4	
1222	6.1100	-8		4	
1223	6.1150	-8		3	
1224	6.1200	-8		3	
1225	6.1250	-8		2	
1226	6.1300	-8		2	
1227	6.1350	-8		2	
1228	6.1400	-8		2	
1229	6.1450	-9		1	
1230	6.1500	-9		1	
1231	6.1550	-9		1	
1232	6.1600	-9		0	
1233	6.1650	-9		0	
1234	6.1700	-9		0	
1235	6.1750	-9		-1	
1236	6.1800	-9		-1	
1237	6.1850	-9		-1	
1238	6.1900	-9		-2	
1239	6.1950	-9		-2	
1240	6.2000	-9		-2	
1241	6.2050	-9		-3	
1242	6.2100	-9		-3	
1243	6.2150	-9		-4	
1244	6.2200	-9		-4	
1245	6.2250	-9		-4	
1246	6.2300	-9		-5	
1247	6.2350	-9		-5	
1248	6.2400	-9		-5	
1249	6.2450	-9		-6	
1250	6.2500	-9		-6	
1251	6.2550	-9		-6	
1252	6.2600	-9		-7	
1253	6.2650	-9		-7	
1254	6.2700	-8		-8	
1255	6.2750	-8		-8	
1256	6.2800	-8		-8	
1257	6.2850	-8		-8	
1258	6.2900	-8		-9	
1259	6.2950	-8		-9	
1260	6.3000	-8		-10	
1261	6.3050	-7		-10	
1262	6.3100	-7		-10	
1263	6.3150	-7		-10	
1264	6.3200	-7		-11	
1265	6.3250	-7		-11	
1266	6.3300	-6		-11	
1267	6.3350	-6		-12	
1268	6.3400	-6		-12	
1269	6.3450	-6		-12	
1270	6.3500	-6		-12	
1271	6.3550	-5		-12	
1272	6.3600	-5		-13	
1273	6.3650	-5		-13	
1274	6.3700	-4		-13	
1275	6.3750	-4		-13	
1276	6.3800	-4		-13	
1277	6.3850	-4		-14	
1278	6.3900	-4		-14	
1279	6.3950	-3		-14	
1280	6.4000	-3		-14	
1281	6.4050	-3		-14	
1282	6.4100	-2		-14	
1283	6.4150	-2		-14	
1284	6.4200	-2		-14	
1285	6.4250	-2		-14	
1286	6.4300	-1		-14	
1287	6.4350	-1		-14	
1288	6.4400	-1		-14	
1289	6.4450	-1		-14	
1290	6.4500	0		-14	
1291	6.4550	0		-14	
1292	6.4600	0		-14	
1293	6.4650	0		-14	
1294	6.4700	1		-14	
1295	6.4750	1		-14	
1296	6.4800	1		-14	
1297	6.4850	1		-14	
1298	6.4900	2		-13	
1299	6.4950	2		-13	
1300	6.5000	2		-13	
1301	6.5050	2		-13	
1302	6.5100	3		-13	
1303	6.5150	3		-12	
1304	6.5200	3		-12	
1305	6.5250	3		-12	
1306	6.5300	3		-12	
1307	6.5350	4		-12	
1308	6.5400	4		-11	
1309	6.5450	4		-11	
1310	6.5500	4		-11	
1311	6.5550	4		-10	
1312	6.5600	4		-10	
1313	6.5650	4		-10	
1314	6.5700	5		-10	
1315	6.5750	5		-9	
1316	6.5800	5		-9	
1317	6.5850	5		-9	
1318	6.5900	5		-8	
1319	6.5950	5		-8	
1320	6.6000	5		-8	
1321	6.6050	5		-7	
1322	6.6100	5		-7	
1323	6.6150	5		-6	
1324	6.6200	6		-6	
1325	6.6250	6		-6	
1326	6.6300	6		-6	
1327	6.6350	6		-5	
1328	6.6400	6		-5	
1329	6.6450	6		-4	
1330	6.6500	6		-4	
1331	6.6550	6		-4	
1332	6.6600	5		-3	
1333	6.6650	5		-3	
1334	6.6700	5		-2	
1335	6.6750	5		-2	
1336	6.6800	5		-2	
1337	6.6850	5		-2	
1338	6.6900	5		-1	
1339	6.6950	5		-1	
1340	6.7000	5		0	
1341	6.7050	5		0	
1342	6.7100	4		0	
1343	6.7150	4		1	
1344	6.7200	4		1	
1345	6.7250	4		1	
1346	6.7300	4		2	
1347	6.7350	4		2	
1348	6.7400	4		2	
1349	6.7450	3		2	
1350	6.7500	3		3	
1351	6.7550	3		3	
1352	6.7600	3		4	
1353	6.7650	2		4	
1354	6.7700	2		4	
1355	6.7750	2		4	
1356	6.7800	2		4	
1357	6.7850	2		4	
1358	6.7900	1		5	
1359	6.7950	1		5	
1360	6.8000	1		5	
1361	6.8050	0		5	
1362	6.8100	0		6	
1363	6.8150	0		6	
1364	6.8200	0		6	
1365	6.8250	0		6	
1366	6.8300	-1		6	
1367	6.8350	-1		6	
1368	6.8400	-1		6	
1369	6.8450	-2		6	
1370	6.8500	-2		6	
1371	6.8550	-2		6	
1372	6.8600	-2		6	
1373	6.8650	-3		6	
1374	6.8700	-3		6	
1375	6.8750	-3		6	
1376	6.8800	-4		6	
1377	6.8850	-4		6	
1378	6.8900	-4		6	
1379	6.8950	-4		6	
1380	6.9000	-4		6	
1381	6.9050	-5		6	
1382	6.9100	-5		6	
1383	6.9150	-5		6	
1384	6.9200	-6		6	
1385	6.9250	-6		6	
1386	6.9300	-6		5	
1387	6.9350	-6		5	
1388	6.9400	-6		5	
1389	6.9450	-7		5	
1390	6.9500	-7		4	
1391	6.9550	-7		4	
1392	6.9600	-7		4	
1393	6.9650	-7		4	
1394	6.9700	-8		4	
1395	6.9750	-8		3	
1396	6.9800	-8		3	
1397	6.9850	-8		3	
1398	6.9900	-8		2	
1399	6.9950	-8		2	
1400	7.0000	-8		2	
1401	7.0050	-9		2	
1402	7.0100	-9		1	
1403	7.0150	-9		1	
1404	7.0200	-9		0	
1405	7.0250	-9		0	
1406	7.0300	-9		0	
1407	7.0350	-9		0	
1408	7.0400	-9		-1	
1409	7.0450	-9		-1	
1410	7.0500	-9		-2	
1411	7.0550	-9		-2	
1412	7.0600	-9		-2	
1413	7.0650	-9		-3	
1414	7.0700	-9		-3	
1415	7.0750	-9		-3	
1416	7.0800	-9		-4	
1417	7.0850	-9		-4	
1418	7.0900	-9		-4	
1419	7.0950	-9		-5	
1420	7.1000	-9		-5	
1421	7.1050	-9		-6	
1422	7.1100	-9		-6	
1423	7.1150	-9		-6	
1424	7.1200	-9		-7	
1425	7.1250	-9		-7	
1426	7.1300	-8		-8	
1427	7.1350	-8		-8	
1428	7.1400	-8		-8	
1429	7.1450	-8		-8	
1430	7.1500	-8		-9	
1431	7.1550	-8		-9	
1432	7.1600	-8		-10	
1433	7.1650	-7		-10	
1434	7.1700	-7		-10	
1435	7.1750	-7		-10	
1436	7.1800	-7		-11	
1437	7.1850	-7		-11	
1438	7.1900	-6		-11	
1439	7.1950	-6		-12	
1440	7.2000	-6		-12	
1441	7.2050	-6		-12	
1442	7.2100	-6		-12	
1443	7.2150	-5		-12	
1444	7.2200	-5		-13	
1445	7.2250	-5		-13	
1446	7.2300	-5		-13	
1447	7.2350	-4		-13	
1448	7.2400	-4		-13	
1449	7.2450	-4		-14	
1450	7.2500	-4		-14	
1451	7.2550	-3		-14	
1452	7.2600	-3		-14	
1453	7.2650	-3		-14	
1454	7.2700	-2		-14	
1455	7.2750	-2		-14	
1456	7.2800	-2		-14	
1457	7.2850	-2		-14	
1458	7.2900	-2		-14	
1459	7.2950	-1		-14	
1460	7.3000	-1		-14	
1461	7.3050	-1		-14	
1462	7.3100	0		-14	
1463	7.3150	0		-14	
1464	7.3200	0		-14	
1465	7.3250	0		-14	
1466	7.3300	1		-14	
1467	7.3350	1		-14	
1468	7.3400	1		-14	
1469	7.3450	1		-14	
1470	7.3500	2		-14	
1471	7.3550	2		-14	
1472	7.3600	2		-13	
1473	7.3650	2		-13	
1474	7.3700	3		-13	
1475	7.3750	3		-13	
1476	7.3800	3		-12	
1477	7.3850	3		-12	
1478	7.3900	3		-12	
1479	7.3950	4		-12	
1480	7.4000	4		-12	
1481	7.4050	4		-11	
1482	7.4100	4		-11	
1483	7.4150	4		-11	
1484	7.4200	4		-10	
1485	7.4250	4		-10	
1486	7.4300	5		-10	
1487	7.4350	5		-10	
1488	7.4400	5		-9	
1489	7.4450	5		-9	
1490	7.4500	5		-9	
1491	7.4550	5		-8	
1492	7.4600	5		-8	
1493	7.4650	5		-8	
1494	7.4700	5		-7	
1495	7.4750	5		-7	
1496	7.4800	6		-6	
1497	7.4850	6		-6	
1498	7.4900	6		-6	
1499	7.4950	6		-6	
1500	7.5000	6		-5	
1501	7.5050	6		-5	
1502	7.5100	6		-4	
1503	7.5150	6		-4	
1504	7.5200	5		-4	
1505	7.5250	5		-3	
1506	7.5300	5		-3	
1507	7.5350	5		-2	
1508	7.5400	5		-2	
1509	7.5450	5		-2	
1510	7.5500	5		-1	
1511	7.5550	5		-1	
1512	7.5600	5		0	
1513	7.5650	5		0	
1514	7.5700	4		0	
1515	7.5750	4		0	
1516	7.5800	4		1	
1517	7.5850	4		1	
1518	7.5900	4		2	
1519	7.5950	4		2	
1520	7.6000	4		2	
1521	7.6050	3		2	
1522	7.6100	3		3	
1523	7.6150	3		3	
1524	7.6200	3		3	
1525	7.6250	2		4	
1526	7.6300	2		4	
1527	7.6350	2		4	
1528	7.6400	2		4	
1529	7.6450	2		4	
1530	7.6500	1		5	
1531	7.6550	1		5	
1532	7.6600	1		5	
1533	7.6650	1		5	
1534	7.6700	0		6	
1535	7.6750	0		6	
1536	7.6800	0		6	
1537	7.6850	0		6	
1538	7.6900	-1		6	
1539	7.6950	-1		6	
1540	7.7000	-1		6	
1541	7.7050	-2		6	
1542	7.7100	-2		6	
1543	7.7150	-2		6	
1544	7.7200	-2		6	
1545	7.7250	-3		6	
1546	7.7300	-3		6	
1547	7.7350	-3		6	
1548	7.7400	-4		6	
1549	7.7450	-4		6	
1550	7.7500	-4		6	
1551	7.7550	-4		6	
1552	7.7600	-4		6	
1553	7.7650	-5		6	
1554	7.7700	-5		6	
1555	7.7750	-5		6	
1556	7.7800	-6		6	
1557	7.7850	-6		6	
1558	7.7900	-6		6	
1559	7.7950	-6		5	
1560	7.8000	-6		5	
1561	7.8050	-7		5	
1562	7.8100	-7		5	
1563	7.8150	-7		4	
1564	7.8200	-7		4	
1565	7.8250	-7		4	
1566	7.8300	-8		4	
1567	7.8350	-8		4	
1568	7.8400	-8		3	
1569	7.8450	-8		3	
1570	7.8500	-8		3	
1571	7.8550	-8		2	
1572	7.8600	-8		2	
1573	7.8650	-9		2	
1574	7.8700	-9		2	
1575	7.8750	-9		1	
1576	7.8800	-9		1	
1577	7.8850	-9		0	
1578	7.8900	-9		0	
1579	7.8950	-9		0	
1580	7.9000	-9		0	
1581	7.9050	-9		-1	
1582	7.9100	-9		-1	
1583	7.9150	-9		-2	
1584	7.9200	-9		-2	
1585	7.9250	-9		-2	
1586	7.9300	-9		-3	
1587	7.9350	-9		-3	
1588	7.9400	-9		-4	
1589	7.9450	-9		-4	
1590	7.9500	-9		-4	
1591	7.9550	-9		-4	
1592	7.9600	-9		-5	
1593	7.9650	-9		-5	
1594	7.9700	-9		-6	
1595	7.9750	-9		-6	
1596	7.9800	-9		-6	
1597	7.9850	-9		-7	
1598	7.9900	-8		-7	
1599	7.9950	-8		-8	
1600	8.0000	-8		-8	
1601	8.0050	-8		-8	
1602	8.0100	-8		-8	
1603	8.0150	-8		-9	
1604	8.0200	-8		-9	
1605	8.0250	-8		-10	
1606	8.0300	-7		-10	
1607	8.0350	-7		-10	
1608	8.0400	-7		-10	
1609	8.0450	-7		-11	
1610	8.0500	-6		-11	
1611	8.0550	-6		-11	
1612	8.0600	-6		-12	
1613	8.0650	-6		-12	
1614	8.0700	-6		-12	
1615	8.0750	-5		-12	
1616	8.0800	-5		-12	
1617	8.0850	-5		-13	
1618	8.0900	-5		-13	
1619	8.0950	-4		-13	
1620	8.1000	-4		-13	
1621	8.1050	-4		-13	
1622	8.1100	-4		-14	
1623	8.1150	-3		-14	
1624	8.1200	-3		-14	
1625	8.1250	-3		-14	
1626	8.1300	-2		-14	
1627	8.1350	-2		-14	
1628	8.1400	-2		-14	
1629	8.1450	-2		-14	
1630	8.1500	-1		-14	
1631	8.1550	-1		-14	
1632	8.1600	-1		-14	
1633	8.1650	-1		-14	
1634	8.1700	0		-14	
1635	8.1750	0		-14	
1636	8.1800	0		-14	
1637	8.1850	0		-14	
1638	8.1900	1		-14	
1639	8.1950	1		-14	
1640	8.2000	1		-14	
1641	8.2050	1		-14	
1642	8.2100	2		-14	
1643	8.2150	2		-14	
1644	8.2200	2		-13	
1645	8.2250	2		-13	
1646	8.2300	3		-13	
1647	8.2350	3		-13	
1648	8.2400	3		-13	
1649	8.2450	3		-12	
1650	8.2500	3		-12	
1651	8.2550	4		-12	
1652	8.2600	4		-12	
1653	8.2650	4		-12	
1654	8.2700	4		-11	
1655	8.2750	4		-11	
1656	8.2800	4		-11	
1657	8.2850	4		-10	
1658	8.2900	5		-10	
1659	8.2950	5		-10	
1660	8.3000	5		-10	
1661	8.3050	5		-9	
1662	8.3100	5		-9	
1663	8.3150	5		-8	
1664	8.3200	5		-8	
1665	8.3250	5		-8	
1666	8.3300	5		-8	
1667	8.3350	5		-7	
1668	8.3400	6		-7	
1669	8.3450	6		-6	
1670	8.3500	6		-6	
1671	8.3550	6		-6	
1672	8.3600	6		-5	
1673	8.3650	6		-5	
1674	8.3700	6		-4	
1675	8.3750	6		-4	
1676	8.3800	6		-4	
1677	8.3850	5		-3	
1678	8.3900	5		-3	
1679	8.3950	5		-3	
1680	8.4000	5		-2	
1681	8.4050	5		-2	
1682	8.4100	5		-2	
1683	8.4150	5		-1	
1684	8.4200	5		-1	
1685	8.4250	5		0	
1686	8.4300	4		0	
1687	8.4350	4		0	
1688	8.4400	4		0	
1689	8.4450	4		1	
1690	8.4500	4		1	
1691	8.4550	4		2	
1692	8.4600	4		2	
1693	8.4650	3		2	
1694	8.4700	3		2	
1695	8.4750	3		3	
1696	8.4800	3		3	
1697	8.4850	2		3	
1698	8.4900	2		4	
1699	8.4950	2		4	
1700	8.5000	2		4	
1701	8.5050	2		4	
1702	8.5100	1		4	
1703	8.5150	1		5	
1704	8.5200	1		5	
1705	8.5250	1		5	
1706	8.5300	0		5	
1707	8.5350	0		6	
1708	8.5400	0		6	
1709	8.5450	0		6	
1710	8.5500	-1		6	
1711	8.5550	-1		6	
1712	8.5600	-1		6	
1713	8.5650	-2		6	
1714	8.5700	-2		6	
1715	8.5750	-2		6	
1716	8.5800	-2		6	
1717	8.5850	-3		6	
1718	8.5900	-3		6	
1719	8.5950	-3		6	
1720	8.6000	-3		6	
1721	8.6050	-4		6	
1722	8.6100	-4		6	
1723	8.6150	-4		6	
1724	8.6200	-4		6	
1725	8.6250	-5		6	
1726	8.6300	-5		6	
1727	8.6350	-5		6	
1728	8.6400	-5		6	
1729	8.6450	-6		6	
1730	8.6500	-6		6	
1731	8.6550	-6		5	
1732	8.6600	-6		5	
1733	8.6650	-6		5	
1734	8.6700	-7		5	
1735	8.6750	-7		4	
1736	8.6800	-7		4	
1737	8.6850	-7		4	
1738	8.6900	-8		4	
1739	8.6950	-8		4	
1740	8.7000	-8		4	
1741	8.7050	-8		3	
1742	8.7100	-8		3	
1743	8.7150	-8		2	
1744	8.7200	-8		2	
1745	8.7250	-9		2	
1746	8.7300	-9		2	
1747	8.7350	-9		1	
1748	8.7400	-9		1	
1749	8.7450	-9		1	
1750	8.7500	-9		0	
1751	8.7550	-9		0	
1752	8.7600	-9		0	
1753	8.7650	-9		-1	
1754	8.7700	-9		-1	
1755	8.7750	-9		-2	
1756	8.7800	-9		-2	
1757	8.7850	-9		-2	
1758	8.7900	-9		-2	
1759	8.7950	-9		-3	
1760	8.8000	-9		-3	
1761	8.8050	-9		-4	
1762	8.8100	-9		-4	
1763	8.8150	-9		-4	
1764	8.8200	-9		-5	
1765	8.8250	-9		-5	
1766	8.8300	-9		-6	
1767	8.8350	-9		-6	
1768	8.8400	-9		-6	
1769	8.8450	-9		-6	
1770	8.8500	-8		-7	
1771	8.8550	-8		-7	
1772	8.8600	-8		-8	
1773	8.8650	-8		-8	
1774	8.8700	-8		-8	
1775	8.8750	-8		-9	
1776	8.8800	-8		-9	
1777	8.8850	-8		-9	
1778	8.8900	-7		-10	
1779	8.8950	-7		-10	
1780	8.9000	-7		-10	
1781	8.9050	-7		-10	
1782	8.9100	-6		-11	
1783	8.9150	-6		-11	
1784	8.9200	-6		-11	
1785	8.9250	-6		-12	
1786	8.9300	-6		-12	
1787	8.9350	-5		-12	
1788	8.9400	-5		-12	
1789	8.9450	-5		-12	
1790	8.9500	-5		-13	
1791	8.9550	-4		-13	
1792	8.9600	-4		-13	
1793	8.9650	-4		-13	
1794	8.9700	-4		-13	
1795	8.9750	-3		-14	
1796	8.9800	-3		-14	
1797	8.9850	-3		-14	
1798	8.9900	-3		-14	
1799	8.9950	-2		-14	
1800	9.0000	-2		-14	
1801	9.0050	-2		-14	
1802	9.0100	-2		-14	
1803	9.0150	-1		-14	
1804	9.0200	-1		-14	
1805	9.0250	-1		-14	
1806	9.0300	0		-14	
1807	9.0350	0		-14	
1808	9.0400	0		-14	
1809	9.0450	0		-14	
1810	9.0500	1		-14	
1811	9.0550	1		-14	
1812	9.0600	1		-14	
1813	9.0650	1		-14	
1814	9.0700	2		-14	
1815	9.0750	2		-14	
1816	9.0800	2		-13	
1817	9.0850	2		-13	
1818	9.0900	2		-13	
1819	9.0950	3		-13	
1820	9.1000	3		-12	
1821	9.1050	3		-12	
1822	9.1100	3		-12	
1823	9.1150	4		-12	
1824	9.1200	4		-12	
1825	9.1250	4		-12	
1826	9.1300	4		-11	
1827	9.1350	4		-11	
1828	9.1400	4		-11	
1829	9.1450	4		-10	
1830	9.1500	5		-10	
1831	9.1550	5		-10	
1832	9.1600	5		-10	
1833	9.1650	5		-9	
1834	9.1700	5		-9	
1835	9.1750	5		-8	
1836	9.1800	5		-8	
1837	9.1850	5		-8	
1838	9.1900	5		-8	
1839	9.1950	5		-7	
1840	9.2000	6		-7	
1841	9.2050	6		-6	
1842	9.2100	6		-6	
1843	9.2150	6		-6	
1844	9.2200	6		-5	
1845	9.2250	6		-5	
1846	9.2300	6		-4	
1847	9.2350	6		-4	
1848	9.2400	6		-4	
1849	9.2450	5		-4	
1850	9.2500	5		-3	
1851	9.2550	5		-3	
1852	9.2600	5		-2	
1853	9.2650	5		-2	
1854	9.2700	5		-2	
1855	9.2750	5		-1	
1856	9.2800	5		-1	
1857	9.2850	5		0	
1858	9.2900	4		0	
1859	9.2950	4		0	
1860	9.3000	4		0	
1861	9.3050	4		1	
1862	9.3100	4		1	
1863	9.3150	4		2	
1864	9.3200	4		2	
1865	9.3250	3		2	
1866	9.3300	3		2	
1867	9.3350	3		2	
1868	9.3400	3		3	
1869	9.3450	3		3	
1870	9.3500	2		4	
1871	9.3550	2		4	
1872	9.3600	2		4	
1873	9.3650	2		4	
1874	9.3700	1		4	
1875	9.3750	1		4	
1876	9.3800	1		5	
1877	9.3850	1		5	
1878	9.3900	0		5	
1879	9.3950	0		5	
1880	9.4000	0		6	
1881	9.4050	0		6	
1882	9.4100	-1		6	
1883	9.4150	-1		6	
1884	9.4200	-1		6	
1885	9.4250	-1		6	
1886	9.4300	-2		6	
1887	9.4350	-2		6	
1888	9.4400	-2		6	
1889	9.4450	-3		6	
1890	9.4500	-3		6	
1891	9.4550	-3		6	
1892	9.4600	-3		6	
1893	9.4650	-4		6	
1894	9.4700	-4		6	
1895	9.4750	-4		6	
1896	9.4800	-4		6	
1897	9.4850	-5		6	
1898	9.4900	-5		6	
1899	9.4950	-5		6	
1900	9.5000	-5		6	
1901	9.5050	-6		6	
1902	9.5100	-6		5	
1903	9.5150	-6		5	
1904	9.5200	-6		5	
1905	9.5250	-6		5	
1906	9.5300	-7		5	
1907	9.5350	-7		4	
1908	9.5400	-7		4	
1909	9.5450	-7		4	
1910	9.5500	-8		4	
1911	9.5550	-8		4	
1912	9.5600	-8		3	
1913	9.5650	-8		3	
1914	9.5700	-8		3	
1915	9.5750	-8		2	
1916	9.5800	-8		2	
1917	9.5850	-8		2	
1918	9.5900	-9		2	
1919	9.5950	-9		1	
1920	9.6000	-9		1	
1921	9.6050	-9		1	
1922	9.6100	-9		0	
1923	9.6150	-9		0	
1924	9.6200	-9		0	
1925	9.6250	-9		-1	
1926	9.6300	-9		-1	
1927	9.6350	-9		-2	
1928	9.6400	-9		-2	
1929	9.6450	-9		-2	
1930	9.6500	-9		-2	
1931	9.6550	-9		-3	
1932	9.6600	-9		-3	
1933	9.6650	-9		-4	
1934	9.6700	-9		-4	
1935	9.6750	-9		-4	
1936	9.6800	-9		-5	
1937	9.6850	-9		-5	
1938	9.6900	-9		-6	
1939	9.6950	-9		-6	
1940	9.7000	-9		-6	
1941	9.7050	-9		-6	
1942	9.7100	-9		-7	
1943	9.7150	-8		-7	
1944	9.7200	-8		-8	
1945	9.7250	-8		-8	
1946	9.7300	-8		-8	
1947	9.7350	-8		-8	
1948	9.7400	-8		-9	
1949	9.7450	-8		-9	
1950	9.7500	-7		-10	
1951	9.7550	-7		-10	
1952	9.7600	-7		-10	
1953	9.7650	-7		-10	
1954	9.7700	-7		-11	
1955	9.7750	-6		-11	
1956	9.7800	-6		-11	
1957	9.7850	-6		-12	
1958	9.7900	-6		-12	
1959	9.7950	-6		-12	
1960	9.8000	-5		-12	
1961	9.8050	-5		-12	
1962	9.8100	-5		-12	
1963	9.8150	-4		-13	
1964	9.8200	-4		-13	
1965	9.8250	-4		-13	
1966	9.8300	-4		-13	
1967	9.8350	-3		-13	
1968	9.8400	-3		-14	
1969	9.8450	-3		-14	
1970	9.8500	-3		-14	
1971	9.8550	-2		-14	
1972	9.8600	-2		-14	
1973	9.8650	-2		-14	
1974	9.8700	-2		-14	
1975	9.8750	-1		-14	
1976	9.8800	-1		-14	
1977	9.8850	-1		-14	
1978	9.8900	0		-14	
1979	9.8950	0		-14	
1980	9.9000	0		-14	
1981	9.9050	0		-14	
1982	9.9100	0		-14	
1983	9.9150	1		-14	
1984	9.9200	1		-14	
1985	9.9250	1		-14	
1986	9.9300	2		-14	
1987	9.9350	2		-13	
1988	9.9400	2		-13	
1989	9.9450	2		-13	
1990	9.9500	2		-13	
1991	9.9550	3		-13	
1992	9.9600	3		-12	
1993	9.9650	3		-12	
1994	9.9700	3		-12	
1995	9.9750	4		-12	
1996	9.9800	4		-12	
1997	9.9850	4		-11	
1998	9.9900	4		-11	
1999	9.9950	4		-11	
2000	10.0000	4		-10	
2001	10.0050	4		-10	
2002	10.0100	5		-10	
2003	10.0150	5		-10	
2004	10.0200	5		-9	
2005	10.0250	5		-9	
2006	10.0300	5		-9	
2007	10.0350	5		-8	
2008	10.0400	5		-8	
2009	10.0450	5		-8	
2010	10.0500	5		-8	
2011	10.0550	5		-7	
2012	10.0600	6		-7	
2013	10.0650	6		-6	
2014	10.0700	6		-6	
2015	10.0750	6		-6	
2016	10.0800	6		-5	
2017	10.0850	6		-5	
2018	10.0900	6		-4	
2019	10.0950	6		-4	
2020	10.1000	6		-4	
2021	10.1050	5		-4	
2022	10.1100	5		-3	
2023	10.1150	5		-3	
2024	10.1200	5		-2	
2025	10.1250	5		-2	
2026	10.1300	5		-2	
2027	10.1350	5		-1	
2028	10.1400	5		-1	
2029	10.1450	5		0	
2030	10.1500	5		0	
2031	10.1550	4		0	
2032	10.1600	4		0	
2033	10.1650	4		1	
2034	10.1700	4		1	
2035	10.1750	4		2	
2036	10.1800	4		2	
2037	10.1850	3		2	
2038	10.1900	3		2	
2039	10.1950	3		2	
2040	10.2000	3		3	
2041	10.2050	3		3	
2042	10.2100	2		4	
2043	10.2150	2		4	
2044	10.2200	2		4	
2045	10.2250	2		4	
2046	10.2300	1		4	
2047	10.2350	1		4	
2048	10.2400	1		5	
2049	10.2450	1		5	
2050	10.2500	0		5	
2051	10.2550	0		5	
2052	10.2600	0		6	
2053	10.2650	0		6	
2054	10.2700	-1		6	
2055	10.2750	-1		6	
2056	10.2800	-1		6	
2057	10.2850	-1		6	
2058	10.2900	-2		6	
2059	10.2950	-2		6	
2060	10.3000	-2		6	
2061	10.3050	-2		6	
2062	10.3100	-3		6	
2063	10.3150	-3		6	
2064	10.3200	-3		6	
2065	10.3250	-4		6	
2066	10.3300	-4		6	
2067	10.3350	-4		6	
2068	10.3400	-4		6	
2069	10.3450	-5		6	
2070	10.3500	-5		6	
2071	10.3550	-5		6	
2072	10.3600	-5		6	
2073	10.3650	-6		6	
2074	10.3700	-6		5	
2075	10.3750	-6		5	
2076	10.3800	-6		5	
2077	10.3850	-6		5	
2078	10.3900	-7		5	
2079	10.3950	-7		4	
2080	10.4000	-7		4	
2081	10.4050	-7		4	
2082	10.4100	-8		4	
2083	10.4150	-8		4	
2084	10.4200	-8		3	
2085	10.4250	-8		3	
2086	10.4300	-8		3	
2087	10.4350	-8		2	
2088	10.4400	-8		2	
2089	10.4450	-8		2	
2090	10.4500	-9		2	
2091	10.4550	-9		1	
2092	10.4600	-9		1	
2093	10.4650	-9		0	
2094	10.4700	-9		0	
2095	10.4750	-9		0	
2096	10.4800	-9		0	
2097	10.4850	-9		-1	
2098	10.4900	-9		-1	
2099	10.4950	-9		-2	
2100	10.5000	-9		-2	
2101	10.5050	-9		-2	
2102	10.5100	-9		-3	
2103	10.5150	-9		-3	
2104	10.5200	-9		-3	
2105	10.5250	-9		-4	
2106	10.5300	-9		-4	
2107	10.5350	-9		-4	
2108	10.5400	-9		-5	
2109	10.5450	-9		-5	
2110	10.5500	-9		-6	
2111	10.5550	-9		-6	
2112	10.5600	-9		-6	
2113	10.5650	-9		-7	
2114	10.5700	-9		-7	
2115	10.5750	-8		-7	
2116	10.5800	-8		-8	
2117	10.5850	-8		-8	
2118	10.5900	-8		-8	
2119	10.5950	-8		-9	
2120	10.6000	-8		-9	
2121	10.6050	-8		-9	
2122	10.6100	-7		-10	
2123	10.6150	-7		-10	
2124	10.6200	-7		-10	
2125	10.6250	-7		-10	
2126	10.6300	-7		-11	
2127	10.6350	-6		-11	
2128	10.6400	-6		-11	
2129	10.6450	-6		-12	
2130	10.6500	-6		-12	
2131	10.6550	-6		-12	
2132	10.6600	-5		-12	
2133	10.6650	-5		-12	
2134	10.6700	-5		-12	
2135	10.6750	-4		-13	
2136	10.6800	-4		-13	
2137	10.6850	-4		-13	
2138	10.6900	-4		-13	
2139	10.6950	-4		-13	
2140	10.7000	-3		-14	
2141	10.7050	-3		-14	
2142	10.7100	-3		-14	
2143	10.7150	-2		-14	
2144	10.7200	-2		-14	
2145	10.7250	-2		-14	
2146	10.7300	-2		-14	
2147	10.7350	-1		-14	
2148	10.7400	-1		-14	
2149	10.7450	-1		-14	
2150	10.7500	0		-14	
2151	10.7550	0		-14	
2152	10.7600	0		-14	
2153	10.7650	0		-14	
2154	10.7700	0		-14	
2155	10.7750	1		-14	
2156	10.7800	1		-14	
2157	10.7850	1		-14	
2158	10.7900	2		-14	
2159	10.7950	2		-13	
2160	10.8000	2		-13	
2161	10.8050	2		-13	
2162	10.8100	2		-13	
2163	10.8150	3		-13	
2164	10.8200	3		-12	
2165	10.8250	3		-12	
2166	10.8300	3		-12	
2167	10.8350	4		-12	
2168	10.8400	4		-12	
2169	10.8450	4		-11	
2170	10.8500	4		-11	
2171	10.8550	4		-11	
2172	10.8600	4		-10	
2173	10.8650	4		-10	
2174	10.8700	5		-10	
2175	10.8750	5		-10	
2176	10.8800	5		-9	
2177	10.8850	5		-9	
2178	10.8900	5		-9	
2179	10.8950	5		-8	
2180	10.9000	5		-8	
2181	10.9050	5		-8	
2182	10.9100	5		-7	
2183	10.9150	5		-7	
2184	10.9200	5		-7	
2185	10.9250	6		-6	
2186	10.9300	6		-6	
2187	10.9350	6		-6	
2188	10.9400	6		-5	
2189	10.9450	6		-5	
2190	10.9500	6		-4	
2191	10.9550	6		-4	
2192	10.9600	6		-4	
2193	10.9650	5		-3	
2194	10.9700	5		-3	
2195	10.9750	5		-2	
2196	10.9800	5		-2	
2197	10.9850	5		-2	
2198	10.9900	5		-2	
2199	10.9950	5		-1	
2200	11.0000	5		-1	
2201	11.0050	5		0	
2202	11.0100	5		0	
2203	11.0150	4		0	
2204	11.0200	4		0	
2205	11.0250	4		1	
2206	11.0300	4		1	
2207	11.0350	4		2	
2208	11.0400	4		2	
2209	11.0450	3		2	
2210	11.0500	3		2	
2211	11.0550	3		3	
2212	11.0600	3		3	
2213	11.0650	3		3	
2214	11.0700	2		4	
2215	11.0750	2		4	
2216	11.0800	2		4	
2217	11.0850	2		4	
2218	11.0900	2		4	
2219	11.0950	1		5	
2220	11.1000	1		5	
2221	11.1050	1		5	
2222	11.1100	0		5	
2223	11.1150	0		5	
2224	11.1200	0		6	
2225	11.1250	0		6	
2226	11.1300	-1		6	
2227	11.1350	-1		6	
2228	11.1400	-1		6	
2229	11.1450	-1		6	
2230	11.1500	-2		6	
2231	11.1550	-2		6	
2232	11.1600	-2		6	
2233	11.1650	-2		6	
2234	11.1700	-3		6	
2235	11.1750	-3		6	
2236	11.1800	-3		6	
2237	11.1850	-4		6	
2238	11.1900	-4		6	
2239	11.1950	-4		6	
2240	11.2000	-4		6	
2241	11.2050	-4		6	
2242	11.2100	-5		6	
2243	11.2150	-5		6	
2244	11.2200	-5		6	
2245	11.2250	-6		6	
2246	11.2300	-6		5	
2247	11.2350	-6		5	
2248	11.2400	-6		5	
2249	11.2450	-6		5	
2250	11.2500	-7		5	
2251	11.2550	-7		4	
2252	11.2600	-7		4	
2253	11.2650	-7		4	
2254	11.2700	-7		4	
2255	11.2750	-8		4	
2256	11.2800	-8		3	
2257	11.2850	-8		3	
2258	11.2900	-8		3	
2259	11.2950	-8		2	
2260	11.3000	-8		2	
2261	11.3050	-8		2	
2262	11.3100	-9		2	
2263	11.3150	-9		1	
2264	11.3200	-9		1	
2265	11.3250	-9		0	
2266	11.3300	-9		0	
2267	11.3350	-9		0	
2268	11.3400	-9		0	
2269	11.3450	-9		-1	
2270	11.3500	-9		-1	
2271	11.3550	-9		-2	
2272	11.3600	-9		-2	
2273	11.3650	-9		-2	
2274	11.3700	-9		-3	
2275	11.3750	-9		-3	
2276	11.3800	-9		-3	
2277	11.3850	-9		-4	
2278	11.3900	-9		-4	
2279	11.3950	-9		-4	
2280	11.4000	-9		-5	
2281	11.4050	-9		-5	
2282	11.4100	-9		-6	
2283	11.4150	-9		-6	
2284	11.4200	-9		-6	
2285	11.4250	-9		-7	
2286	11.4300	-9		-7	
2287	11.4350	-8		-8	
2288	11.4400	-8		-8	
2289	11.4450	-8		-8	
2290	11.4500	-8		-8	
2291	11.4550	-8		-9	
2292	11.4600	-8		-9	
2293	11.4650	-8		-10	
2294	11.4700	-7		-10	
2295	11.4750	-7		-10	
2296	11.4800	-7		-10	
2297	11.4850	-7		-10	
2298	11.4900	-7		-11	
2299	11.4950	-6		-11	
2300	11.5000	-6		-11	
2301	11.5050	-6		-12	
2302	11.5100	-6		-12	
2303	11.5150	-6		-12	
2304	11.5200	-5		-12	
2305	11.5250	-5		-12	
2306	11.5300	-5		-13	
2307	11.5350	-4		-13	
2308	11.5400	-4		-13	
2309	11.5450	-4		-13	
2310	11.5500	-4		-13	
2311	11.5550	-4		-14	
2312	11.5600	-3		-14	
2313	11.5650	-3		-14	
2314	11.5700	-3		-14	
2315	11.5750	-2		-14	
2316	11.5800	-2		-14	
2317	11.5850	-2		-14	
2318	11.5900	-2		-14	
2319	11.5950	-1		-14	
2320	11.6000	-1		-14	
2321	11.6050	-1		-14	
2322	11.6100	-1		-14	
2323	11.6150	0		-14	
2324	11.6200	0		-14	
2325	11.6250	0		-14	
2326	11.6300	0		-14	
2327	11.6350	1		-14	
2328	11.6400	1		-14	
2329	11.6450	1		-14	
2330	11.6500	2		-14	
2331	11.6550	2		-14	
2332	11.6600	2		-13	
2333	11.6650	2		-13	
2334	11.6700	2		-13	
2335	11.6750	3		-13	
2336	11.6800	3		-12	
2337	11.6850	3		-12	
2338	11.6900	3		-12	
2339	11.6950	3		-12	
2340	11.7000	4		-12	
2341	11.7050	4		-12	
2342	11.7100	4		-11	
2343	11.7150	4		-11	
2344	11.7200	4		-10	
2345	11.7250	4		-10	
2346	11.7300	4		-10	
2347	11.7350	5		-10	
2348	11.7400	5		-9	
2349	11.7450	5		-9	
2350	11.7500	5		-9	
2351	11.7550	5		-8	
2352	11.7600	5		-8	
2353	11.7650	5		-8	
2354	11.7700	5		-7	
2355	11.7750	5		-7	
2356	11.7800	5		-7	
2357	11.7850	6		-6	
2358	11.7900	6		-6	
2359	11.7950	6		-6	
2360	11.8000	6		-5	
2361	11.8050	6		-5	
2362	11.8100	6		-4	
2363	11.8150	6		-4	
2364	11.8200	6		-4	
2365	11.8250	5		-3	
2366	11.8300	5		-3	
2367	11.8350	5		-2	
2368	11.8400	5		-2	
2369	11.8450	5		-2	
2370	11.8500	5		-2	
2371	11.8550	5		-1	
2372	11.8600	5		-1	
2373	11.8650	5		0	
2374	11.8700	5		0	
2375	11.8750	4		0	
2376	11.8800	4		1	
2377	11.8850	4		1	
2378	11.8900	4		1	
2379	11.8950	4		2	
2380	11.9000	4		2	
2381	11.9050	3		2	
2382	11.9100	3		2	
2383	11.9150	3		3	
2384	11.9200	3		3	
2385	11.9250	3		4	
2386	11.9300	2		4	
2387	11.9350	2		4	
2388	11.9400	2		4	
2389	11.9450	2		4	
2390	11.9500	2		5	
2391	11.9550	1		5	
2392	11.9600	1		5	
2393	11.9650	1		5	
2394	11.9700	0		6	
2395	11.9750	0		6	
2396	11.9800	0		6	
2397	11.9850	0		6	
2398	11.9900	-1		6	
2399	11.9950	-1		6	
2400	12.0000	-1		6	
2401	12.0050	-1		6	
2402	12.0100	-2		6	
2403	12.0150	-2		6	
2404	12.0200	-2		6	
2405	12.0250	-2		6	
2406	12.0300	-3		6	
2407	12.0350	-3		6	
2408	12.0400	-3		6	
2409	12.0450	-4		6	
2410	12.0500	-4		6	
2411	12.0550	-4		6	
2412	12.0600	-4		6	
2413	12.0650	-5		6	
2414	12.0700	-5		6	
2415	12.0750	-5		6	
2416	12.0800	-5		6	
2417	12.0850	-6		6	
2418	12.0900	-6		6	
2419	12.0950	-6		6	
2420	12.1000	-6		5	
2421	12.1050	-6		5	
2422	12.1100	-7		5	
2423	12.1150	-7		5	
2424	12.1200	-7		4	
2425	12.1250	-7		4	
2426	12.1300	-7		4	
2427	12.1350	-8		4	
2428	12.1400	-8		4	
2429	12.1450	-8		3	
2430	12.1500	-8		3	
2431	12.1550	-8		3	
2432	12.1600	-8		2	
2433	12.1650	-8		2	
2434	12.1700	-9		2	
2435	12.1750	-9		2	
2436	12.1800	-9		1	
2437	12.1850	-9		1	
2438	12.1900	-9		0	
2439	12.1950	-9		0	
2440	12.2000	-9		0	
2441	12.2050	-9		-1	
2442	12.2100	-9		-1	
2443	12.2150	-9		-1	
2444	12.2200	-9		-2	
2445	12.2250	-9		-2	
2446	12.2300	-9		-2	
2447	12.2350	-9		-3	
2448	12.2400	-9		-3	
2449	12.2450	-9		-4	
2450	12.2500	-9		-4	
2451	12.2550	-9		-4	
2452	12.2600	-9		-5	
2453	12.2650	-9		-5	
2454	12.2700	-9		-6	
2455	12.2750	-9		-6	
2456	12.2800	-9		-6	
2457	12.2850	-9		-6	
2458	12.2900	-9		-7	
2459	12.2950	-8		-7	
2460	12.3000	-8		-8	
2461	12.3050	-8		-8	
2462	12.3100	-8		-8	
2463	12.3150	-8		-9	
2464	12.3200	-8		-9	
2465	12.3250	-8		-9	
2466	12.3300	-7		-10	
2467	12.3350	-7		-10	
2468	12.3400	-7		-10	
2469	12.3450	-7		-10	
2470	12.3500	-7		-11	
2471	12.3550	-6		-11	
2472	12.3600	-6		-12	
2473	12.3650	-6		-12	
2474	12.3700	-6		-12	
2475	12.3750	-6		-12	
2476	12.3800	-5		-12	
2477	12.3850	-5		-12	
2478	12.3900	-5		-13	
2479	12.3950	-4		-13	
2480	12.4000	-4		-13	
2481	12.4050	-4		-13	
2482	12.4100	-4		-14	
2483	12.4150	-4		-14	
2484	12.4200	-3		-14	
2485	12.4250	-3		-14	
2486	12.4300	-3		-14	
2487	12.4350	-2		-14	
2488	12.4400	-2		-14	
2489	12.4450	-2		-14	
2490	12.4500	-2		-14	
2491	12.4550	-1		-14	
2492	12.4600	-1		-14	
2493	12.4650	-1		-14	
2494	12.4700	0		-14	
2495	12.4750	0		-14	
2496	12.4800	0		-14	
2497	12.4850	0		-14	
2498	12.4900	0		-14	
2499	12.4950	1		-14	
2500	12.5000	1		-14	
2501	12.5050	1		-14	
2502	12.5100	2		-14	
2503	12.5150	2		-14	
2504	12.5200	2		-14	
2505	12.5250	2		-13	
2506	12.5300	2		-13	
2507	12.5350	3		-13	
2508	12.5400	3		-13	
2509	12.5450	3		-13	
2510	12.5500	3		-12	
2511	12.5550	3		-12	
2512	12.5600	4		-12	
2513	12.5650	4		-12	
2514	12.5700	4		-12	
2515	12.5750	4		-11	
2516	12.5800	4		-11	
2517	12.5850	4		-11	
2518	12.5900	4		-10	
2519	12.5950	5		-10	
2520	12.6000	5		-10	
2521	12.6050	5		-9	
2522	12.6100	5		-9	
2523	12.6150	5		-9	
2524	12.6200	5		-8	
2525	12.6250	5		-8	
2526	12.6300	5		-8	
2527	12.6350	5		-7	
2528	12.6400	5		-7	
2529	12.6450	6		-7	
2530	12.6500	6		-6	
2531	12.6550	6		-6	
2532	12.6600	6		-6	
2533	12.6650	6		-5	
2534	12.6700	6		-5	
2535	12.6750	6		-4	
2536	12.6800	6		-4	
2537	12.6850	5		-4	
2538	12.6900	5		-3	
2539	12.6950	5		-3	
2540	12.7000	5		-2	
2541	12.7050	5		-2	
2542	12.7100	5		-2	
2543	12.7150	5		-1	
2544	12.7200	5		-1	
2545	12.7250	5		-1	
2546	12.7300	5		0	
2547	12.7350	4		0	
2548	12.7400	4		0	
2549	12.7450	4		1	
2550	12.7500	4		1	
2551	12.7550	4		2	
2552	12.7600	4		2	
2553	12.7650	4		2	
2554	12.7700	3		2	
2555	12.7750	3		3	
2556	12.7800	3		3	
2557	12.7850	3		3	
2558	12.7900	2		4	
2559	12.7950	2		4	
2560	12.8000	2		4	
2561	12.8050	2		4	
2562	12.8100	2		4	
2563	12.8150	1		5	
2564	12.8200	1		5	
2565	12.8250	1		5	
2566	12.8300	0		5	
2567	12.8350	0		6	
2568	12.8400	0		6	
2569	12.8450	0		6	
2570	12.8500	0		6	
2571	12.8550	-1		6	
2572	12.8600	-1		6	
2573	12.8650	-1		6	
2574	12.8700	-2		6	
2575	12.8750	-2		6	
2576	12.8800	-2		6	
2577	12.8850	-2		6	
2578	12.8900	-3		6	
2579	12.8950	-3		6	
2580	12.9000	-3		6	
2581	12.9050	-4		6	
2582	12.9100	-4		6	
2583	12.9150	-4		6	
2584	12.9200	-4		6	
2585	12.9250	-4		6	
2586	12.9300	-5		6	
2587	12.9350	-5		6	
2588	12.9400	-5		6	
2589	12.9450	-6		6	
2590	12.9500	-6		6	
2591	12.9550	-6		6	
2592	12.9600	-6		6	
2593	12.9650	-6		5	
2594	12.9700	-7		5	
2595	12.9750	-7		5	
2596	12.9800	-7		5	
2597	12.9850	-7		4	
2598	12.9900	-7		4	
2599	12.9950	-8		4	
2600	13.0000	-8		4	
2601	13.0050	-8		4	
2602	13.0100	-8		3	
2603	13.0150	-8		3	
2604	13.0200	-8		3	
2605	13.0250	-8		2	
2606	13.0300	-9		2	
2607	13.0350	-9		2	
2608	13.0400	-9		2	
2609	13.0450	-9		1	
2610	13.0500	-9		1	
2611	13.0550	-9		0	
2612	13.0600	-9		0	
2613	13.0650	-9		0	
2614	13.0700	-9		-1	
2615	13.0750	-9		-1	
2616	13.0800	-9		-1	
2617	13.0850	-9		-2	
2618	13.0900	-9		-2	
2619	13.0950	-9		-2	
2620	13.1000	-9		-3	
2621	13.1050	-9		-3	
2622	13.1100	-9		-4	
2623	13.1150	-9		-4	
2624	13.1200	-9		-4	
2625	13.1250	-9		-5	
2626	13.1300	-9		-5	
2627	13.1350	-9		-6	
2628	13.1400	-9		-6	
2629	13.1450	-9		-6	
2630	13.1500	-9		-7	
2631	13.1550	-8		-7	
2632	13.1600	-8		-7	
2633	13.1650	-8		-8	
2634	13.1700	-8		-8	
2635	13.1750	-8		-8	
2636	13.1800	-8		-9	
2637	13.1850	-8		-9	
2638	13.1900	-7		-9	
2639	13.1950	-7		-10	
2640	13.2000	-7		-10	
2641	13.2050	-7		-10	
2642	13.2100	-7		-11	
2643	13.2150	-6		-11	
2644	13.2200	-6		-11	
2645	13.2250	-6		-12	
2646	13.2300	-6		-12	
2647	13.2350	-6		-12	
2648	13.2400	-5		-12	
2649	13.2450	-5		-12	
2650	13.2500	-5		-12	
2651	13.2550	-4		-13	
2652	13.2600	-4		-13	
2653	13.2650	-4		-13	
2654	13.2700	-4		-13	
2655	13.2750	-4		-14	
2656	13.2800	-3		-14	
2657	13.2850	-3		-14	
2658	13.2900	-3		-14	
2659	13.2950	-2		-14	
2660	13.3000	-2		-14	
2661	13.3050	-2		-14	
2662	13.3100	-2		-14	
2663	13.3150	-1		-14	
2664	13.3200	-1		-14	
2665	13.3250	-1		-14	
2666	13.3300	-1		-14	
2667	13.3350	0		-14	
2668	13.3400	0		-14	
2669	13.3450	0		-14	
2670	13.3500	0		-14	
2671	13.3550	1		-14	
2672	13.3600	1		-14	
2673	13.3650	1		-14	
2674	13.3700	2		-14	
2675	13.3750	2		-14	
2676	13.3800	2		-14	
2677	13.3850	2		-13	
2678	13.3900	2		-13	
2679	13.3950	3		-13	
2680	13.4000	3		-13	
2681	13.4050	3		-13	
2682	13.4100	3		-12	
2683	13.4150	3		-12	
2684	13.4200	4		-12	
2685	13.4250	4		-12	
2686	13.4300	4		-12	
2687	13.4350	4		-11	
2688	13.4400	4		-11	
2689	13.4450	4		-11	
2690	13.4500	4		-10	
2691	13.4550	5		-10	
2692	13.4600	5		-10	
2693	13.4650	5		-10	
2694	13.4700	5		-9	
2695	13.4750	5		-9	
2696	13.4800	5		-8	
2697	13.4850	5		-8	
2698	13.4900	5		-8	
2699	13.4950	5		-8	
2700	13.5000	5		-7	
2701	13.5050	6		-7	
2702	13.5100	6		-6	
2703	13.5150	6		-6	
2704	13.5200	6		-6	
2705	13.5250	6		-5	
2706	13.5300	6		-5	
2707	13.5350	6		-4	
2708	13.5400	6		-4	
2709	13.5450	5		-4	
2710	13.5500	5		-4	
2711	13.5550	5		-3	
2712	13.5600	5		-3	
2713	13.5650	5		-2	
2714	13.5700	5		-2	
2715	13.5750	5		-2	
2716	13.5800	5		-1	
2717	13.5850	5		-1	
2718	13.5900	5		0	
2719	13.5950	4		0	
2720	13.6000	4		0	
2721	13.6050	4		0	
2722	13.6100	4		1	
2723	13.6150	4		1	
2724	13.6200	4		2	
2725	13.6250	4		2	
2726	13.6300	3		2	
2727	13.6350	3		2	
2728	13.6400	3		3	
2729	13.6450	3		3	
2730	13.6500	2		3	
2731	13.6550	2		4	
2732	13.6600	2		4	
2733	13.6650	2		4	
2734	13.6700	2		4	
2735	13.6750	1		4	
2736	13.6800	1		5	
2737	13.6850	1		5	
2738	13.6900	1		5	
2739	13.6950	0		5	
2740	13.7000	0		6	
2741	13.7050	0		6	
2742	13.7100	0		6	
2743	13.7150	-1		6	
2744	13.7200	-1		6	
2745	13.7250	-1		6	
2746	13.7300	-2		6	
2747	13.7350	-2		6	
2748	13.7400	-2		6	
2749	13.7450	-2		6	
2750	13.7500	-3		6	
2751	13.7550	-3		6	
2752	13.7600	-3		6	
2753	13.7650	-3		6	
2754	13.7700	-4		6	
2755	13.7750	-4		6	
2756	13.7800	-4		6	
2757	13.7850	-4		6	
2758	13.7900	-5		6	
2759	13.7950	-5		6	
2760	13.8000	-5		6	
2761	13.8050	-6		6	
2762	13.8100	-6		6	
2763	13.8150	-6		6	
2764	13.8200	-6		5	
2765	13.8250	-6		5	
2766	13.8300	-7		5	
2767	13.8350	-7		5	
2768	13.8400	-7		4	
2769	13.8450	-7		4	
2770	13.8500	-7		4	
2771	13.8550	-8		4	
2772	13.8600	-8		4	
2773	13.8650	-8		4	
2774	13.8700	-8		3	
2775	13.8750	-8		3	
2776	13.8800	-8		2	
2777	13.8850	-8		2	
2778	13.8900	-9		2	
2779	13.8950	-9		2	
2780	13.9000	-9		1	
2781	13.9050	-9		1	
2782	13.9100	-9		1	
2783	13.9150	-9		0	
2784	13.9200	-9		0	
2785	13.9250	-9		0	
2786	13.9300	-9		-1	
2787	13.9350	-9		-1	
2788	13.9400	-9		-1	
2789	13.9450	-9		-2	
2790	13.9500	-9		-2	
2791	13.9550	-9		-2	
2792	13.9600	-9		-3	
2793	13.9650	-9		-3	
2794	13.9700	-9		-4	
2795	13.9750	-9		-4	
2796	13.9800	-9		-4	
2797	13.9850	-9		-5	
2798	13.9900	-9		-5	
2799	13.9950	-9		-6	
2800	14.0000	-9		-6	
2801	14.0050	-9		-6	
2802	14.0100	-9		-6	
2803	14.0150	-8		-7	
2804	14.0200	-8		-7	
2805	14.0250	-8		-8	
2806	14.0300	-8		-8	
2807	14.0350	-8		-8	
2808	14.0400	-8		-8	
2809	14.0450	-8		-9	
2810	14.0500	-8		-9	
2811	14.0550	-7		-10	
2812	14.0600	-7		-10	
2813	14.0650	-7		-10	
2814	14.0700	-7		-10	
2815	14.0750	-6		-11	
2816	14.0800	-6		-11	
2817	14.0850	-6		-11	
2818	14.0900	-6		-12	
2819	14.0950	-6		-12	
2820	14.1000	-5		-12	
2821	14.1050	-5		-12	
2822	14.1100	-5		-12	
2823	14.1150	-5		-12	
2824	14.1200	-4		-13	
2825	14.1250	-4		-13	
2826	14.1300	-4		-13	
2827	14.1350	-4		-13	
2828	14.1400	-3		-13	
2829	14.1450	-3		-14	
2830	14.1500	-3		-14	
2831	14.1550	-2		-14	
2832	14.1600	-2		-14	
2833	14.1650	-2		-14	
2834	14.1700	-2		-14	
2835	14.1750	-2		-14	
2836	14.1800	-1		-14	
2837	14.1850	-1		-14	
2838	14.1900	-1		-14	
2839	14.1950	0		-14	
2840	14.2000	0		-14	
2841	14.2050	0		-14	
2842	14.2100	0		-14	
2843	14.2150	1		-14	
2844	14.2200	1		-14	
2845	14.2250	1		-14	
2846	14.2300	1		-14	
2847	14.2350	2		-14	
2848	14.2400	2		-13	
2849	14.2450	2		-13	
2850	14.2500	2		-13	
2851	14.2550	2		-13	
2852	14.2600	3		-13	
2853	14.2650	3		-12	
2854	14.2700	3		-12	
2855	14.2750	3		-12	
2856	14.2800	4		-12	
2857	14.2850	4		-12	
2858	14.2900	4		-12	
2859	14.2950	4		-11	
2860	14.3000	4		-11	
2861	14.3050	4		-11	
2862	14.3100	4		-10	
2863	14.3150	5		-10	
2864	14.3200	5		-10	
2865	14.3250	5		-10	
2866	14.3300	5		-9	
2867	14.3350	5		-9	
2868	14.3400	5		-8	
2869	14.3450	5		-8	
2870	14.3500	5		-8	
2871	14.3550	5		-8	
2872	14.3600	5		-7	
2873	14.3650	6		-7	
2874	14.3700	6		-6	
2875	14.3750	6		-6	
2876	14.3800	6		-6	
2877	14.3850	6		-5	
2878	14.3900	6		-5	
2879	14.3950	6		-5	
2880	14.4000	6		-4	
2881	14.4050	6		-4	
2882	14.4100	5		-4	
2883	14.4150	5		-3	
2884	14.4200	5		-3	
2885	14.4250	5		-2	
2886	14.4300	5		-2	
2887	14.4350	5		-2	
2888	14.4400	5		-1	
2889	14.4450	5		-1	
2890	14.4500	5		-1	
2891	14.4550	4		0	
2892	14.4600	4		0	
2893	14.4650	4		0	
2894	14.4700	4		1	
2895	14.4750	4		1	
2896	14.4800	4		1	
2897	14.4850	4		2	
2898	14.4900	3		2	
2899	14.4950	3		2	
2900	14.5000	3		2	
2901	14.5050	3		3	
2902	14.5100	2		3	
2903	14.5150	2		3	
2904	14.5200	2		4	
2905	14.5250	2		4	
2906	14.5300	2		4	
2907	14.5350	1		4	
2908	14.5400	1		4	
2909	14.5450	1		5	
2910	14.5500	1		5	
2911	14.5550	0		5	
2912	14.5600	0		5	
2913	14.5650	0		5	
2914	14.5700	0		6	
2915	14.5750	-1		6	
2916	14.5800	-1		6	
2917	14.5850	-1		6	
2918	14.5900	-2		6	
2919	14.5950	-2		6	
2920	14.6000	-2		6	
2921	14.6050	-2		6	
2922	14.6100	-3		6	
2923	14.6150	-3		6	
2924	14.6200	-3		6	
2925	14.6250	-3		6	
2926	14.6300	-4		6	
2927	14.6350	-4		6	
2928	14.6400	-4		6	
2929	14.6450	-4		6	
2930	14.6500	-5		6	
2931	14.6550	-5		6	
2932	14.6600	-5		6	
2933	14.6650	-5		6	
2934	14.6700	-6		6	
2935	14.6750	-6		5	
2936	14.6800	-6		5	
2937	14.6850	-6		5	
2938	14.6900	-6		5	
2939	14.6950	-7		4	
2940	14.7000	-7		4	
2941	14.7050	-7		4	
2942	14.7100	-7		4	
2943	14.7150	-8		4	
2944	14.7200	-8		4	
2945	14.7250	-8		3	
2946	14.7300	-8		3	
2947	14.7350	-8		3	
2948	14.7400	-8		2	
2949	14.7450	-8		2	
2950	14.7500	-8		2	
2951	14.7550	-9		2	
2952	14.7600	-9		1	
2953	14.7650	-9		1	
2954	14.7700	-9		0	
2955	14.7750	-9		0	
2956	14.7800	-9		0	
2957	14.7850	-9		0	
2958	14.7900	-9		-1	
2959	14.7950	-9		-1	
2960	14.8000	-9		-2	
2961	14.8050	-9		-2	
2962	14.8100	-9		-2	
2963	14.8150	-9		-2	
2964	14.8200	-9		-3	
2965	14.8250	-9		-3	
2966	14.8300	-9		-4	
2967	14.8350	-9		-4	
2968	14.8400	-9		-4	
2969	14.8450	-9		-5	
2970	14.8500	-9		-5	
2971	14.8550	-9		-6	
2972	14.8600	-9		-6	
2973	14.8650	-9		-6	
2974	14.8700	-9		-6	
2975	14.8750	-8		-7	
2976	14.8800	-8		-7	
2977	14.8850	-8		-8	
2978	14.8900	-8		-8	
2979	14.8950	-8		-8	
2980	14.9000	-8		-8	
2981	14.9050	-8		-9	
2982	14.9100	-8		-9	
2983	14.9150	-7		-10	
2984	14.9200	-7		-10	
2985	14.9250	-7		-10	
2986	14.9300	-7		-10	
2987	14.9350	-6		-11	
2988	14.9400	-6		-11	
2989	14.9450	-6		-11	
2990	14.9500	-6		-12	
2991	14.9550	-6		-12	
2992	14.9600	-5		-12	
2993	14.9650	-5		-12	
2994	14.9700	-5		-12	
2995	14.9750	-5		-12	
2996	14.9800	-4		-13	
2997	14.9850	-4		-13	
2998	14.9900	-4		-13	
2999	14.9950	-4		-13	
3000	15.0000	-3		-13	
3001	15.0050	-3		-14	
3002	15.0100	-3		-14	
3003	15.0150	-2		-14	
3004	15.0200	-2		-14	
3005	15.0250	-2		-14	
3006	15.0300	-2		-14	
3007	15.0350	-2		-14	
3008	15.0400	-1		-14	
3009	15.0450	-1		-14	
3010	15.0500	-1		-14	
3011	15.0550	0		-14	
3012	15.0600	0		-14	
3013	15.0650	0		-14	
3014	15.0700	0		-14	
3015	15.0750	1		-14	
3016	15.0800	1		-14	
3017	15.0850	1		-14	
3018	15.0900	1		-14	
3019	15.0950	2		-13	
3020	15.1000	2		-13	
3021	15.1050	2		-13	
3022	15.1100	2		-13	
3023	15.1150	2		-13	
3024	15.1200	3		-12	
3025	15.1250	3		-12	
3026	15.1300	3		-12	
3027	15.1350	3		-12	
3028	15.1400	4		-12	
3029	15.1450	4		-12	
3030	15.1500	4		-11	
3031	15.1550	4		-11	
3032	15.1600	4		-11	
3033	15.1650	4		-10	
3034	15.1700	4		-10	
3035	15.1750	5		-10	
3036	15.1800	5		-10	
3037	15.1850	5		-9	
3038	15.1900	5		-9	
3039	15.1950	5		-9	
3040	15.2000	5		-8	
3041	15.2050	5		-8	
3042	15.2100	5		-8	
3043	15.2150	5		-7	
3044	15.2200	5		-7	
3045	15.2250	6		-6	
3046	15.2300	6		-6	
3047	15.2350	6		-6	
3048	15.2400	6		-6	
3049	15.2450	6		-5	
3050	15.2500	6		-5	
3051	15.2550	6		-4	
3052	15.2600	6		-4	
3053	15.2650	6		-4	
3054	15.2700	5		-3	
3055	15.2750	5		-3	
3056	15.2800	5		-2	
3057	15.2850	5		-2	
3058	15.2900	5		-2	
3059	15.2950	5		-2	
3060	15.3000	5		-1	
3061	15.3050	5		-1	
3062	15.3100	5		0	
3063	15.3150	4		0	
3064	15.3200	4		0	
3065	15.3250	4		0	
3066	15.3300	4		1	
3067	15.3350	4		1	
3068	15.3400	4		2	
3069	15.3450	4		2	
3070	15.3500	3		2	
3071	15.3550	3		2	
3072	15.3600	3		3	
3073	15.3650	3		3	
3074	15.3700	3		3	
3075	15.3750	2		4	
3076	15.3800	2		4	
3077	15.3850	2		4	
3078	15.3900	2		4	
3079	15.3950	1		4	
3080	15.4000	1		5	
3081	15.4050	1		5	
3082	15.4100	1		5	
3083	15.4150	0		5	
3084	15.4200	0		5	
3085	15.4250	0		6	
3086	15.4300	0		6	
3087	15.4350	-1		6	
3088	15.4400	-1		6	
3089	15.4450	-1		6	
3090	15.4500	-1		6	
3091	15.4550	-2		6	
3092	15.4600	-2		6	
3093	15.4650	-2		6	
3094	15.4700	-2		6	
3095	15.4750	-3		6	
3096	15.4800	-3		6	
3097	15.4850	-3		6	
3098	15.4900	-4		6	
3099	15.4950	-4		6	
3100	15.5000	-4		6	
3101	15.5050	-4		6	
3102	15.5100	-5		6	
3103	15.5150	-5		6	
3104	15.5200	-5		6	
3105	15.5250	-5		6	
3106	15.5300	-6		6	
3107	15.5350	-6		5	
3108	15.5400	-6		5	
3109	15.5450	-6		5	
3110	15.5500	-6		5	
3111	15.5550	-7		4	
3112	15.5600	-7		4	
3113	15.5650	-7		4	
3114	15.5700	-7		4	
3115	15.5750	-8		4	
3116	15.5800	-8		4	
3117	15.5850	-8		3	
3118	15.5900	-8		3	
3119	15.5950	-8		3	
3120	15.6000	-8		2	
3121	15.6050	-8		2	
3122	15.6100	-8		2	
3123	15.6150	-9		2	
3124	15.6200	-9		1	
3125	15.6250	-9		1	
3126	15.6300	-9		0	
3127	15.6350	-9		0	
3128	15.6400	-9		0	
3129	15.6450	-9		0	
3130	15.6500	-9		-1	
3131	15.6550	-9		-1	
3132	15.6600	-9		-2	
3133	15.6650	-9		-2	
3134	15.6700	-9		-2	
3135	15.6750	-9		-3	
3136	15.6800	-9		-3	
3137	15.6850	-9		-3	
3138	15.6900	-9		-4	
3139	15.6950	-9		-4	
3140	15.7000	-9		-4	
3141	15.7050	-9		-5	
3142	15.7100	-9		-5	
3143	15.7150	-9		-6	
3144	15.7200	-9		-6	
3145	15.7250	-9		-6	
3146	15.7300	-9		-7	
3147	15.7350	-8		-7	
3148	15.7400	-8		-7	
3149	15.7450	-8		-8	
3150	15.7500	-8		-8	
3151	15.7550	-8		-8	
3152	15.7600	-8		-9	
3153	15.7650	-8		-9	
3154	15.7700	-8		-9	
3155	15.7750	-7		-10	
3156	15.7800	-7		-10	
3157	15.7850	-7		-10	
3158	15.7900	-7		-10	
3159	15.7950	-6		-11	
3160	15.8000	-6		-11	
3161	15.8050	-6		-11	
3162	15.8100	-6		-12	
3163	15.8150	-6		-12	
3164	15.8200	-6		-12	
3165	15.8250	-5		-12	
3166	15.8300	-5		-12	
3167	15.8350	-5		-13	
3168	15.8400	-4		-13	
3169	15.8450	-4		-13	
3170	15.8500	-4		-13	
3171	15.8550	-4		-13	
3172	15.8600	-3		-13	
3173	15.8650	-3		-14	
3174	15.8700	-3		-14	
3175	15.8750	-3		-14	
3176	15.8800	-2		-14	
3177	15.8850	-2		-14	
3178	15.8900	-2		-14	
3179	15.8950	-2		-14	
3180	15.9000	-1		-14	
3181	15.9050	-1		-14	
3182	15.9100	-1		-14	
3183	15.9150	0		-14	
3184	15.9200	0		-14	
3185	15.9250	0		-14	
3186	15.9300	0		-14	
3187	15.9350	1		-14	
3188	15.9400	1		-14	
3189	15.9450	1		-14	
3190	15.9500	1		-14	
3191	15.9550	2		-13	
3192	15.9600	2		-13	
3193	15.9650	2		-13	
3194	15.9700	2		-13	
3195	15.9750	2		-13	
3196	15.9800	3		-12	
3197	15.9850	3		-12	
3198	15.9900	3		-12	
3199	15.9950	3		-12	
3200	16.0000	4		-12	
3201	16.0050	4		-12	
3202	16.0100	4		-11	
3203	16.0150	4		-11	
3204	16.0200	4		-11	
3205	16.0250	4		-10	
3206	16.0300	4		-10	
3207	16.0350	4		-10	
3208	16.0400	5		-10	
3209	16.0450	5		-9	
3210	16.0500	5		-9	
3211	16.0550	5		-8	
3212	16.0600	5		-8	
3213	16.0650	5		-8	
3214	16.0700	5		-8	
3215	16.0750	5		-7	
3216	16.0800	5		-7	
3217	16.0850	6		-6	
3218	16.0900	6		-6	
3219	16.0950	6		-6	
3220	16.1000	6		-6	
3221	16.1050	6		-5	
3222	16.1100	6		-5	
3223	16.1150	6		-4	
3224	16.1200	6		-4	
3225	16.1250	6		-4	
3226	16.1300	5		-3	
3227	16.1350	5		-3	
3228	16.1400	5		-2	
3229	16.1450	5		-2	
3230	16.1500	5		-2	
3231	16.1550	5		-2	
3232	16.1600	5		-1	
3233	16.1650	5		-1	
3234	16.1700	5		0	
3235	16.1750	5		0	
3236	16.1800	4		0	
3237	16.1850	4		1	
3238	16.1900	4		1	
3239	16.1950	4		1	
3240	16.2000	4		2	
3241	16.2050	4		2	
3242	16.2100	3		2	
3243	16.2150	3		2	
3244	16.2200	3		3	
3245	16.2250	3		3	
3246	16.2300	3		3	
3247	16.2350	2		4	
3248	16.2400	2		4	
3249	16.2450	2		4	
3250	16.2500	2		4	
3251	16.2550	2		4	
3252	16.2600	1		5	
3253	16.2650	1		5	
3254	16.2700	1		5	
3255	16.2750	0		5	
3256	16.2800	0		6	
3257	16.2850	0		6	
3258	16.2900	0		6	
3259	16.2950	-1		6	
3260	16.3000	-1		6	
3261	16.3050	-1		6	
3262	16.3100	-1		6	
3263	16.3150	-2		6	
3264	16.3200	-2		6	
3265	16.3250	-2		6	
3266	16.3300	-2		6	
3267	16.3350	-3		6	
3268	16.3400	-3		6	
3269	16.3450	-3		6	
3270	16.3500	-4		6	
3271	16.3550	-4		6	
3272	16.3600	-4		6	
3273	16.3650	-4		6	
3274	16.3700	-5		6	
3275	16.3750	-5		6	
3276	16.3800	-5		6	
3277	16.3850	-5		6	
3278	16.3900	-6		6	
3279	16.3950	-6		6	
3280	16.4000	-6		5	
3281	16.4050	-6		5	
3282	16.4100	-6		5	
3283	16.4150	-7		5	
3284	16.4200	-7		4	
3285	16.4250	-7		4	
3286	16.4300	-7		4	
3287	16.4350	-7		4	
3288	16.4400	-8		4	
3289	16.4450	-8		3	
3290	16.4500	-8		3	
3291	16.4550	-8		3	
3292	16.4600	-8		2	
3293	16.4650	-8		2	
3294	16.4700	-8		2	
3295	16.4750	-9		2	
3296	16.4800	-9		1	
3297	16.4850	-9		1	
3298	16.4900	-9		0	
3299	16.4950	-9		0	
3300	16.5000	-9		0	
3301	16.5050	-9		0	
3302	16.5100	-9		-1	
3303	16.5150	-9		-1	
3304	16.5200	-9		-2	
3305	16.5250	-9		-2	
3306	16.5300	-9		-2	
3307	16.5350	-9		-3	
3308	16.5400	-9		-3	
3309	16.5450	-9		-3	
3310	16.5500	-9		-4	
3311	16.5550	-9		-4	
3312	16.5600	-9		-4	
3313	16.5650	-9		-5	
3314	16.5700	-9		-5	
3315	16.5750	-9		-6	
3316	16.5800	-9		-6	
3317	16.5850	-9		-6	
3318	16.5900	-9		-7	
3319	16.5950	-9		-7	
3320	16.6000	-8		-8	
3321	16.6050	-8		-8	
3322	16.6100	-8		-8	
3323	16.6150	-8		-8	
3324	16.6200	-8		-9	
3325	16.6250	-8		-9	
3326	16.6300	-8		-10	
3327	16.6350	-7		-10	
3328	16.6400	-7		-10	
3329	16.6450	-7		-10	
3330	16.6500	-7		-11	
3331	16.6550	-7		-11	
3332	16.6600	-6		-11	
3333	16.6650	-6		-12	
3334	16.6700	-6		-12	
3335	16.6750	-6		-12	
3336	16.6800	-6		-12	
3337	16.6850	-5		-12	
3338	16.6900	-5		-12	
3339	16.6950	-5		-13	
3340	16.7000	-4		-13	
3341	16.7050	-4		-13	
3342	16.7100	-4		-13	
3343	16.7150	-4		-14	
3344	16.7200	-4		-14	
3345	16.7250	-3		-14	
3346	16.7300	-3		-14	
3347	16.7350	-3		-14	
3348	16.7400	-2		-14	
3349	16.7450	-2		-14	
3350	16.7500	-2		-14	
3351	16.7550	-2		-14	
3352	16.7600	-1		-14	
3353	16.7650	-1		-14	
3354	16.7700	-1		-14	
3355	16.7750	0		-14	
3356	16.7800	0		-14	
3357	16.7850	0		-14	
3358	16.7900	0		-14	
3359	16.7950	0		-14	
3360	16.8000	1		-14	
3361	16.8050	1		-14	
3362	16.8100	1		-14	
3363	16.8150	2		-14	
3364	16.8200	2		-14	
3365	16.8250	2		-13	
3366	16.8300	2		-13	
3367	16.8350	2		-13	
3368	16.8400	3		-13	
3369	16.8450	3		-12	
3370	16.8500	3		-12	
3371	16.8550	3		-12	
3372	16.8600	3		-12	
3373	16.8650	4		-12	
3374	16.8700	4		-12	
3375	16.8750	4		-11	
3376	16.8800	4		-11	
3377	16.8850	4		-11	
3378	16.8900	4		-10	
3379	16.8950	4		-10	
3380	16.9000	5		-10	
3381	16.9050	5		-9	
3382	16.9100	5		-9	
3383	16.9150	5		-9	
3384	16.9200	5		-8	
3385	16.9250	5		-8	
3386	16.9300	5		-8	
3387	16.9350	5		-7	
3388	16.9400	5		-7	
3389	16.9450	6		-7	
3390	16.9500	6		-6	
3391	16.9550	6		-6	
3392	16.9600	6		-6	
3393	16.9650	6		-5	
3394	16.9700	6		-5	
3395	16.9750	6		-4	
3396	16.9800	6		-4	
3397	16.9850	6		-4	
3398	16.9900	5		-3	
3399	16.9950	5		-3	
3400	17.0000	5		-2	
3401	17.0050	5		-2	
3402	17.0100	5		-2	
3403	17.0150	5		-2	
3404	17.0200	5		-1	
3405	17.0250	5		-1	
3406	17.0300	5		0	
3407	17.0350	5		0	
3408	17.0400	4		0	
3409	17.0450	4		1	
3410	17.0500	4		1	
3411	17.0550	4		1	
3412	17.0600	4		2	
3413	17.0650	4		2	
3414	17.0700	3		2	
3415	17.0750	3		2	
3416	17.0800	3		3	
3417	17.0850	3		3	
3418	17.0900	3		4	
3419	17.0950	2		4	
3420	17.1000	2		4	
3421	17.1050	2		4	
3422	17.1100	2		4	
3423	17.1150	2		5	
3424	17.1200	1		5	
3425	17.1250	1		5	
3426	17.1300	1		5	
3427	17.1350	0		6	
3428	17.1400	0		6	
3429	17.1450	0		6	
3430	17.1500	0		6	
3431	17.1550	-1		6	
3432	17.1600	-1		6	
3433	17.1650	-1		6	
3434	17.1700	-1		6	
3435	17.1750	-2		6	
3436	17.1800	-2		6	
3437	17.1850	-2		6	
3438	17.1900	-2		6	
3439	17.1950	-3		6	
3440	17.2000	-3		6	
3441	17.2050	-3		6	
3442	17.2100	-4		6	
3443	17.2150	-4		6	
3444	17.2200	-4		6	
3445	17.2250	-4		6	
3446	17.2300	-4		6	
3447	17.2350	-5		6	
3448	17.2400	-5		6	
3449	17.2450	-5		6	
3450	17.2500	-6		6	
3451	17.2550	-6		6	
3452	17.2600	-6		6	
3453	17.2650	-6		5	
3454	17.2700	-6		5	
3455	17.2750	-7		5	
3456	17.2800	-7		5	
3457	17.2850	-7		4	
3458	17.2900	-7		4	
3459	17.2950	-7		4	
3460	17.3000	-8		4	
3461	17.3050	-8		4	
3462	17.3100	-8		3	
3463	17.3150	-8		3	
3464	17.3200	-8		3	
3465	17.3250	-8		2	
3466	17.3300	-8		2	
3467	17.3350	-9		2	
3468	17.3400	-9		2	
3469	17.3450	-9		1	
3470	17.3500	-9		1	
3471	17.3550	-9		0	
3472	17.3600	-9		0	
3473	17.3650	-9		0	
3474	17.3700	-9		-1	
3475	17.3750	-9		-1	
3476	17.3800	-9		-1	
3477	17.3850	-9		-2	
3478	17.3900	-9		-2	
3479	17.3950	-9		-2	
3480	17.4000	-9		-3	
3481	17.4050	-9		-3	
3482	17.4100	-9		-4	
3483	17.4150	-9		-4	
3484	17.4200	-9		-4	
3485	17.4250	-9		-5	
3486	17.4300	-9		-5	
3487	17.4350	-9		-6	
3488	17.4400	-9		-6	
3489	17.4450	-9		-6	
3490	17.4500	-9		-6	
3491	17.4550	-9		-7	
3492	17.4600	-8		-7	
3493	17.4650	-8		-8	
3494	17.4700	-8		-8	
3495	17.4750	-8		-8	
3496	17.4800	-8		-9	
3497	17.4850	-8		-9	
3498	17.4900	-8		-9	
3499	17.4950	-7		-10	
3500	17.5000	-7		-10	
3501	17.5050	-7		-10	
3502	17.5100	-7		-10	
3503	17.5150	-7		-11	
3504	17.5200	-6		-11	
3505	17.5250	-6		-12	
3506	17.5300	-6		-12	
3507	17.5350	-6		-12	
3508	17.5400	-6		-12	
3509	17.5450	-5		-12	
3510	17.5500	-5		-12	
3511	17.5550	-5		-13	
3512	17.5600	-4		-13	
3513	17.5650	-4		-13	
3514	17.5700	-4		-13	
3515	17.5750	-4		-14	
3516	17.5800	-4		-14	
3517	17.5850	-3		-14	
3518	17.5900	-3		-14	
3519	17.5950	-3		-14	
3520	17.6000	-2		-14	
3521	17.6050	-2		-14	
3522	17.6100	-2		-14	
3523	17.6150	-2		-14	
3524	17.6200	-1		-14	
3525	17.6250	-1		-14	
3526	17.6300	-1		-14	
3527	17.6350	0		-14	
3528	17.6400	0		-14	
3529	17.6450	0		-14	
3530	17.6500	0		-14	
3531	17.6550	0		-14	
3532	17.6600	1		-14	
3533	17.6650	1		-14	
3534	17.6700	1		-14	
3535	17.6750	2		-14	
3536	17.6800	2		-14	
3537	17.6850	2		-14	
3538	17.6900	2		-13	
3539	17.6950	2		-13	
3540	17.7000	3		-13	
3541	17.7050	3		-13	
3542	17.7100	3		-12	
3543	17.7150	3		-12	
3544	17.7200	4		-12	
3545	17.7250	4		-12	
3546	17.7300	4		-12	
3547	17.7350	4		-11	
3548	17.7400	4		-11	
3549	17.7450	4		-11	
3550	17.7500	4		-10	
3551	17.7550	4		-10	
3552	17.7600	5		-10	
3553	17.7650	5		-10	
3554	17.7700	5		-9	
3555	17.7750	5		-9	
3556	17.7800	5		-9	
3557	17.7850	5		-8	
3558	17.7900	5		-8	
3559	17.7950	5		-8	
3560	17.8000	5		-7	
3561	17.8050	6		-7	
3562	17.8100	6		-6	
3563	17.8150	6		-6	
3564	17.8200	6		-6	
3565	17.8250	6		-6	
3566	17.8300	6		-5	
3567	17.8350	6		-5	
3568	17.8400	6		-4	
3569	17.8450	6		-4	
3570	17.8500	5		-4	
3571	17.8550	5		-3	
3572	17.8600	5		-3	
3573	17.8650	5		-2	
3574	17.8700	5		-2	
3575	17.8750	5		-2	
3576	17.8800	5		-1	
3577	17.8850	5		-1	
3578	17.8900	5		0	
3579	17.8950	5		0	
3580	17.9000	4		0	
3581	17.9050	4		0	
3582	17.9100	4		1	
3583	17.9150	4		1	
3584	17.9200	4		2	
3585	17.9250	4		2	
3586	17.9300	4		2	
3587	17.9350	3		2	
3588	17.9400	3		3	
3589	17.9450	3		3	
3590	17.9500	3		3	
3591	17.9550	2		4	
3592	17.9600	2		4	
3593	17.9650	2		4	
3594	17.9700	2		4	
3595	17.9750	2		4	
3596	17.9800	1		5	
3597	17.9850	1		5	
3598	17.9900	1		5	
3599	17.9950	0		5	
3600	18.0000	0		6	
3601	18.0050	0		6	
3602	18.0100	0		6	
3603	18.0150	0		6	
3604	18.0200	-1		6	
3605	18.0250	-1		6	
3606	18.0300	-1		6	
3607	18.0350	-2		6	
3608	18.0400	-2		6	
3609	18.0450	-2		6	
3610	18.0500	-2		6	
3611	18.0550	-3		6	
3612	18.0600	-3		6	
3613	18.0650	-3		6	
3614	18.0700	-4		6	
3615	18.0750	-4		6	
3616	18.0800	-4		6	
3617	18.0850	-4		6	
3618	18.0900	-4		6	
3619	18.0950	-5		6	
3620	18.1000	-5		6	
3621	18.1050	-5		6	
3622	18.1100	-6		6	
3623	18.1150	-6		6	
3624	18.1200	-6		6	
3625	18.1250	-6		6	
3626	18.1300	-6		5	
3627	18.1350	-7		5	
3628	18.1400	-7		5	
3629	18.1450	-7		5	
3630	18.1500	-7		4	
3631	18.1550	-7		4	
3632	18.1600	-8		4	
3633	18.1650	-8		4	
3634	18.1700	-8		4	
3635	18.1750	-8		3	
3636	18.1800	-8		3	
3637	18.1850	-8		2	
3638	18.1900	-8		2	
3639	18.1950	-9		2	
3640	18.2000	-9		2	
3641	18.2050	-9		1	
3642	18.2100	-9		1	
3643	18.2150	-9		0	
3644	18.2200	-9		0	
3645	18.2250	-9		0	
3646	18.2300	-9		0	
3647	18.2350	-9		-1	
3648	18.2400	-9		-1	
3649	18.2450	-9		-2	
3650	18.2500	-9		-2	
3651	18.2550	-9		-2	
3652	18.2600	-9		-3	
3653	18.2650	-9		-3	
3654	18.2700	-9		-3	
3655	18.2750	-9		-4	
3656	18.2800	-9		-4	
3657	18.2850	-9		-4	
3658	18.2900	-9		-5	
3659	18.2950	-9		-5	
3660	18.3000	-9		-6	
3661	18.3050	-9		-6	
3662	18.3100	-9		-6	
3663	18.3150	-9		-7	
3664	18.3200	-8		-7	
3665	18.3250	-8		-8	
3666	18.3300	-8		-8	
3667	18.3350	-8		-8	
3668	18.3400	-8		-8	
3669	18.3450	-8		-9	
3670	18.3500	-8		-9	
3671	18.3550	-7		-10	
3672	18.3600	-7		-10	
3673	18.3650	-7		-10	
3674	18.3700	-7		-10	
3675	18.3750	-7		-11	
3676	18.3800	-6		-11	
3677	18.3850	-6		-11	
3678	18.3900	-6		-12	
3679	18.3950	-6		-12	
3680	18.4000	-6		-12	
3681	18.4050	-5		-12	
3682	18.4100	-5		-12	
3683	18.4150	-5		-13	
3684	18.4200	-4		-13	
3685	18.4250	-4		-13	
3686	18.4300	-4		-13	
3687	18.4350	-4		-13	
3688	18.4400	-4		-14	
3689	18.4450	-3		-14	
3690	18.4500	-3		-14	
3691	18.4550	-3		-14	
3692	18.4600	-2		-14	
3693	18.4650	-2		-14	
3694	18.4700	-2		-14	
3695	18.4750	-2		-14	
3696	18.4800	-1		-14	
3697	18.4850	-1		-14	
3698	18.4900	-1		-14	
3699	18.4950	-1		-14	
3700	18.5000	0		-14	
3701	18.5050	0		-14	
3702	18.5100	0		-14	
3703	18.5150	0		-14	
3704	18.5200	1		-14	
3705	18.5250	1		-14	
3706	18.5300	1		-14	
3707	18.5350	2		-14	
3708	18.5400	2		-14	
3709	18.5450	2		-14	
3710	18.5500	2		-13	
3711	18.5550	2		-13	
3712	18.5600	3		-13	
3713	18.5650	3		-13	
3714	18.5700	3		-13	
3715	18.5750	3		-12	
3716	18.5800	3		-12	
3717	18.5850	4		-12	
3718	18.5900	4		-12	
3719	18.5950	4		-12	
3720	18.6000	4		-11	
3721	18.6050	4		-11	
3722	18.6100	4		-11	
3723	18.6150	4		-10	
3724	18.6200	5		-10	
3725	18.6250	5		-10	
3726	18.6300	5		-10	
3727	18.6350	5		-9	
3728	18.6400	5		-9	
3729	18.6450	5		-8	
3730	18.6500	5		-8	
3731	18.6550	5		-8	
3732	18.6600	5		-8	
3733	18.6650	5		-7	
3734	18.6700	6		-7	
3735	18.6750	6		-6	
3736	18.6800	6		-6	
3737	18.6850	6		-6	
3738	18.6900	6		-5	
3739	18.6950	6		-5	
3740	18.7000	6		-4	
3741	18.7050	6		-4	
3742	18.7100	5		-4	
3743	18.7150	5		-3	
3744	18.7200	5		-3	
3745	18.7250	5		-2	
3746	18.7300	5		-2	
3747	18.7350	5		-2	
3748	18.7400	5		-2	
3749	18.7450	5		-1	
3750	18.7500	5		-1	
3751	18.7550	5		0	
3752	18.7600	4		0	
3753	18.7650	4		0	
3754	18.7700	4		0	
3755	18.7750	4		1	
3756	18.7800	4		1	
3757	18.7850	4		2	
3758	18.7900	4		2	
3759	18.7950	3		2	
3760	18.8000	3		2	
3761	18.8050	3		3	
3762	18.8100	3		3	
3763	18.8150	2		3	
3764	18.8200	2		4	
3765	18.8250	2		4	
3766	18.8300	2		4	
3767	18.8350	2		4	
3768	18.8400	1		4	
3769	18.8450	1		5	
3770	18.8500	1		5	
3771	18.8550	1		5	
3772	18.8600	0		5	
3773	18.8650	0		6	
3774	18.8700	0		6	
3775	18.8750	0		6	
3776	18.8800	-1		6	
3777	18.8850	-1		6	
3778	18.8900	-1		6	
3779	18.8950	-2		6	
3780	18.9000	-2		6	
3781	18.9050	-2		6	
3782	18.9100	-2		6	
3783	18.9150	-3		6	
3784	18.9200	-3		6	
3785	18.9250	-3		6	
3786	18.9300	-4		6	
3787	18.9350	-4		6	
3788	18.9400	-4		6	
3789	18.9450	-4		6	
3790	18.9500	-4		6	
3791	18.9550	-5		6	
3792	18.9600	-5		6	
3793	18.9650	-5		6	
3794	18.9700	-6		6	
3795	18.9750	-6		6	
3796	18.9800	-6		6	
3797	18.9850	-6		5	
3798	18.9900	-6		5	
3799	18.9950	-7		5	
3800	19.0000	-7		5	
3801	19.0050	-7		4	
3802	19.0100	-7		4	
3803	19.0150	-7		4	
3804	19.0200	-8		4	
3805	19.0250	-8		4	
3806	19.0300	-8		3	
3807	19.0350	-8		3	
3808	19.0400	-8		3	
3809	19.0450	-8		2	
3810	19.0500	-8		2	
3811	19.0550	-9		2	
3812	19.0600	-9		2	
3813	19.0650	-9		1	
3814	19.0700	-9		1	
3815	19.0750	-9		1	
3816	19.0800	-9		0	
3817	19.0850	-9		0	
3818	19.0900	-9		0	
3819	19.0950	-9		-1	
3820	19.1000	-9		-1	
3821	19.1050	-9		-2	
3822	19.1100	-9		-2	
3823	19.1150	-9		-2	
3824	19.1200	-9		-2	
3825	19.1250	-9		-3	
3826	19.1300	-9		-3	
3827	19.1350	-9		-4	
3828	19.1400	-9		-4	
3829	19.1450	-9		-4	
3830	19.1500	-9		-5	
3831	19.1550	-9		-5	
3832	19.1600	-9		-6	
3833	19.1650	-9		-6	
3834	19.1700	-9		-6	
3835	19.1750	-9		-6	
3836	19.1800	-8		-7	
3837	19.1850	-8		-7	
3838	19.1900	-8		-8	
3839	19.1950	-8		-8	
3840	19.2000	-8		-8	
3841	19.2050	-8		-9	
3842	19.2100	-8		-9	
3843	19.2150	-7		-9	
3844	19.2200	-7		-10	
3845	19.2250	-7		-10	
3846	19.2300	-7		-10	
3847	19.2350	-7		-10	
3848	19.2400	-6		-11	
3849	19.2450	-6		-11	
3850	19.2500	-6		-11	
3851	19.2550	-6		-12	
3852	19.2600	-6		-12	
3853	19.2650	-5		-12	
3854	19.2700	-5		-12	
3855	19.2750	-5		-12	
3856	19.2800	-5		-13	
3857	19.2850	-4		-13	
3858	19.2900	-4		-13	
3859	19.2950	-4		-13	
3860	19.3000	-4		-13	
3861	19.3050	-3		-14	
3862	19.3100	-3		-14	
3863	19.3150	-3		-14	
3864	19.3200	-2		-14	
3865	19.3250	-2		-14	
3866	19.3300	-2		-14	
3867	19.3350	-2		-14	
3868	19.3400	-1		-14	
3869	19.3450	-1		-14	
3870	19.3500	-1		-14	
3871	19.3550	-1		-14	
3872	19.3600	0		-14	
3873	19.3650	0		-14	
3874	19.3700	0		-14	
3875	19.3750	0		-14	
3876	19.3800	1		-14	
3877	19.3850	1		-14	
3878	19.3900	1		-14	
3879	19.3950	1		-14	
3880	19.4000	2		-14	
3881	19.4050	2		-13	
3882	19.4100	2		-13	
3883	19.4150	2		-13	
3884	19.4200	3		-13	
3885	19.4250	3		-13	
3886	19.4300	3		-12	
3887	19.4350	3		-12	
3888	19.4400	3		-12	
3889	19.4450	4		-12	
3890	19.4500	4		-12	
3891	19.4550	4		-12	
3892	19.4600	4		-11	
3893	19.4650	4		-11	
3894	19.4700	4		-11	
3895	19.4750	4		-10	
3896	19.4800	5		-10	
3897	19.4850	5		-10	
3898	19.4900	5		-10	
3899	19.4950	5		-9	
3900	19.5000	5		-9	
3901	19.5050	5		-8	
3902	19.5100	5		-8	
3903	19.5150	5		-8	
3904	19.5200	5		-8	
3905	19.5250	5		-7	
3906	19.5300	6		-7	
3907	19.5350	6		-6	
3908	19.5400	6		-6	
3909	19.5450	6		-6	
3910	19.5500	6		-5	
3911	19.5550	6		-5	
3912	19.5600	6		-4	
3913	19.5650	6		-4	
3914	19.5700	6		-4	
3915	19.5750	5		-4	
3916	19.5800	5		-3	
3917	19.5850	5		-3	
3918	19.5900	5		-2	
3919	19.5950	5		-2	
3920	19.6000	5		-2	
3921	19.6050	5		-1	
3922	19.6100	5		-1	
3923	19.6150	5		0	
3924	19.6200	4		0	
3925	19.6250	4		0	
3926	19.6300	4		0	
3927	19.6350	4		1	
3928	19.6400	4		1	
3929	19.6450	4		2	
3930	19.6500	4		2	
3931	19.6550	3		2	
3932	19.6600	3		2	
3933	19.6650	3		3	
3934	19.6700	3		3	
3935	19.6750	2		3	
3936	19.6800	2		4	
3937	19.6850	2		4	
3938	19.6900	2		4	
3939	19.6950	2		4	
3940	19.7000	1		4	
3941	19.7050	1		5	
3942	19.7100	1		5	
3943	19.7150	1		5	
3944	19.7200	0		5	
3945	19.7250	0		5	
3946	19.7300	0		6	
3947	19.7350	0		6	
3948	19.7400	-1		6	
3949	19.7450	-1		6	
3950	19.7500	-1		6	
3951	19.7550	-2		6	
3952	19.7600	-2		6	
3953	19.7650	-2		6	
3954	19.7700	-2		6	
3955	19.7750	-3		6	
3956	19.7800	-3		6	
3957	19.7850	-3		6	
3958	19.7900	-3		6	
3959	19.7950	-4		6	
3960	19.8000	-4		6	
3961	19.8050	-4		6	
3962	19.8100	-4		6	
3963	19.8150	-5		6	
3964	19.8200	-5		6	
3965	19.8250	-5		6	
3966	19.8300	-5		6	
3967	19.8350	-6		6	
3968	19.8400	-6		6	
3969	19.8450	-6		5	
3970	19.8500	-6		5	
3971	19.8550	-6		5	
3972	19.8600	-7		5	
3973	19.8650	-7		4	
3974	19.8700	-7		4	
3975	19.8750	-7		4	
3976	19.8800	-8		4	
3977	19.8850	-8		4	
3978	19.8900	-8		3	
3979	19.8950	-8		3	
3980	19.9000	-8		3	
3981	19.9050	-8		2	
3982	19.9100	-8		2	
3983	19.9150	-9		2	
3984	19.9200	-9		2	
3985	19.9250	-9		1	
3986	19.9300	-9		1	
3987	19.9350	-9		1	
3988	19.9400	-9		0	
3989	19.9450	-9		0	
3990	19.9500	-9		0	
3991	19.9550	-9		-1	
3992	19.9600	-9		-1	
3993	19.9650	-9		-2	
3994	19.9700	-9		-2	
3995	19.9750	-9		-2	
3996	19.9800	-9		-2	
3997	19.9850	-9		-3	
3998	19.9900	-9		-3	
3999	19.9950	-9		-4	
4000	20.0000	-9		-4	
4001	20.0050	-9		-4	
4002	20.0100	-9		-5	
4003	20.0150	-9		-5	
4004	20.0200	-9		-6	
4005	20.0250	-9		-6	
4006	20.0300	-9		-6	
4007	20.0350	-9		-6	
4008	20.0400	-8		-7	
4009	20.0450	-8		-7	
4010	20.0500	-8		-8	
4011	20.0550	-8		-8	
4012	20.0600	-8		-8	
4013	20.0650	-8		-8	
4014	20.0700	-8		-9	
4015	20.0750	-8		-9	
4016	20.0800	-7		-10	
4017	20.0850	-7		-10	
4018	20.0900	-7		-10	
4019	20.0950	-7		-10	
4020	20.1000	-6		-11	
4021	20.1050	-6		-11	
4022	20.1100	-6		-11	
4023	20.1150	-6		-12	
4024	20.1200	-6		-12	
4025	20.1250	-5		-12	
4026	20.1300	-5		-12	
4027	20.1350	-5		-12	
4028	20.1400	-5		-12	
4029	20.1450	-4		-13	
4030	20.1500	-4		-13	
4031	20.1550	-4		-13	
4032	20.1600	-4		-13	
4033	20.1650	-3		-13	
4034	20.1700	-3		-14	
4035	20.1750	-3		-14	
4036	20.1800	-3		-14	
4037	20.1850	-2		-14	
4038	20.1900	-2		-14	
4039	20.1950	-2		-14	
4040	20.2000	-2		-14	
4041	20.2050	-1		-14	
4042	20.2100	-1		-14	
4043	20.2150	-1		-14	
4044	20.2200	0		-14	
4045	20.2250	0		-14	
4046	20.2300	0		-14	
4047	20.2350	0		-14	
4048	20.2400	1		-14	
4049	20.2450	1		-14	
4050	20.2500	1		-14	
4051	20.2550	1		-14	
4052	20.2600	2		-14	
4053	20.2650	2		-13	
4054	20.2700	2		-13	
4055	20.2750	2		-13	
4056	20.2800	2		-13	
4057	20.2850	3		-13	
4058	20.2900	3		-12	
4059	20.2950	3		-12	
4060	20.3000	3		-12	
4061	20.3050	4		-12	
4062	20.3100	4		-12	
4063	20.3150	4		-11	
4064	20.3200	4		-11	
4065	20.3250	4		-11	
4066	20.3300	4		-10	
4067	20.3350	4		-10	
4068	20.3400	5		-10	
4069	20.3450	5		-10	
4070	20.3500	5		-9	
4071	20.3550	5		-9	
4072	20.3600	5		-9	
4073	20.3650	5		-8	
4074	20.3700	5		-8	
4075	20.3750	5		-8	
4076	20.3800	5		-8	
4077	20.3850	5		-7	
4078	20.3900	6		-7	
4079	20.3950	6		-6	
4080	20.4000	6		-6	
4081	20.4050	6		-6	
4082	20.4100	6		-5	
4083	20.4150	6		-5	
4084	20.4200	6		-4	
4085	20.4250	6		-4	
4086	20.4300	6		-4	
4087	20.4350	5		-4	
4088	20.4400	5		-3	
4089	20.4450	5		-3	
4090	20.4500	5		-2	
4091	20.4550	5		-2	
4092	20.4600	5		-2	
4093	20.4650	5		-1	
4094	20.4700	5		-1	
4095	20.4750	5		0	
4096	20.4800	4		0	
4097	20.4850	4		0	
4098	20.4900	4		0	
4099	20.4950	4		1	
4100	20.5000	4		1	
4101	20.5050	4		2	
4102	20.5100	4		2	
4103	20.5150	3		2	
4104	20.5200	3		2	
4105	20.5250	3		3	
4106	20.5300	3		3	
4107	20.5350	3		3	
4108	20.5400	2		4	
4109	20.5450	2		4	
4110	20.5500	2		4	
4111	20.5550	2		4	
4112	20.5600	1		4	
4113	20.5650	1		4	
4114	20.5700	1		5	
4115	20.5750	1		5	
4116	20.5800	0		5	
4117	20.5850	0		5	
4118	20.5900	0		5	
4119	20.5950	0		6	
4120	20.6000	-1		6	
4121	20.6050	-1		6	
4122	20.6100	-1		6	
4123	20.6150	-2		6	
4124	20.6200	-2		6	
4125	20.6250	-2		6	
4126	20.6300	-2		6	
4127	20.6350	-2		6	
4128	20.6400	-3		6	
4129	20.6450	-3		6	
4130	20.6500	-3		6	
4131	20.6550	-4		6	
4132	20.6600	-4		6	
4133	20.6650	-4		6	
4134	20.6700	-4		6	
4135	20.6750	-5		6	
4136	20.6800	-5		6	
4137	20.6850	-5		6	
4138	20.6900	-5		6	
4139	20.6950	-6		6	
4140	20.7000	-6		5	
4141	20.7050	-6		5	
4142	20.7100	-6		5	
4143	20.7150	-6		5	
4144	20.7200	-7		5	
4145	20.7250	-7		4	
4146	20.7300	-7		4	
4147	20.7350	-7		4	
4148	20.7400	-8		4	
4149	20.7450	-8		4	
4150	20.7500	-8		3	
4151	20.7550	-8		3	
4152	20.7600	-8		3	
4153	20.7650	-8		2	
4154	20.7700	-8		2	
4155	20.7750	-8		2	
4156	20.7800	-9		2	
4157	20.7850	-9		1	
4158	20.7900	-9		1	
4159	20.7950	-9		1	
4160	20.8000	-9		0	
4161	20.8050	-9		0	
4162	20.8100	-9		0	
4163	20.8150	-9		-1	
4164	20.8200	-9		-1	
4165	20.8250	-9		-2	
4166	20.8300	-9		-2	
4167	20.8350	-9		-2	
4168	20.8400	-9		-2	
4169	20.8450	-9		-3	
4170	20.8500	-9		-3	
4171	20.8550	-9		-4	
4172	20.8600	-9		-4	
4173	20.8650	-9		-4	
4174	20.8700	-9		-5	
4175	20.8750	-9		-5	
4176	20.8800	-9		-6	
4177	20.8850	-9		-6	
4178	20.8900	-9		-6	
4179	20.8950	-9		-6	
4180	20.9000	-9		-7	
4181	20.9050	-8		-7	
4182	20.9100	-8		-8	
4183	20.9150	-8		-8	
4184	20.9200	-8		-8	
4185	20.9250	-8		-8	
4186	20.9300	-8		-9	
4187	20.9350	-8		-9	
4188	20.9400	-7		-10	
4189	20.9450	-7		-10	
4190	20.9500	-7		-10	
4191	20.9550	-7		-10	
4192	20.9600	-6		-11	
4193	20.9650	-6		-11	
4194	20.9700	-6		-11	
4195	20.9750	-6		-12	
4196	20.9800	-6		-12	
4197	20.9850	-6		-12	
4198	20.9900	-5		-12	
4199	20.9950	-5		-12	
4200	21.0000	-5		-12	
4201	21.0050	-4		-13	
4202	21.0100	-4		-13	
4203	21.0150	-4		-13	
4204	21.0200	-4		-13	
4205	21.0250	-3		-13	
4206	21.0300	-3		-14	
4207	21.0350	-3		-14	
4208	21.0400	-3		-14	
4209	21.0450	-2		-14	
4210	21.0500	-2		-14	
4211	21.0550	-2		-14	
4212	21.0600	-2		-14	
4213	21.0650	-1		-14	
4214	21.0700	-1		-14	
4215	21.0750	-1		-14	
4216	21.0800	0		-14	
4217	21.0850	0		-14	
4218	21.0900	0		-14	
4219	21.0950	0		-14	
4220	21.1000	1		-14	
4221	21.1050	1		-14	
4222	21.1100	1		-14	
4223	21.1150	1		-14	
4224	21.1200	2		-13	
4225	21.1250	2		-13	
4226	21.1300	2		-13	
4227	21.1350	2		-13	
4228	21.1400	2		-13	
4229	21.1450	3		-12	
4230	21.1500	3		-12	
4231	21.1550	3		-12	
4232	21.1600	3		-12	
4233	21.1650	4		-12	
4234	21.1700	4		-12	
4235	21.1750	4		-11	
4236	21.1800	4		-11	
4237	21.1850	4		-11	
4238	21.1900	4		-10	
4239	21.1950	4		-10	
4240	21.2000	5		-10	
4241	21.2050	5		-10	
4242	21.2100	5		-9	
4243	21.2150	5		-9	
4244	21.2200	5		-9	
4245	21.2250	5		-8	
4246	21.2300	5		-8	
4247	21.2350	5		-8	
4248	21.2400	5		-7	
4249	21.2450	5		-7	
4250	21.2500	6		-7	
4251	21.2550	6		-6	
4252	21.2600	6		-6	
4253	21.2650	6		-6	
4254	21.2700	6		-5	
4255	21.2750	6		-5	
4256	21.2800	6		-4	
4257	21.2850	6		-4	
4258	21.2900	6		-4	
4259	21.2950	5		-3	
4260	21.3000	5		-3	
4261	21.3050	5		-2	
4262	21.3100	5		-2	
4263	21.3150	5		-2	
4264	21.3200	5		-2	
4265	21.3250	5		-1	
4266	21.3300	5		-1	
4267	21.3350	5		0	
4268	21.3400	4		0	
4269	21.3450	4		0	
4270	21.3500	4		0	
4271	21.3550	4		1	
4272	21.3600	4		1	
4273	21.3650	4		2	
4274	21.3700	4		2	
4275	21.3750	3		2	
4276	21.3800	3		2	
4277	21.3850	3		3	
4278	21.3900	3		3	
4279	21.3950	3		3	
4280	21.4000	2		4	
4281	21.4050	2		4	
4282	21.4100	2		4	
4283	21.4150	2		4	
4284	21.4200	1		4	
4285	21.4250	1		4	
4286	21.4300	1		5	
4287	21.4350	1		5	
4288	21.4400	0		5	
4289	21.4450	0		5	
4290	21.4500	0		6	
4291	21.4550	0		6	
4292	21.4600	-1		6	
4293	21.4650	-1		6	
4294	21.4700	-1		6	
4295	21.4750	-1		6	
4296	21.4800	-2		6	
4297	21.4850	-2		6	
4298	21.4900	-2		6	
4299	21.4950	-2		6	
4300	21.5000	-3		6	
4301	21.5050	-3		6	
4302	21.5100	-3		6	
4303	21.5150	-4		6	
4304	21.5200	-4		6	
4305	21.5250	-4		6	
4306	21.5300	-4		6	
4307	21.5350	-5		6	
4308	21.5400	-5		6	
4309	21.5450	-5		6	
4310	21.5500	-5		6	
4311	21.5550	-6		6	
4312	21.5600	-6		5	
4313	21.5650	-6		5	
4314	21.5700	-6		5	
4315	21.5750	-6		5	
4316	21.5800	-7		4	
4317	21.5850	-7		4	
4318	21.5900	-7		4	
4319	21.5950	-7		4	
4320	21.6000	-8		4	
4321	21.6050	-8		4	
4322	21.6100	-8		3	
4323	21.6150	-8		3	
4324	21.6200	-8		3	
4325	21.6250	-8		2	
4326	21.6300	-8		2	
4327	21.6350	-8		2	
4328	21.6400	-9		2	
4329	21.6450	-9		1	
4330	21.6500	-9		1	
4331	21.6550	-9		0	
4332	21.6600	-9		0	
4333	21.6650	-9		0	
4334	21.6700	-9		0	
4335	21.6750	-9		-1	
4336	21.6800	-9		-1	
4337	21.6850	-9		-2	
4338	21.6900	-9		-2	
4339	21.6950	-9		-2	
4340	21.7000	-9		-3	
4341	21.7050	-9		-3	
4342	21.7100	-9		-3	
4343	21.7150	-9		-4	
4344	21.7200	-9		-4	
4345	21.7250	-9		-4	
4346	21.7300	-9		-5	
4347	21.7350	-9		-5	
4348	21.7400	-9		-6	
4349	21.7450	-9		-6	
4350	21.7500	-9		-6	
4351	21.7550	-9		-7	
4352	21.7600	-9		-7	
4353	21.7650	-8		-7	
4354	21.7700	-8		-8	
4355	21.7750	-8		-8	
4356	21.7800	-8		-8	
4357	21.7850	-8		-9	
4358	21.7900	-8		-9	
4359	21.7950	-8		-9	
4360	21.8000	-7		-10	
4361	21.8050	-7		-10	
4362	21.8100	-7		-10	
4363	21.8150	-7		-10	
4364	21.8200	-7		-11	
4365	21.8250	-6		-11	
4366	21.8300	-6		-11	
4367	21.8350	-6		-12	
4368	21.8400	-6		-12	
4369	21.8450	-5		-12	
4370	21.8500	-5		-12	
4371	21.8550	-5		-12	
4372	21.8600	-5		-12	
4373	21.8650	-4		-13	
4374	21.8700	-4		-13	
4375	21.8750	-4		-13	
4376	21.8800	-4		-13	
4377	21.8850	-3		-13	
4378	21.8900	-3		-14	
4379	21.8950	-3		-14	
4380	21.9000	-3		-14	
4381	21.9050	-2		-14	
4382	21.9100	-2		-14	
4383	21.9150	-2		-14	
4384	21.9200	-2		-14	
4385	21.9250	-1		-14	
4386	21.9300	-1		-14	
4387	21.9350	-1		-14	
4388	21.9400	0		-14	
4389	21.9450	0		-14	
4390	21.9500	0		-14	
4391	21.9550	0		-14	
4392	21.9600	1		-14	
4393	21.9650	1		-14	
4394	21.9700	1		-14	
4395	21.9750	1		-14	
4396	21.9800	2		-13	
4397	21.9850	2		-13	
4398	21.9900	2		-13	
4399	21.9950	2		-13	
4400	22.0000	2		-13	
4401	22.0050	3		-12	
4402	22.0100	3		-12	
4403	22.0150	3		-12	
4404	22.0200	3		-12	
4405	22.0250	4		-12	
4406	22.0300	4		-12	
4407	22.0350	4		-11	
4408	22.0400	4		-11	
4409	22.0450	4		-11	
4410	22.0500	4		-10	
4411	22.0550	4		-10	
4412	22.0600	4		-10	
4413	22.0650	5		-10	
4414	22.0700	5		-9	
4415	22.0750	5		-9	
4416	22.0800	5		-8	
4417	22.0850	5		-8	
4418	22.0900	5		-8	
4419	22.0950	5		-8	
4420	22.1000	5		-7	
4421	22.1050	5		-7	
4422	22.1100	6		-6	
4423	22.1150	6		-6	
4424	22.1200	6		-6	
4425	22.1250	6		-6	
4426	22.1300	6		-5	
4427	22.1350	6		-5	
4428	22.1400	6		-4	
4429	22.1450	6		-4	
4430	22.1500	6		-4	
4431	22.1550	5		-3	
4432	22.1600	5		-3	
4433	22.1650	5		-2	
4434	22.1700	5		-2	
4435	22.1750	5		-2	
4436	22.1800	5		-2	
4437	22.1850	5		-1	
4438	22.1900	5		-1	
4439	22.1950	5		0	
4440	22.2000	5		0	
4441	22.2050	4		0	
4442	22.2100	4		1	
4443	22.2150	4		1	
4444	22.2200	4		1	
4445	22.2250	4		2	
4446	22.2300	4		2	
4447	22.2350	3		2	
4448	22.2400	3		2	
4449	22.2450	3		3	
4450	22.2500	3		3	
4451	22.2550	3		3	
4452	22.2600	2		4	
4453	22.2650	2		4	
4454	22.2700	2		4	
4455	22.2750	2		4	
4456	22.2800	2		4	
4457	22.2850	1		5	
4458	22.2900	1		5	
4459	22.2950	1		5	
4460	22.3000	0		5	
4461	22.3050	0		5	
4462	22.3100	0		6	
4463	22.3150	0		6	
4464	22.3200	-1		6	
4465	22.3250	-1		6	
4466	22.3300	-1		6	
4467	22.3350	-1		6	
4468	22.3400	-2		6	
4469	22.3450	-2		6	
4470	22.3500	-2		6	
4471	22.3550	-2		6	
4472	22.3600	-3		6	
4473	22.3650	-3		6	
4474	22.3700	-3		6	
4475	22.3750	-4		6	
4476	22.3800	-4		6	
4477	22.3850	-4		6	
4478	22.3900	-4		6	
4479	22.3950	-5		6	
4480	22.4000	-5		6	
4481	22.4050	-5		6	
4482	22.4100	-5		6	
4483	22.4150	-6		6	
4484	22.4200	-6		5	
4485	22.4250	-6		5	
4486	22.4300	-6		5	
4487	22.4350	-6		5	
4488	22.4400	-7		4	
4489	22.4450	-7		4	
4490	22.4500	-7		4	
4491	22.4550	-7		4	
4492	22.4600	-8		4	
4493	22.4650	-8		4	
4494	22.4700	-8		3	
4495	22.4750	-8		3	
4496	22.4800	-8		2	
4497	22.4850	-8		2	
4498	22.4900	-8		2	
4499	22.4950	-8		2	
4500	22.5000	-9		2	
4501	22.5050	-9		1	
4502	22.5100	-9		1	
4503	22.5150	-9		0	
4504	22.5200	-9		0	
4505	22.5250	-9		0	
4506	22.5300	-9		-1	
4507	22.5350	-9		-1	
4508	22.5400	-9		-1	
4509	22.5450	-9		-2	
4510	22.5500	-9		-2	
4511	22.5550	-9		-2	
4512	22.5600	-9		-3	
4513	22.5650	-9		-3	
4514	22.5700	-9		-4	
4515	22.5750	-9		-4	
4516	22.5800	-9		-4	
4517	22.5850	-9		-4	
4518	22.5900	-9		-5	
4519	22.5950	-9		-5	
4520	22.6000	-9		-6	
4521	22.6050	-9		-6	
4522	22.6100	-9		-6	
4523	22.6150	-9		-7	
4524	22.6200	-8		-7	
4525	22.6250	-8		-8	
4526	22.6300	-8		-8	
4527	22.6350	-8		-8	
4528	22.6400	-8		-8	
4529	22.6450	-8		-9	
4530	22.6500	-8		-9	
4531	22.6550	-8		-10	
4532	22.6600	-7		-10	
4533	22.6650	-7		-10	
4534	22.6700	-7		-10	
4535	22.6750	-7		-10	
4536	22.6800	-7		-11	
4537	22.6850	-6		-11	
4538	22.6900	-6		-11	
4539	22.6950	-6		-12	
4540	22.7000	-6		-12	
4541	22.7050	-6		-12	
4542	22.7100	-5		-12	
4543	22.7150	-5		-12	
4544	22.7200	-5		-13	
4545	22.7250	-4		-13	
4546	22.7300	-4		-13	
4547	22.7350	-4		-13	
4548	22.7400	-4		-13	
4549	22.7450	-4		-14	
4550	22.7500	-3		-14	
4551	22.7550	-3		-14	
4552	22.7600	-3		-14	
4553	22.7650	-2		-14	
4554	22.7700	-2		-14	
4555	22.7750	-2		-14	
4556	22.7800	-2		-14	
4557	22.7850	-1		-14	
4558	22.7900	-1		-14	
4559	22.7950	-1		-14	
4560	22.8000	0		-14	
4561	22.8050	0		-14	
4562	22.8100	0		-14	
4563	22.8150	0		-14	
4564	22.8200	0		-14	
4565	22.8250	1		-14	
4566	22.8300	1		-14	
4567	22.8350	1		-14	
4568	22.8400	2		-13	
4569	22.8450	2		-13	
4570	22.8500	2		-13	
4571	22.8550	2		-13	
4572	22.8600	2		-13	
4573	22.8650	3		-12	
4574	22.8700	3		-12	
4575	22.8750	3		-12	
4576	22.8800	3		-12	
4577	22.8850	4		-12	
4578	22.8900	4		-12	
4579	22.8950	4		-11	
4580	22.9000	4		-11	
4581	22.9050	4		-11	
4582	22.9100	4		-10	
4583	22.9150	4		-10	
4584	22.9200	5		-10	
4585	22.9250	5		-10	
4586	22.9300	5		-9	
4587	22.9350	5		-9	
4588	22.9400	5		-8	
4589	22.9450	5		-8	
4590	22.9500	5		-8	
4591	22.9550	5		-8	
4592	22.9600	5		-7	
4593	22.9650	5		-7	
4594	22.9700	5		-6	
4595	22.9750	6		-6	
4596	22.9800	6		-6	
4597	22.9850	6		-6	
4598	22.9900	6		-5	
4599	22.9950	6		-5	
4600	23.0000	6		-4	
4601	23.0050	6		-4	
4602	23.0100	6		-4	
4603	23.0150	5		-3	
4604	23.0200	5		-3	
4605	23.0250	5		-2	
4606	23.0300	5		-2	
4607	23.0350	5		-2	
4608	23.0400	5		-1	
4609	23.0450	5		-1	
4610	23.0500	5		-1	
4611	23.0550	5		0	
4612	23.0600	5		0	
4613	23.0650	4		0	
4614	23.0700	4		1	
4615	23.0750	4		1	
4616	23.0800	4		1	
4617	23.0850	4		2	
4618	23.0900	4		2	
4619	23.0950	3		2	
4620	23.1000	3		2	
4621	23.1050	3		3	
4622	23.1100	3		3	
4623	23.1150	3		4	
4624	23.1200	2		4	
4625	23.1250	2		4	
4626	23.1300	2		4	
4627	23.1350	2		4	
4628	23.1400	2		4	
4629	23.1450	1		5	
4630	23.1500	1		5	
4631	23.1550	1		5	
4632	23.1600	0		5	
4633	23.1650	0		6	
4634	23.1700	0		6	
4635	23.1750	0		6	
4636	23.1800	-1		6	
4637	23.1850	-1		6	
4638	23.1900	-1		6	
4639	23.1950	-1		6	
4640	23.2000	-2		6	
4641	23.2050	-2		6	
4642	23.2100	-2		6	
4643	23.2150	-2		6	
4644	23.2200	-3		6	
4645	23.2250	-3		6	
4646	23.2300	-3		6	
4647	23.2350	-4		6	
4648	23.2400	-4		6	
4649	23.2450	-4		6	
4650	23.2500	-4		6	
4651	23.2550	-5		6	
4652	23.2600	-5		6	
4653	23.2650	-5		6	
4654	23.2700	-5		6	
4655	23.2750	-6		6	
4656	23.2800	-6		6	
4657	23.2850	-6		5	
4658	23.2900	-6		5	
4659	23.2950	-6		5	
4660	23.3000	-7		5	
4661	23.3050	-7		4	
4662	23.3100	-7		4	
4663	23.3150	-7		4	
4664	23.3200	-7		4	
4665	23.3250	-8		4	
4666	23.3300	-8		3	
4667	23.3350	-8		3	
4668	23.3400	-8		3	
4669	23.3450	-8		2	
4670	23.3500	-8		2	
4671	23.3550	-8		2	
4672	23.3600	-9		2	
4673	23.3650	-9		1	
4674	23.3700	-9		1	
4675	23.3750	-9		0	
4676	23.3800	-9		0	
4677	23.3850	-9		0	
4678	23.3900	-9		0	
4679	23.3950	-9		-1	
4680	23.4000	-9		-1	
4681	23.4050	-9		-2	
4682	23.4100	-9		-2	
4683	23.4150	-9		-2	
4684	23.4200	-9		-3	
4685	23.4250	-9		-3	
4686	23.4300	-9		-3	
4687	23.4350	-9		-4	
4688	23.4400	-9		-4	
4689	23.4450	-9		-4	
4690	23.4500	-9		-5	
4691	23.4550	-9		-5	
4692	23.4600	-9		-6	
4693	23.4650	-9		-6	
4694	23.4700	-9		-6	
4695	23.4750	-9		-7	
4696	23.4800	-9		-7	
4697	23.4850	-8		-8	
4698	23.4900	-8		-8	
4699	23.4950	-8		-8	
4700	23.5000	-8		-8	
4701	23.5050	-8		-9	
4702	23.5100	-8		-9	
4703	23.5150	-8		-10	
4704	23.5200	-7		-10	
4705	23.5250	-7		-10	
4706	23.5300	-7		-10	
4707	23.5350	-7		-11	
4708	23.5400	-7		-11	
4709	23.5450	-6		-11	
4710	23.5500	-6		-12	
4711	23.5550	-6		-12	
4712	23.5600	-6		-12	
4713	23.5650	-6		-12	
4714	23.5700	-5		-12	
4715	23.5750	-5		-12	
4716	23.5800	-5		-13	
4717	23.5850	-4		-13	
4718	23.5900	-4		-13	
4719	23.5950	-4		-13	
4720	23.6000	-4		-14	
4721	23.6050	-4		-14	
4722	23.6100	-3		-14	
4723	23.6150	-3		-14	
4724	23.6200	-3		-14	
4725	23.6250	-2		-14	
4726	23.6300	-2		-14	
4727	23.6350	-2		-14	
4728	23.6400	-2		-14	
4729	23.6450	-1		-14	
4730	23.6500	-1		-14	
4731	23.6550	-1		-14	
4732	23.6600	-1		-14	
4733	23.6650	0		-14	
4734	23.6700	0		-14	
4735	23.6750	0		-14	
4736	23.6800	0		-14	
4737	23.6850	1		-14	
4738	23.6900	1		-14	
4739	23.6950	1		-14	
4740	23.7000	2		-14	
4741	23.7050	2		-14	
4742	23.7100	2		-13	
4743	23.7150	2		-13	
4744	23.7200	2		-13	
4745	23.7250	3		-13	
4746	23.7300	3		-13	
4747	23.7350	3		-12	
4748	23.7400	3		-12	
4749	23.7450	3		-12	
4750	23.7500	4		-12	
4751	23.7550	4		-12	
4752	23.7600	4		-11	
4753	23.7650	4		-11	
4754	23.7700	4		-11	
4755	23.7750	4		-10	
4756	23.7800	4		-10	
4757	23.7850	5		-10	
4758	23.7900	5		-10	
4759	23.7950	5		-9	
4760	23.8000	5		-9	
4761	23.8050	5		-8	
4762	23.8100	5		-8	
4763	23.8150	5		-8	
4764	23.8200	5		-8	
4765	23.8250	5		-7	
4766	23.8300	6		-7	
4767	23.8350	6		-6	
4768	23.8400	6		-6	
4769	23.8450	6		-6	
4770	23.8500	6		-5	
4771	23.8550	6		-5	
4772	23.8600	6		-4	
4773	23.8650	6		-4	
4774	23.8700	6		-4	
4775	23.8750	5		-3	
4776	23.8800	5		-3	
4777	23.8850	5		-3	
4778	23.8900	5		-2	
4779	23.8950	5		-2	
4780	23.9000	5		-2	
4781	23.9050	5		-1	
4782	23.9100	5		-1	
4783	23.9150	5		0	
4784	23.9200	5		0	
4785	23.9250	4		0	
4786	23.9300	4		0	
4787	23.9350	4		1	
4788	23.9400	4		1	
4789	23.9450	4		2	
4790	23.9500	4		2	
4791	23.9550	4		2	
4792	23.9600	3		2	
4793	23.9650	3		3	
4794	23.9700	3		3	
4795	23.9750	3		3	
4796	23.9800	2		4	
4797	23.9850	2		4	
4798	23.9900	2		4	
4799	23.9950	2		4	
4800	24.0000	2		4	
4801	24.0050	1		5	
4802	24.0100	1		5	
4803	24.0150	1		5	
4804	24.0200	0		5	
4805	24.0250	0		6	
4806	24.0300	0		6	
4807	24.0350	0		6	
4808	24.0400	0		6	
4809	24.0450	-1		6	
4810	24.0500	-1		6	
4811	24.0550	-1		6	
4812	24.0600	-2		6	
4813	24.0650	-2		6	
4814	24.0700	-2		6	
4815	24.0750	-2		6	
4816	24.0800	-3		6	
4817	24.0850	-3		6	
4818	24.0900	-3		6	
4819	24.0950	-4		6	
4820	24.1000	-4		6	
4821	24.1050	-4		6	
4822	24.1100	-4		6	
4823	24.1150	-4		6	
4824	24.1200	-5		6	
4825	24.1250	-5		6	
4826	24.1300	-5		6	
4827	24.1350	-6		6	
4828	24.1400	-6		6	
4829	24.1450	-6		6	
4830	24.1500	-6		5	
4831	24.1550	-6		5	
4832	24.1600	-7		5	
4833	24.1650	-7		5	
4834	24.1700	-7		4	
4835	24.1750	-7		4	
4836	24.1800	-7		4	
4837	24.1850	-8		4	
4838	24.1900	-8		4	
4839	24.1950	-8		3	
4840	24.2000	-8		3	
4841	24.2050	-8		3	
4842	24.2100	-8		2	
4843	24.2150	-8		2	
4844	24.2200	-9		2	
4845	24.2250	-9		2	
4846	24.2300	-9		1	
4847	24.2350	-9		1	
4848	24.2400	-9		0	
4849	24.2450	-9		0	
4850	24.2500	-9		0	
4851	24.2550	-9		-1	
4852	24.2600	-9		-1	
4853	24.2650	-9		-1	
4854	24.2700	-9		-2	
4855	24.2750	-9		-2	
4856	24.2800	-9		-2	
4857	24.2850	-9		-3	
4858	24.2900	-9		-3	
4859	24.2950	-9		-4	
4860	24.3000	-9		-4	
4861	24.3050	-9		-4	
4862	24.3100	-9		-5	
4863	24.3150	-9		-5	
4864	24.3200	-9		-6	
4865	24.3250	-9		-6	
4866	24.3300	-9		-6	
4867	24.3350	-9		-6	
4868	24.3400	-9		-7	
4869	24.3450	-8		-7	
4870	24.3500	-8		-8	
4871	24.3550	-8		-8	
4872	24.3600	-8		-8	
4873	24.3650	-8		-9	
4874	24.3700	-8		-9	
4875	24.3750	-8		-9	
4876	24.3800	-7		-10	
4877	24.3850	-7		-10	
4878	24.3900	-7		-10	
4879	24.3950	-7		-10	
4880	24.4000	-7		-11	
4881	24.4050	-6		-11	
4882	24.4100	-6		-12	
4883	24.4150	-6		-12	
4884	24.4200	-6		-12	
4885	24.4250	-6		-12	
4886	24.4300	-5		-12	
4887	24.4350	-5		-12	
4888	24.4400	-5		-13	
4889	24.4450	-5		-13	
4890	24.4500	-4		-13	
4891	24.4550	-4		-13	
4892	24.4600	-4		-14	
4893	24.4650	-4		-14	
4894	24.4700	-3		-14	
4895	24.4750	-3		-14	
4896	24.4800	-3		-14	
4897	24.4850	-2		-14	
4898	24.4900	-2		-14	
4899	24.4950	-2		-14	
4900	24.5000	-2		-14	
4901	24.5050	-1		-14	
4902	24.5100	-1		-14	
4903	24.5150	-1		-14	
4904	24.5200	-1		-14	
4905	24.5250	0		-14	
4906	24.5300	0		-14	
4907	24.5350	0		-14	
4908	24.5400	0		-14	
4909	24.5450	1		-14	
4910	24.5500	1		-14	
4911	24.5550	1		-14	
4912	24.5600	2		-14	
4913	24.5650	2		-14	
4914	24.5700	2		-14	
4915	24.5750	2		-13	
4916	24.5800	2		-13	
4917	24.5850	3		-13	
4918	24.5900	3		-13	
4919	24.5950	3		-13	
4920	24.6000	3		-12	
4921	24.6050	3		-12	
4922	24.6100	4		-12	
4923	24.6150	4		-12	
4924	24.6200	4		-12	
4925	24.6250	4		-11	
4926	24.6300	4		-11	
4927	24.6350	4		-11	
4928	24.6400	4		-10	
4929	24.6450	5		-10	
4930	24.6500	5		-10	
4931	24.6550	5		-10	
4932	24.6600	5		-9	
4933	24.6650	5		-9	
4934	24.6700	5		-8	
4935	24.6750	5		-8	
4936	24.6800	5		-8	
4937	24.6850	5		-7	
4938	24.6900	5		-7	
4939	24.6950	6		-7	
4940	24.7000	6		-6	
4941	24.7050	6		-6	
4942	24.7100	6		-6	
4943	24.7150	6		-5	
4944	24.7200	6		-5	
4945	24.7250	6		-4	
4946	24.7300	6		-4	
4947	24.7350	5		-4	
4948	24.7400	5		-3	
4949	24.7450	5		-3	
4950	24.7500	5		-2	
4951	24.7550	5		-2	
4952	24.7600	5		-2	
4953	24.7650	5		-1	
4954	24.7700	5		-1	
4955	24.7750	5		-1	
4956	24.7800	5		0	
4957	24.7850	4		0	
4958	24.7900	4		0	
4959	24.7950	4		1	
4960	24.8000	4		1	
4961	24.8050	4		2	
4962	24.8100	4		2	
4963	24.8150	4		2	
4964	24.8200	3		2	
4965	24.8250	3		3	
4966	24.8300	3		3	
4967	24.8350	3		3	
4968	24.8400	2		4	
4969	24.8450	2		4	
4970	24.8500	2		4	
4971	24.8550	2		4	
4972	24.8600	2		4	
4973	24.8650	1		5	
4974	24.8700	1		5	
4975	24.8750	1		5	
4976	24.8800	1		5	
4977	24.8850	0		6	
4978	24.8900	0		6	
4979	24.8950	0		6	
4980	24.9000	0		6	
4981	24.9050	-1		6	
4982	24.9100	-1		6	
4983	24.9150	-1		6	
4984	24.9200	-2		6	
4985	24.9250	-2		6	
4986	24.9300	-2		6	
4987	24.9350	-2		6	
4988	24.9400	-3		6	
4989	24.9450	-3		6	
4990	24.9500	-3		6	
4991	24.9550	-3		6	
4992	24.9600	-4		6	
4993	24.9650	-4		6	
4994	24.9700	-4		6	
4995	24.9750	-4		6	
4996	24.9800	-5		6	
4997	24.9850	-5		6	
4998	24.9900	-5		6	
4999	24.9950	-6		6	
5000	25.0000	-6		6	
