#	time(s)	count A	count B	count C	count D
1	0.0050			114	
2	0.0100			114	
3	0.0150			114	
4	0.0200			114	
5	0.0250			114	
6	0.0300			114	
7	0.0350			114	
8	0.0400			114	
9	0.0450			114	
10	0.0500			113	
11	0.0550			113	
12	0.0600			113	
13	0.0650			112	
14	0.0700			112	
15	0.0750			112	
16	0.0800			111	
17	0.0850			110	
18	0.0900			109	
19	0.0950			108	
20	0.1000			107	
21	0.1050			106	
22	0.1100			105	
23	0.1150			104	
24	0.1200			102	
25	0.1250			100	
26	0.1300			99	
27	0.1350			97	
28	0.1400			96	
29	0.1450			94	
30	0.1500			92	
31	0.1550			90	
32	0.1600			88	
33	0.1650			85	
34	0.1700			83	
35	0.1750			80	
36	0.1800			78	
37	0.1850			76	
38	0.1900			73	
39	0.1950			70	
40	0.2000			68	
41	0.2050			65	
42	0.2100			62	
43	0.2150			59	
44	0.2200			56	
45	0.2250			53	
46	0.2300			50	
47	0.2350			47	
48	0.2400			44	
49	0.2450			41	
50	0.2500			38	
51	0.2550			34	
52	0.2600			31	
53	0.2650			28	
54	0.2700			25	
55	0.2750			22	
56	0.2800			18	
57	0.2850			15	
58	0.2900			12	
59	0.2950			8	
60	0.3000			5	
61	0.3050			1	
62	0.3100			-2	
63	0.3150			-5	
64	0.3200			-8	
65	0.3250			-12	
66	0.3300			-15	
67	0.3350			-18	
68	0.3400			-22	
69	0.3450			-25	
70	0.3500			-28	
71	0.3550			-31	
72	0.3600			-34	
73	0.3650			-38	
74	0.3700			-40	
75	0.3750			-44	
76	0.3800			-46	
77	0.3850			-49	
78	0.3900			-52	
79	0.3950			-55	
80	0.4000			-58	
81	0.4050			-60	
82	0.4100			-63	
83	0.4150			-66	
84	0.4200			-68	
85	0.4250			-70	
86	0.4300			-73	
87	0.4350			-75	
88	0.4400			-77	
89	0.4450			-79	
90	0.4500			-82	
91	0.4550			-83	
92	0.4600			-85	
93	0.4650			-87	
94	0.4700			-89	
95	0.4750			-90	
96	0.4800			-92	
97	0.4850			-93	
98	0.4900			-94	
99	0.4950			-96	
100	0.5000			-97	
101	0.5050			-98	
102	0.5100			-99	
103	0.5150			-100	
104	0.5200			-101	
105	0.5250			-101	
106	0.5300			-102	
107	0.5350			-102	
108	0.5400			-103	
109	0.5450			-103	
110	0.5500			-103	
111	0.5550			-103	
112	0.5600			-103	
113	0.5650			-103	
114	0.5700			-103	
115	0.5750			-102	
116	0.5800			-102	
117	0.5850			-102	
118	0.5900			-101	
119	0.5950			-100	
120	0.6000			-99	
121	0.6050			-98	
122	0.6100			-97	
123	0.6150			-96	
124	0.6200			-95	
125	0.6250			-94	
126	0.6300			-92	
127	0.6350			-91	
128	0.6400			-89	
129	0.6450			-88	
130	0.6500			-86	
131	0.6550			-84	
132	0.6600			-82	
133	0.6650			-80	
134	0.6700			-78	
135	0.6750			-76	
136	0.6800			-74	
137	0.6850			-72	
138	0.6900			-69	
139	0.6950			-67	
140	0.7000			-64	
141	0.7050			-62	
142	0.7100			-59	
143	0.7150			-57	
144	0.7200			-54	
145	0.7250			-51	
146	0.7300			-48	
147	0.7350			-46	
148	0.7400			-43	
149	0.7450			-40	
150	0.7500			-37	
151	0.7550			-34	
152	0.7600			-31	
153	0.7650			-28	
154	0.7700			-25	
155	0.7750			-22	
156	0.7800			-19	
157	0.7850			-16	
158	0.7900			-13	
159	0.7950			-10	
160	0.8000			-7	
161	0.8050			-3	
162	0.8100			0	
163	0.8150			3	
164	0.8200			6	
165	0.8250			9	
166	0.8300			12	
167	0.8350			15	
168	0.8400			18	
169	0.8450			22	
170	0.8500			24	
171	0.8550			28	
172	0.8600			30	
173	0.8650			33	
174	0.8700			36	
175	0.8750			39	
176	0.8800			42	
177	0.8850			45	
178	0.8900			48	
179	0.8950			50	
180	0.9000			53	
181	0.9050			56	
182	0.9100			58	
183	0.9150			60	
184	0.9200			63	
185	0.9250			65	
186	0.9300			68	
187	0.9350			70	
188	0.9400			72	
189	0.9450			74	
190	0.9500			76	
191	0.9550			78	
192	0.9600			80	
193	0.9650			82	
194	0.9700			83	
195	0.9750			85	
196	0.9800			86	
197	0.9850			88	
198	0.9900			90	
199	0.9950			91	
200	1.0000			92	
201	1.0050			93	
202	1.0100			94	
203	1.0150			95	
204	1.0200			96	
205	1.0250			96	
206	1.0300			97	
207	1.0350			98	
208	1.0400			98	
209	1.0450			99	
210	1.0500			99	
211	1.0550			99	
212	1.0600			99	
213	1.0650			99	
214	1.0700			99	
215	1.0750			99	
216	1.0800			99	
217	1.0850			98	
218	1.0900			98	
219	1.0950			98	
220	1.1000			97	
221	1.1050			96	
222	1.1100			95	
223	1.1150			94	
224	1.1200			93	
225	1.1250			92	
226	1.1300			91	
227	1.1350			90	
228	1.1400			88	
229	1.1450			87	
230	1.1500			86	
231	1.1550			84	
232	1.1600			82	
233	1.1650			81	
234	1.1700			79	
235	1.1750			77	
236	1.1800			75	
237	1.1850			73	
238	1.1900			71	
239	1.1950			69	
240	1.2000			67	
241	1.2050			64	
242	1.2100			62	
243	1.2150			60	
244	1.2200			57	
245	1.2250			55	
246	1.2300			52	
247	1.2350			50	
248	1.2400			47	
249	1.2450			44	
250	1.2500			42	
251	1.2550			39	
252	1.2600			36	
253	1.2650			34	
254	1.2700			31	
255	1.2750			28	
256	1.2800			25	
257	1.2850			22	
258	1.2900			19	
259	1.2950			16	
260	1.3000			13	
261	1.3050			10	
262	1.3100			7	
263	1.3150			4	
264	1.3200			2	
265	1.3250			-2	
266	1.3300			-4	
267	1.3350			-7	
268	1.3400			-10	
269	1.3450			-13	
270	1.3500			-16	
271	1.3550			-19	
272	1.3600			-22	
273	1.3650			-24	
274	1.3700			-27	
275	1.3750			-30	
276	1.3800			-32	
277	1.3850			-35	
278	1.3900			-38	
279	1.3950			-40	
280	1.4000			-43	
281	1.4050			-46	
282	1.4100			-48	
283	1.4150			-50	
284	1.4200			-53	
285	1.4250			-55	
286	1.4300			-57	
287	1.4350			-60	
288	1.4400			-62	
289	1.4450			-64	
290	1.4500			-66	
291	1.4550			-68	
292	1.4600			-70	
293	1.4650			-71	
294	1.4700			-73	
295	1.4750			-74	
296	1.4800			-76	
297	1.4850			-78	
298	1.4900			-79	
299	1.4950			-80	
300	1.5000			-82	
301	1.5050			-83	
302	1.5100			-84	
303	1.5150			-85	
304	1.5200			-86	
305	1.5250			-87	
306	1.5300			-88	
307	1.5350			-88	
308	1.5400			-89	
309	1.5450			-89	
310	1.5500			-90	
311	1.5550			-90	
312	1.5600			-90	
313	1.5650			-90	
314	1.5700			-90	
315	1.5750			-90	
316	1.5800			-90	
317	1.5850			-90	
318	1.5900			-90	
319	1.5950			-90	
320	1.6000			-89	
321	1.6050			-88	
322	1.6100			-88	
323	1.6150			-87	
324	1.6200			-86	
325	1.6250			-85	
326	1.6300			-84	
327	1.6350			-83	
328	1.6400			-82	
329	1.6450			-81	
330	1.6500			-80	
331	1.6550			-78	
332	1.6600			-77	
333	1.6650			-76	
334	1.6700			-74	
335	1.6750			-72	
336	1.6800			-70	
337	1.6850			-69	
338	1.6900			-67	
339	1.6950			-65	
340	1.7000			-63	
341	1.7050			-61	
342	1.7100			-59	
343	1.7150			-56	
344	1.7200			-54	
345	1.7250			-52	
346	1.7300			-50	
347	1.7350			-48	
348	1.7400			-45	
349	1.7450			-43	
350	1.7500			-40	
351	1.7550			-38	
352	1.7600			-35	
353	1.7650			-33	
354	1.7700			-30	
355	1.7750			-28	
356	1.7800			-25	
357	1.7850			-22	
358	1.7900			-20	
359	1.7950			-17	
360	1.8000			-14	
361	1.8050			-11	
362	1.8100			-8	
363	1.8150			-6	
364	1.8200			-3	
365	1.8250			0	
366	1.8300			2	
367	1.8350			5	
368	1.8400			8	
369	1.8450			11	
370	1.8500			14	
371	1.8550			16	
372	1.8600			19	
373	1.8650			22	
374	1.8700			24	
375	1.8750			27	
376	1.8800			29	
377	1.8850			32	
378	1.8900			34	
379	1.8950			37	
380	1.9000			39	
381	1.9050			42	
382	1.9100			44	
383	1.9150			46	
384	1.9200			49	
385	1.9250			51	
386	1.9300			53	
387	1.9350			55	
388	1.9400			57	
389	1.9450			59	
390	1.9500			61	
391	1.9550			63	
392	1.9600			65	
393	1.9650			67	
394	1.9700			68	
395	1.9750			70	
396	1.9800			72	
397	1.9850			73	
398	1.9900			75	
399	1.9950			76	
400	2.0000			77	
401	2.0050			79	
402	2.0100			80	
403	2.0150			81	
404	2.0200			82	
405	2.0250			83	
406	2.0300			84	
407	2.0350			84	
408	2.0400			85	
409	2.0450			86	
410	2.0500			86	
411	2.0550			86	
412	2.0600			87	
413	2.0650			87	
414	2.0700			87	
415	2.0750			87	
416	2.0800			87	
417	2.0850			87	
418	2.0900			87	
419	2.0950			87	
420	2.1000			87	
421	2.1050			86	
422	2.1100			86	
423	2.1150			85	
424	2.1200			84	
425	2.1250			84	
426	2.1300			83	
427	2.1350			82	
428	2.1400			81	
429	2.1450			80	
430	2.1500			79	
431	2.1550			78	
432	2.1600			77	
433	2.1650			76	
434	2.1700			74	
435	2.1750			73	
436	2.1800			71	
437	2.1850			70	
438	2.1900			68	
439	2.1950			66	
440	2.2000			64	
441	2.2050			62	
442	2.2100			61	
443	2.2150			59	
444	2.2200			57	
445	2.2250			55	
446	2.2300			53	
447	2.2350			50	
448	2.2400			48	
449	2.2450			46	
450	2.2500			44	
451	2.2550			42	
452	2.2600			39	
453	2.2650			37	
454	2.2700			34	
455	2.2750			32	
456	2.2800			30	
457	2.2850			27	
458	2.2900			25	
459	2.2950			22	
460	2.3000			20	
461	2.3050			17	
462	2.3100			14	
463	2.3150			12	
464	2.3200			9	
465	2.3250			7	
466	2.3300			4	
467	2.3350			2	
468	2.3400			-1	
469	2.3450			-4	
470	2.3500			-6	
471	2.3550			-8	
472	2.3600			-11	
473	2.3650			-14	
474	2.3700			-16	
475	2.3750			-18	
476	2.3800			-21	
477	2.3850			-24	
478	2.3900			-26	
479	2.3950			-28	
480	2.4000			-31	
481	2.4050			-33	
482	2.4100			-36	
483	2.4150			-38	
484	2.4200			-40	
485	2.4250			-42	
486	2.4300			-44	
487	2.4350			-46	
488	2.4400			-48	
489	2.4450			-50	
490	2.4500			-52	
491	2.4550			-54	
492	2.4600			-56	
493	2.4650			-58	
494	2.4700			-59	
495	2.4750			-61	
496	2.4800			-62	
497	2.4850			-64	
498	2.4900			-65	
499	2.4950			-67	
500	2.5000			-68	
501	2.5050			-69	
502	2.5100			-70	
503	2.5150			-72	
504	2.5200			-73	
505	2.5250			-74	
506	2.5300			-74	
507	2.5350			-75	
508	2.5400			-76	
509	2.5450			-77	
510	2.5500			-77	
511	2.5550			-78	
512	2.5600			-78	
513	2.5650			-78	
514	2.5700			-79	
515	2.5750			-79	
516	2.5800			-79	
517	2.5850			-79	
518	2.5900			-79	
519	2.5950			-79	
520	2.6000			-79	
521	2.6050			-79	
522	2.6100			-78	
523	2.6150			-78	
524	2.6200			-78	
525	2.6250			-77	
526	2.6300			-76	
527	2.6350			-76	
528	2.6400			-75	
529	2.6450			-74	
530	2.6500			-73	
531	2.6550			-72	
532	2.6600			-71	
533	2.6650			-70	
534	2.6700			-69	
535	2.6750			-68	
536	2.6800			-66	
537	2.6850			-65	
538	2.6900			-63	
539	2.6950			-62	
540	2.7000			-60	
541	2.7050			-58	
542	2.7100			-57	
543	2.7150			-55	
544	2.7200			-53	
545	2.7250			-52	
546	2.7300			-50	
547	2.7350			-48	
548	2.7400			-46	
549	2.7450			-44	
550	2.7500			-42	
551	2.7550			-40	
552	2.7600			-38	
553	2.7650			-35	
554	2.7700			-33	
555	2.7750			-31	
556	2.7800			-28	
557	2.7850			-26	
558	2.7900			-24	
559	2.7950			-22	
560	2.8000			-19	
561	2.8050			-17	
562	2.8100			-14	
563	2.8150			-12	
564	2.8200			-10	
565	2.8250			-7	
566	2.8300			-5	
567	2.8350			-2	
568	2.8400			0	
569	2.8450			2	
570	2.8500			5	
571	2.8550			7	
572	2.8600			10	
573	2.8650			12	
574	2.8700			14	
575	2.8750			17	
576	2.8800			19	
577	2.8850			21	
578	2.8900			24	
579	2.8950			26	
580	2.9000			28	
581	2.9050			30	
582	2.9100			33	
583	2.9150			35	
584	2.9200			37	
585	2.9250			39	
586	2.9300			41	
587	2.9350			43	
588	2.9400			45	
589	2.9450			47	
590	2.9500			49	
591	2.9550			50	
592	2.9600			52	
593	2.9650			54	
594	2.9700			56	
595	2.9750			57	
596	2.9800			59	
597	2.9850			60	
598	2.9900			62	
599	2.9950			63	
600	3.0000			64	
601	3.0050			66	
602	3.0100			67	
603	3.0150			68	
604	3.0200			69	
605	3.0250			70	
606	3.0300			71	
607	3.0350			72	
608	3.0400			73	
609	3.0450			74	
610	3.0500			74	
611	3.0550			75	
612	3.0600			75	
613	3.0650			76	
614	3.0700			76	
615	3.0750			76	
616	3.0800			76	
617	3.0850			77	
618	3.0900			77	
619	3.0950			77	
620	3.1000			77	
621	3.1050			77	
622	3.1100			76	
623	3.1150			76	
624	3.1200			76	
625	3.1250			75	
626	3.1300			75	
627	3.1350			74	
628	3.1400			74	
629	3.1450			73	
630	3.1500			72	
631	3.1550			72	
632	3.1600			70	
633	3.1650			70	
634	3.1700			68	
635	3.1750			68	
636	3.1800			66	
637	3.1850			65	
638	3.1900			64	
639	3.1950			62	
640	3.2000			61	
641	3.2050			60	
642	3.2100			58	
643	3.2150			56	
644	3.2200			55	
645	3.2250			53	
646	3.2300			52	
647	3.2350			50	
648	3.2400			48	
649	3.2450			46	
650	3.2500			44	
651	3.2550			42	
652	3.2600			40	
653	3.2650			38	
654	3.2700			36	
655	3.2750			34	
656	3.2800			32	
657	3.2850			30	
658	3.2900			28	
659	3.2950			26	
660	3.3000			24	
661	3.3050			22	
662	3.3100			20	
663	3.3150			17	
664	3.3200			15	
665	3.3250			13	
666	3.3300			10	
667	3.3350			8	
668	3.3400			6	
669	3.3450			4	
670	3.3500			2	
671	3.3550			-1	
672	3.3600			-3	
673	3.3650			-5	
674	3.3700			-8	
675	3.3750			-10	
676	3.3800			-12	
677	3.3850			-14	
678	3.3900			-16	
679	3.3950			-18	
680	3.4000			-20	
681	3.4050			-23	
682	3.4100			-25	
683	3.4150			-27	
684	3.4200			-29	
685	3.4250			-31	
686	3.4300			-33	
687	3.4350			-35	
688	3.4400			-37	
689	3.4450			-39	
690	3.4500			-40	
691	3.4550			-42	
692	3.4600			-44	
693	3.4650			-46	
694	3.4700			-47	
695	3.4750			-49	
696	3.4800			-50	
697	3.4850			-52	
698	3.4900			-53	
699	3.4950			-55	
700	3.5000			-56	
701	3.5050			-57	
702	3.5100			-58	
703	3.5150			-60	
704	3.5200			-61	
705	3.5250			-62	
706	3.5300			-63	
707	3.5350			-64	
708	3.5400			-64	
709	3.5450			-65	
710	3.5500			-66	
711	3.5550			-67	
712	3.5600			-67	
713	3.5650			-68	
714	3.5700			-68	
715	3.5750			-68	
716	3.5800			-69	
717	3.5850			-69	
718	3.5900			-69	
719	3.5950			-69	
720	3.6000			-70	
721	3.6050			-70	
722	3.6100			-69	
723	3.6150			-69	
724	3.6200			-69	
725	3.6250			-69	
726	3.6300			-68	
727	3.6350			-68	
728	3.6400			-67	
729	3.6450			-67	
730	3.6500			-66	
731	3.6550			-66	
732	3.6600			-65	
733	3.6650			-64	
734	3.6700			-63	
735	3.6750			-62	
736	3.6800			-61	
737	3.6850			-60	
738	3.6900			-59	
739	3.6950			-58	
740	3.7000			-57	
741	3.7050			-55	
742	3.7100			-54	
743	3.7150			-52	
744	3.7200			-51	
745	3.7250			-50	
746	3.7300			-48	
747	3.7350			-46	
748	3.7400			-45	
749	3.7450			-43	
750	3.7500			-42	
751	3.7550			-40	
752	3.7600			-38	
753	3.7650			-36	
754	3.7700			-34	
755	3.7750			-33	
756	3.7800			-31	
757	3.7850			-29	
758	3.7900			-27	
759	3.7950			-25	
760	3.8000			-23	
761	3.8050			-21	
762	3.8100			-19	
763	3.8150			-16	
764	3.8200			-14	
765	3.8250			-12	
766	3.8300			-10	
767	3.8350			-8	
768	3.8400			-6	
769	3.8450			-4	
770	3.8500			-2	
771	3.8550			0	
772	3.8600			2	
773	3.8650			4	
774	3.8700			6	
775	3.8750			9	
776	3.8800			11	
777	3.8850			13	
778	3.8900			15	
779	3.8950			17	
780	3.9000			19	
781	3.9050			21	
782	3.9100			23	
783	3.9150			25	
784	3.9200			27	
785	3.9250			29	
786	3.9300			31	
787	3.9350			33	
788	3.9400			34	
789	3.9450			36	
790	3.9500			38	
791	3.9550			40	
792	3.9600			42	
793	3.9650			43	
794	3.9700			44	
795	3.9750			46	
796	3.9800			48	
797	3.9850			49	
798	3.9900			50	
799	3.9950			52	
800	4.0000			53	
801	4.0050			54	
802	4.0100			56	
803	4.0150			57	
804	4.0200			58	
805	4.0250			59	
806	4.0300			60	
807	4.0350			61	
808	4.0400			62	
809	4.0450			63	
810	4.0500			63	
811	4.0550			64	
812	4.0600			65	
813	4.0650			65	
814	4.0700			66	
815	4.0750			66	
816	4.0800			67	
817	4.0850			67	
818	4.0900			67	
819	4.0950			68	
820	4.1000			68	
821	4.1050			68	
822	4.1100			68	
823	4.1150			68	
824	4.1200			68	
825	4.1250			67	
826	4.1300			67	
827	4.1350			67	
828	4.1400			66	
829	4.1450			66	
830	4.1500			65	
831	4.1550			65	
832	4.1600			64	
833	4.1650			64	
834	4.1700			63	
835	4.1750			62	
836	4.1800			61	
837	4.1850			60	
838	4.1900			59	
839	4.1950			58	
840	4.2000			57	
841	4.2050			56	
842	4.2100			55	
843	4.2150			54	
844	4.2200			52	
845	4.2250			51	
846	4.2300			50	
847	4.2350			48	
848	4.2400			47	
849	4.2450			45	
850	4.2500			44	
851	4.2550			42	
852	4.2600			40	
853	4.2650			39	
854	4.2700			37	
855	4.2750			36	
856	4.2800			34	
857	4.2850			32	
858	4.2900			30	
859	4.2950			28	
860	4.3000			26	
861	4.3050			24	
862	4.3100			23	
863	4.3150			21	
864	4.3200			19	
865	4.3250			17	
866	4.3300			15	
867	4.3350			13	
868	4.3400			11	
869	4.3450			9	
870	4.3500			7	
871	4.3550			5	
872	4.3600			3	
873	4.3650			1	
874	4.3700			-1	
875	4.3750			-3	
876	4.3800			-5	
877	4.3850			-7	
878	4.3900			-9	
879	4.3950			-11	
880	4.4000			-12	
881	4.4050			-14	
882	4.4100			-16	
883	4.4150			-18	
884	4.4200			-20	
885	4.4250			-22	
886	4.4300			-24	
887	4.4350			-26	
888	4.4400			-27	
889	4.4450			-29	
890	4.4500			-31	
891	4.4550			-32	
892	4.4600			-34	
893	4.4650			-36	
894	4.4700			-37	
895	4.4750			-39	
896	4.4800			-40	
897	4.4850			-42	
898	4.4900			-43	
899	4.4950			-44	
900	4.5000			-46	
901	4.5050			-47	
902	4.5100			-48	
903	4.5150			-49	
904	4.5200			-50	
905	4.5250			-51	
906	4.5300			-52	
907	4.5350			-53	
908	4.5400			-54	
909	4.5450			-55	
910	4.5500			-56	
911	4.5550			-57	
912	4.5600			-57	
913	4.5650			-58	
914	4.5700			-58	
915	4.5750			-59	
916	4.5800			-59	
917	4.5850			-60	
918	4.5900			-60	
919	4.5950			-60	
920	4.6000			-60	
921	4.6050			-61	
922	4.6100			-61	
923	4.6150			-61	
924	4.6200			-61	
925	4.6250			-61	
926	4.6300			-60	
927	4.6350			-60	
928	4.6400			-60	
929	4.6450			-60	
930	4.6500			-60	
931	4.6550			-59	
932	4.6600			-58	
933	4.6650			-58	
934	4.6700			-57	
935	4.6750			-57	
936	4.6800			-56	
937	4.6850			-55	
938	4.6900			-54	
939	4.6950			-54	
940	4.7000			-52	
941	4.7050			-52	
942	4.7100			-50	
943	4.7150			-49	
944	4.7200			-48	
945	4.7250			-47	
946	4.7300			-46	
947	4.7350			-45	
948	4.7400			-43	
949	4.7450			-42	
950	4.7500			-41	
951	4.7550			-39	
952	4.7600			-38	
953	4.7650			-36	
954	4.7700			-35	
955	4.7750			-33	
956	4.7800			-32	
957	4.7850			-30	
958	4.7900			-28	
959	4.7950			-27	
960	4.8000			-25	
961	4.8050			-23	
962	4.8100			-22	
963	4.8150			-20	
964	4.8200			-18	
965	4.8250			-16	
966	4.8300			-14	
967	4.8350			-12	
968	4.8400			-10	
969	4.8450			-9	
970	4.8500			-7	
971	4.8550			-5	
972	4.8600			-3	
973	4.8650			-1	
974	4.8700			0	
975	4.8750			2	
976	4.8800			4	
977	4.8850			6	
978	4.8900			8	
979	4.8950			10	
980	4.9000			12	
981	4.9050			14	
982	4.9100			15	
983	4.9150			17	
984	4.9200			19	
985	4.9250			20	
986	4.9300			22	
987	4.9350			24	
988	4.9400			26	
989	4.9450			27	
990	4.9500			29	
991	4.9550			30	
992	4.9600			32	
993	4.9650			34	
994	4.9700			35	
995	4.9750			37	
996	4.9800			38	
997	4.9850			40	
998	4.9900			41	
999	4.9950			42	
1000	5.0000			43	
1001	5.0050			45	
1002	5.0100			46	
1003	5.0150			47	
1004	5.0200			48	
1005	5.0250			49	
1006	5.0300			50	
1007	5.0350			51	
1008	5.0400			52	
1009	5.0450			53	
1010	5.0500			54	
1011	5.0550			54	
1012	5.0600			55	
1013	5.0650			56	
1014	5.0700			56	
1015	5.0750			57	
1016	5.0800			58	
1017	5.0850			58	
1018	5.0900			58	
1019	5.0950			59	
1020	5.1000			59	
1021	5.1050			59	
1022	5.1100			59	
1023	5.1150			60	
1024	5.1200			60	
1025	5.1250			60	
1026	5.1300			60	
1027	5.1350			59	
1028	5.1400			59	
1029	5.1450			59	
1030	5.1500			59	
1031	5.1550			58	
1032	5.1600			58	
1033	5.1650			58	
1034	5.1700			57	
1035	5.1750			56	
1036	5.1800			56	
1037	5.1850			55	
1038	5.1900			54	
1039	5.1950			54	
1040	5.2000			53	
1041	5.2050			52	
1042	5.2100			51	
1043	5.2150			50	
1044	5.2200			49	
1045	5.2250			48	
1046	5.2300			47	
1047	5.2350			46	
1048	5.2400			45	
1049	5.2450			44	
1050	5.2500			42	
1051	5.2550			41	
1052	5.2600			40	
1053	5.2650			38	
1054	5.2700			37	
1055	5.2750			36	
1056	5.2800			34	
1057	5.2850			33	
1058	5.2900			31	
1059	5.2950			30	
1060	5.3000			28	
1061	5.3050			26	
1062	5.3100			25	
1063	5.3150			23	
1064	5.3200			22	
1065	5.3250			20	
1066	5.3300			18	
1067	5.3350			16	
1068	5.3400			15	
1069	5.3450			13	
1070	5.3500			12	
1071	5.3550			10	
1072	5.3600			8	
1073	5.3650			6	
1074	5.3700			4	
1075	5.3750			3	
1076	5.3800			1	
1077	5.3850			-1	
1078	5.3900			-2	
1079	5.3950			-4	
1080	5.4000			-6	
1081	5.4050			-8	
1082	5.4100			-10	
1083	5.4150			-11	
1084	5.4200			-13	
1085	5.4250			-14	
1086	5.4300			-16	
1087	5.4350			-18	
1088	5.4400			-19	
1089	5.4450			-21	
1090	5.4500			-22	
1091	5.4550			-24	
1092	5.4600			-26	
1093	5.4650			-27	
1094	5.4700			-28	
1095	5.4750			-30	
1096	5.4800			-31	
1097	5.4850			-33	
1098	5.4900			-34	
1099	5.4950			-35	
1100	5.5000			-36	
1101	5.5050			-38	
1102	5.5100			-39	
1103	5.5150			-40	
1104	5.5200			-41	
1105	5.5250			-42	
1106	5.5300			-43	
1107	5.5350			-44	
1108	5.5400			-45	
1109	5.5450			-46	
1110	5.5500			-47	
1111	5.5550			-48	
1112	5.5600			-48	
1113	5.5650			-49	
1114	5.5700			-50	
1115	5.5750			-50	
1116	5.5800			-51	
1117	5.5850			-51	
1118	5.5900			-52	
1119	5.5950			-52	
1120	5.6000			-52	
1121	5.6050			-53	
1122	5.6100			-53	
1123	5.6150			-53	
1124	5.6200			-53	
1125	5.6250			-53	
1126	5.6300			-53	
1127	5.6350			-53	
1128	5.6400			-53	
1129	5.6450			-53	
1130	5.6500			-53	
1131	5.6550			-53	
1132	5.6600			-52	
1133	5.6650			-52	
1134	5.6700			-52	
1135	5.6750			-51	
1136	5.6800			-51	
1137	5.6850			-50	
1138	5.6900			-50	
1139	5.6950			-49	
1140	5.7000			-48	
1141	5.7050			-48	
1142	5.7100			-47	
1143	5.7150			-46	
1144	5.7200			-45	
1145	5.7250			-44	
1146	5.7300			-43	
1147	5.7350			-42	
1148	5.7400			-41	
1149	5.7450			-40	
1150	5.7500			-39	
1151	5.7550			-38	
1152	5.7600			-37	
1153	5.7650			-36	
1154	5.7700			-34	
1155	5.7750			-33	
1156	5.7800			-32	
1157	5.7850			-30	
1158	5.7900			-29	
1159	5.7950			-28	
1160	5.8000			-26	
1161	5.8050			-25	
1162	5.8100			-23	
1163	5.8150			-22	
1164	5.8200			-20	
1165	5.8250			-18	
1166	5.8300			-17	
1167	5.8350			-16	
1168	5.8400			-14	
1169	5.8450			-12	
1170	5.8500			-11	
1171	5.8550			-9	
1172	5.8600			-8	
1173	5.8650			-6	
1174	5.8700			-4	
1175	5.8750			-3	
1176	5.8800			-1	
1177	5.8850			1	
1178	5.8900			2	
1179	5.8950			4	
1180	5.9000			6	
1181	5.9050			7	
1182	5.9100			9	
1183	5.9150			10	
1184	5.9200			12	
1185	5.9250			14	
1186	5.9300			15	
1187	5.9350			17	
1188	5.9400			18	
1189	5.9450			20	
1190	5.9500			21	
1191	5.9550			23	
1192	5.9600			24	
1193	5.9650			26	
1194	5.9700			27	
1195	5.9750			28	
1196	5.9800			30	
1197	5.9850			31	
1198	5.9900			32	
1199	5.9950			34	
1200	6.0000			35	
1201	6.0050			36	
1202	6.0100			38	
1203	6.0150			38	
1204	6.0200			40	
1205	6.0250			41	
1206	6.0300			42	
1207	6.0350			43	
1208	6.0400			44	
1209	6.0450			44	
1210	6.0500			45	
1211	6.0550			46	
1212	6.0600			47	
1213	6.0650			48	
1214	6.0700			48	
1215	6.0750			49	
1216	6.0800			50	
1217	6.0850			50	
1218	6.0900			50	
1219	6.0950			51	
1220	6.1000			51	
1221	6.1050			52	
1222	6.1100			52	
1223	6.1150			52	
1224	6.1200			52	
1225	6.1250			52	
1226	6.1300			53	
1227	6.1350			53	
1228	6.1400			53	
1229	6.1450			53	
1230	6.1500			52	
1231	6.1550			52	
1232	6.1600			52	
1233	6.1650			52	
1234	6.1700			52	
1235	6.1750			51	
1236	6.1800			51	
1237	6.1850			50	
1238	6.1900			50	
1239	6.1950			50	
1240	6.2000			49	
1241	6.2050			48	
1242	6.2100			48	
1243	6.2150			47	
1244	6.2200			46	
1245	6.2250			45	
1246	6.2300			44	
1247	6.2350			44	
1248	6.2400			43	
1249	6.2450			42	
1250	6.2500			41	
1251	6.2550			40	
1252	6.2600			39	
1253	6.2650			38	
1254	6.2700			36	
1255	6.2750			35	
1256	6.2800			34	
1257	6.2850			33	
1258	6.2900			32	
1259	6.2950			30	
1260	6.3000			29	
1261	6.3050			28	
1262	6.3100			26	
1263	6.3150			25	
1264	6.3200			24	
1265	6.3250			22	
1266	6.3300			21	
1267	6.3350			19	
1268	6.3400			18	
1269	6.3450			16	
1270	6.3500			15	
1271	6.3550			13	
1272	6.3600			12	
1273	6.3650			10	
1274	6.3700			9	
1275	6.3750			7	
1276	6.3800			6	
1277	6.3850			4	
1278	6.3900			2	
1279	6.3950			1	
1280	6.4000			0	
1281	6.4050			-2	
1282	6.4100			-4	
1283	6.4150			-5	
1284	6.4200			-7	
1285	6.4250			-8	
1286	6.4300			-10	
1287	6.4350			-11	
1288	6.4400			-12	
1289	6.4450			-14	
1290	6.4500			-16	
1291	6.4550			-17	
1292	6.4600			-18	
1293	6.4650			-20	
1294	6.4700			-21	
1295	6.4750			-22	
1296	6.4800			-24	
1297	6.4850			-25	
1298	6.4900			-26	
1299	6.4950			-27	
1300	6.5000			-28	
1301	6.5050			-30	
1302	6.5100			-31	
1303	6.5150			-32	
1304	6.5200			-33	
1305	6.5250			-34	
1306	6.5300			-35	
1307	6.5350			-36	
1308	6.5400			-37	
1309	6.5450			-38	
1310	6.5500			-39	
1311	6.5550			-40	
1312	6.5600			-40	
1313	6.5650			-41	
1314	6.5700			-42	
1315	6.5750			-42	
1316	6.5800			-43	
1317	6.5850			-44	
1318	6.5900			-44	
1319	6.5950			-44	
1320	6.6000			-45	
1321	6.6050			-45	
1322	6.6100			-46	
1323	6.6150			-46	
1324	6.6200			-46	
1325	6.6250			-46	
1326	6.6300			-47	
1327	6.6350			-47	
1328	6.6400			-47	
1329	6.6450			-47	
1330	6.6500			-47	
1331	6.6550			-47	
1332	6.6600			-47	
1333	6.6650			-46	
1334	6.6700			-46	
1335	6.6750			-46	
1336	6.6800			-46	
1337	6.6850			-45	
1338	6.6900			-45	
1339	6.6950			-44	
1340	6.7000			-44	
1341	6.7050			-44	
1342	6.7100			-43	
1343	6.7150			-42	
1344	6.7200			-42	
1345	6.7250			-41	
1346	6.7300			-40	
1347	6.7350			-40	
1348	6.7400			-39	
1349	6.7450			-38	
1350	6.7500			-37	
1351	6.7550			-36	
1352	6.7600			-35	
1353	6.7650			-34	
1354	6.7700			-33	
1355	6.7750			-32	
1356	6.7800			-31	
1357	6.7850			-30	
1358	6.7900			-29	
1359	6.7950			-28	
1360	6.8000			-26	
1361	6.8050			-25	
1362	6.8100			-24	
1363	6.8150			-23	
1364	6.8200			-22	
1365	6.8250			-20	
1366	6.8300			-19	
1367	6.8350			-18	
1368	6.8400			-16	
1369	6.8450			-15	
1370	6.8500			-14	
1371	6.8550			-12	
1372	6.8600			-11	
1373	6.8650			-9	
1374	6.8700			-8	
1375	6.8750			-6	
1376	6.8800			-5	
1377	6.8850			-4	
1378	6.8900			-2	
1379	6.8950			-1	
1380	6.9000			1	
1381	6.9050			2	
1382	6.9100			4	
1383	6.9150			5	
1384	6.9200			6	
1385	6.9250			8	
1386	6.9300			9	
1387	6.9350			11	
1388	6.9400			12	
1389	6.9450			14	
1390	6.9500			15	
1391	6.9550			16	
1392	6.9600			18	
1393	6.9650			19	
1394	6.9700			20	
1395	6.9750			22	
1396	6.9800			23	
1397	6.9850			24	
1398	6.9900			25	
1399	6.9950			26	
1400	7.0000			28	
1401	7.0050			29	
1402	7.0100			30	
1403	7.0150			31	
1404	7.0200			32	
1405	7.0250			33	
1406	7.0300			34	
1407	7.0350			35	
1408	7.0400			36	
1409	7.0450			37	
1410	7.0500			38	
1411	7.0550			38	
1412	7.0600			39	
1413	7.0650			40	
1414	7.0700			41	
1415	7.0750			41	
1416	7.0800			42	
1417	7.0850			42	
1418	7.0900			43	
1419	7.0950			44	
1420	7.1000			44	
1421	7.1050			44	
1422	7.1100			45	
1423	7.1150			45	
1424	7.1200			46	
1425	7.1250			46	
1426	7.1300			46	
1427	7.1350			46	
1428	7.1400			46	
1429	7.1450			46	
1430	7.1500			46	
1431	7.1550			46	
1432	7.1600			46	
1433	7.1650			46	
1434	7.1700			46	
1435	7.1750			46	
1436	7.1800			46	
1437	7.1850			46	
1438	7.1900			45	
1439	7.1950			45	
1440	7.2000			44	
1441	7.2050			44	
1442	7.2100			44	
1443	7.2150			43	
1444	7.2200			42	
1445	7.2250			42	
1446	7.2300			41	
1447	7.2350			40	
1448	7.2400			40	
1449	7.2450			39	
1450	7.2500			38	
1451	7.2550			38	
1452	7.2600			37	
1453	7.2650			36	
1454	7.2700			35	
1455	7.2750			34	
1456	7.2800			33	
1457	7.2850			32	
1458	7.2900			31	
1459	7.2950			30	
1460	7.3000			29	
1461	7.3050			28	
1462	7.3100			26	
1463	7.3150			26	
1464	7.3200			24	
1465	7.3250			23	
1466	7.3300			22	
1467	7.3350			21	
1468	7.3400			20	
1469	7.3450			18	
1470	7.3500			17	
1471	7.3550			16	
1472	7.3600			14	
1473	7.3650			13	
1474	7.3700			12	
1475	7.3750			10	
1476	7.3800			9	
1477	7.3850			8	
1478	7.3900			6	
1479	7.3950			5	
1480	7.4000			4	
1481	7.4050			2	
1482	7.4100			1	
1483	7.4150			0	
1484	7.4200			-2	
1485	7.4250			-3	
1486	7.4300			-4	
1487	7.4350			-6	
1488	7.4400			-7	
1489	7.4450			-8	
1490	7.4500			-10	
1491	7.4550			-11	
1492	7.4600			-12	
1493	7.4650			-14	
1494	7.4700			-15	
1495	7.4750			-16	
1496	7.4800			-17	
1497	7.4850			-18	
1498	7.4900			-20	
1499	7.4950			-21	
1500	7.5000			-22	
1501	7.5050			-23	
1502	7.5100			-24	
1503	7.5150			-25	
1504	7.5200			-26	
1505	7.5250			-27	
1506	7.5300			-28	
1507	7.5350			-29	
1508	7.5400			-30	
1509	7.5450			-31	
1510	7.5500			-32	
1511	7.5550			-32	
1512	7.5600			-33	
1513	7.5650			-34	
1514	7.5700			-35	
1515	7.5750			-36	
1516	7.5800			-36	
1517	7.5850			-37	
1518	7.5900			-37	
1519	7.5950			-38	
1520	7.6000			-38	
1521	7.6050			-39	
1522	7.6100			-39	
1523	7.6150			-40	
1524	7.6200			-40	
1525	7.6250			-40	
1526	7.6300			-40	
1527	7.6350			-40	
1528	7.6400			-41	
1529	7.6450			-41	
1530	7.6500			-41	
1531	7.6550			-41	
1532	7.6600			-41	
1533	7.6650			-41	
1534	7.6700			-41	
1535	7.6750			-41	
1536	7.6800			-41	
1537	7.6850			-40	
1538	7.6900			-40	
1539	7.6950			-40	
1540	7.7000			-40	
1541	7.7050			-39	
1542	7.7100			-39	
1543	7.7150			-38	
1544	7.7200			-38	
1545	7.7250			-38	
1546	7.7300			-37	
1547	7.7350			-36	
1548	7.7400			-36	
1549	7.7450			-35	
1550	7.7500			-34	
1551	7.7550			-34	
1552	7.7600			-33	
1553	7.7650			-32	
1554	7.7700			-32	
1555	7.7750			-31	
1556	7.7800			-30	
1557	7.7850			-29	
1558	7.7900			-28	
1559	7.7950			-27	
1560	7.8000			-26	
1561	7.8050			-25	
1562	7.8100			-24	
1563	7.8150			-23	
1564	7.8200			-22	
1565	7.8250			-21	
1566	7.8300			-20	
1567	7.8350			-18	
1568	7.8400			-17	
1569	7.8450			-16	
1570	7.8500			-15	
1571	7.8550			-14	
1572	7.8600			-13	
1573	7.8650			-12	
1574	7.8700			-10	
1575	7.8750			-9	
1576	7.8800			-8	
1577	7.8850			-6	
1578	7.8900			-5	
1579	7.8950			-4	
1580	7.9000			-3	
1581	7.9050			-1	
1582	7.9100			0	
1583	7.9150			1	
1584	7.9200			2	
1585	7.9250			4	
1586	7.9300			5	
1587	7.9350			6	
1588	7.9400			8	
1589	7.9450			9	
1590	7.9500			10	
1591	7.9550			11	
1592	7.9600			12	
1593	7.9650			14	
1594	7.9700			15	
1595	7.9750			16	
1596	7.9800			17	
1597	7.9850			18	
1598	7.9900			19	
1599	7.9950			20	
1600	8.0000			22	
1601	8.0050			23	
1602	8.0100			24	
1603	8.0150			25	
1604	8.0200			26	
1605	8.0250			27	
1606	8.0300			28	
1607	8.0350			29	
1608	8.0400			30	
1609	8.0450			30	
1610	8.0500			31	
1611	8.0550			32	
1612	8.0600			33	
1613	8.0650			34	
1614	8.0700			34	
1615	8.0750			35	
1616	8.0800			36	
1617	8.0850			36	
1618	8.0900			37	
1619	8.0950			37	
1620	8.1000			38	
1621	8.1050			38	
1622	8.1100			39	
1623	8.1150			39	
1624	8.1200			40	
1625	8.1250			40	
1626	8.1300			40	
1627	8.1350			40	
1628	8.1400			41	
1629	8.1450			41	
1630	8.1500			41	
1631	8.1550			41	
1632	8.1600			41	
1633	8.1650			41	
1634	8.1700			41	
1635	8.1750			41	
1636	8.1800			41	
1637	8.1850			41	
1638	8.1900			41	
1639	8.1950			40	
1640	8.2000			40	
1641	8.2050			40	
1642	8.2100			40	
1643	8.2150			39	
1644	8.2200			39	
1645	8.2250			38	
1646	8.2300			38	
1647	8.2350			38	
1648	8.2400			37	
1649	8.2450			36	
1650	8.2500			36	
1651	8.2550			35	
1652	8.2600			34	
1653	8.2650			34	
1654	8.2700			33	
1655	8.2750			32	
1656	8.2800			32	
1657	8.2850			31	
1658	8.2900			30	
1659	8.2950			29	
1660	8.3000			28	
1661	8.3050			27	
1662	8.3100			26	
1663	8.3150			26	
1664	8.3200			24	
1665	8.3250			24	
1666	8.3300			22	
1667	8.3350			22	
1668	8.3400			20	
1669	8.3450			19	
1670	8.3500			18	
1671	8.3550			17	
1672	8.3600			16	
1673	8.3650			15	
1674	8.3700			14	
1675	8.3750			12	
1676	8.3800			12	
1677	8.3850			10	
1678	8.3900			9	
1679	8.3950			8	
1680	8.4000			7	
1681	8.4050			6	
1682	8.4100			4	
1683	8.4150			3	
1684	8.4200			2	
1685	8.4250			1	
1686	8.4300			0	
1687	8.4350			-2	
1688	8.4400			-3	
1689	8.4450			-4	
1690	8.4500			-5	
1691	8.4550			-6	
1692	8.4600			-8	
1693	8.4650			-9	
1694	8.4700			-10	
1695	8.4750			-11	
1696	8.4800			-12	
1697	8.4850			-13	
1698	8.4900			-14	
1699	8.4950			-15	
1700	8.5000			-16	
1701	8.5050			-17	
1702	8.5100			-18	
1703	8.5150			-19	
1704	8.5200			-20	
1705	8.5250			-21	
1706	8.5300			-22	
1707	8.5350			-23	
1708	8.5400			-24	
1709	8.5450			-25	
1710	8.5500			-26	
1711	8.5550			-26	
1712	8.5600			-27	
1713	8.5650			-28	
1714	8.5700			-28	
1715	8.5750			-29	
1716	8.5800			-30	
1717	8.5850			-30	
1718	8.5900			-31	
1719	8.5950			-32	
1720	8.6000			-32	
1721	8.6050			-33	
1722	8.6100			-33	
1723	8.6150			-34	
1724	8.6200			-34	
1725	8.6250			-34	
1726	8.6300			-35	
1727	8.6350			-35	
1728	8.6400			-35	
1729	8.6450			-35	
1730	8.6500			-36	
1731	8.6550			-36	
1732	8.6600			-36	
1733	8.6650			-36	
1734	8.6700			-36	
1735	8.6750			-36	
1736	8.6800			-36	
1737	8.6850			-36	
1738	8.6900			-36	
1739	8.6950			-36	
1740	8.7000			-36	
1741	8.7050			-35	
1742	8.7100			-35	
1743	8.7150			-35	
1744	8.7200			-34	
1745	8.7250			-34	
1746	8.7300			-34	
1747	8.7350			-33	
1748	8.7400			-33	
1749	8.7450			-32	
1750	8.7500			-32	
1751	8.7550			-31	
1752	8.7600			-31	
1753	8.7650			-30	
1754	8.7700			-30	
1755	8.7750			-29	
1756	8.7800			-28	
1757	8.7850			-27	
1758	8.7900			-27	
1759	8.7950			-26	
1760	8.8000			-25	
1761	8.8050			-24	
1762	8.8100			-24	
1763	8.8150			-22	
1764	8.8200			-22	
1765	8.8250			-21	
1766	8.8300			-20	
1767	8.8350			-19	
1768	8.8400			-18	
1769	8.8450			-17	
1770	8.8500			-16	
1771	8.8550			-15	
1772	8.8600			-14	
1773	8.8650			-13	
1774	8.8700			-12	
1775	8.8750			-11	
1776	8.8800			-10	
1777	8.8850			-8	
1778	8.8900			-8	
1779	8.8950			-6	
1780	8.9000			-5	
1781	8.9050			-4	
1782	8.9100			-3	
1783	8.9150			-2	
1784	8.9200			-1	
1785	8.9250			0	
1786	8.9300			2	
1787	8.9350			2	
1788	8.9400			4	
1789	8.9450			5	
1790	8.9500			6	
1791	8.9550			7	
1792	8.9600			8	
1793	8.9650			9	
1794	8.9700			10	
1795	8.9750			11	
1796	8.9800			12	
1797	8.9850			13	
1798	8.9900			14	
1799	8.9950			16	
1800	9.0000			16	
1801	9.0050			18	
1802	9.0100			18	
1803	9.0150			20	
1804	9.0200			20	
1805	9.0250			21	
1806	9.0300			22	
1807	9.0350			23	
1808	9.0400			24	
1809	9.0450			25	
1810	9.0500			26	
1811	9.0550			26	
1812	9.0600			27	
1813	9.0650			28	
1814	9.0700			28	
1815	9.0750			29	
1816	9.0800			30	
1817	9.0850			30	
1818	9.0900			31	
1819	9.0950			32	
1820	9.1000			32	
1821	9.1050			32	
1822	9.1100			33	
1823	9.1150			34	
1824	9.1200			34	
1825	9.1250			34	
1826	9.1300			35	
1827	9.1350			35	
1828	9.1400			35	
1829	9.1450			36	
1830	9.1500			36	
1831	9.1550			36	
1832	9.1600			36	
1833	9.1650			36	
1834	9.1700			36	
1835	9.1750			36	
1836	9.1800			36	
1837	9.1850			36	
1838	9.1900			36	
1839	9.1950			36	
1840	9.2000			36	
1841	9.2050			36	
1842	9.2100			36	
1843	9.2150			36	
1844	9.2200			35	
1845	9.2250			35	
1846	9.2300			34	
1847	9.2350			34	
1848	9.2400			34	
1849	9.2450			34	
1850	9.2500			33	
1851	9.2550			32	
1852	9.2600			32	
1853	9.2650			32	
1854	9.2700			31	
1855	9.2750			30	
1856	9.2800			30	
1857	9.2850			29	
1858	9.2900			28	
1859	9.2950			28	
1860	9.3000			27	
1861	9.3050			26	
1862	9.3100			26	
1863	9.3150			25	
1864	9.3200			24	
1865	9.3250			23	
1866	9.3300			22	
1867	9.3350			21	
1868	9.3400			20	
1869	9.3450			20	
1870	9.3500			19	
1871	9.3550			18	
1872	9.3600			17	
1873	9.3650			16	
1874	9.3700			15	
1875	9.3750			14	
1876	9.3800			13	
1877	9.3850			12	
1878	9.3900			11	
1879	9.3950			10	
1880	9.4000			9	
1881	9.4050			8	
1882	9.4100			7	
1883	9.4150			6	
1884	9.4200			4	
1885	9.4250			4	
1886	9.4300			2	
1887	9.4350			2	
1888	9.4400			0	
1889	9.4450			0	
1890	9.4500			-2	
1891	9.4550			-3	
1892	9.4600			-4	
1893	9.4650			-5	
1894	9.4700			-6	
1895	9.4750			-7	
1896	9.4800			-8	
1897	9.4850			-9	
1898	9.4900			-10	
1899	9.4950			-11	
1900	9.5000			-12	
1901	9.5050			-13	
1902	9.5100			-14	
1903	9.5150			-14	
1904	9.5200			-15	
1905	9.5250			-16	
1906	9.5300			-17	
1907	9.5350			-18	
1908	9.5400			-19	
1909	9.5450			-20	
1910	9.5500			-20	
1911	9.5550			-21	
1912	9.5600			-22	
1913	9.5650			-22	
1914	9.5700			-23	
1915	9.5750			-24	
1916	9.5800			-24	
1917	9.5850			-25	
1918	9.5900			-26	
1919	9.5950			-26	
1920	9.6000			-27	
1921	9.6050			-27	
1922	9.6100			-28	
1923	9.6150			-28	
1924	9.6200			-29	
1925	9.6250			-29	
1926	9.6300			-30	
1927	9.6350			-30	
1928	9.6400			-30	
1929	9.6450			-30	
1930	9.6500			-30	
1931	9.6550			-31	
1932	9.6600			-31	
1933	9.6650			-31	
1934	9.6700			-31	
1935	9.6750			-31	
1936	9.6800			-31	
1937	9.6850			-31	
1938	9.6900			-31	
1939	9.6950			-31	
1940	9.7000			-31	
1941	9.7050			-31	
1942	9.7100			-31	
1943	9.7150			-31	
1944	9.7200			-31	
1945	9.7250			-30	
1946	9.7300			-30	
1947	9.7350			-30	
1948	9.7400			-30	
1949	9.7450			-29	
1950	9.7500			-29	
1951	9.7550			-28	
1952	9.7600			-28	
1953	9.7650			-28	
1954	9.7700			-27	
1955	9.7750			-26	
1956	9.7800			-26	
1957	9.7850			-26	
1958	9.7900			-25	
1959	9.7950			-24	
1960	9.8000			-24	
1961	9.8050			-23	
1962	9.8100			-22	
1963	9.8150			-22	
1964	9.8200			-21	
1965	9.8250			-20	
1966	9.8300			-19	
1967	9.8350			-18	
1968	9.8400			-18	
1969	9.8450			-17	
1970	9.8500			-16	
1971	9.8550			-15	
1972	9.8600			-14	
1973	9.8650			-14	
1974	9.8700			-12	
1975	9.8750			-12	
1976	9.8800			-11	
1977	9.8850			-10	
1978	9.8900			-9	
1979	9.8950			-8	
1980	9.9000			-7	
1981	9.9050			-6	
1982	9.9100			-5	
1983	9.9150			-4	
1984	9.9200			-3	
1985	9.9250			-2	
1986	9.9300			-1	
1987	9.9350			0	
1988	9.9400			1	
1989	9.9450			2	
1990	9.9500			3	
1991	9.9550			4	
1992	9.9600			5	
1993	9.9650			6	
1994	9.9700			7	
1995	9.9750			8	
1996	9.9800			8	
1997	9.9850			10	
1998	9.9900			10	
1999	9.9950			12	
2000	10.0000			12	
2001	10.0050			13	
2002	10.0100			14	
2003	10.0150			15	
2004	10.0200			16	
2005	10.0250			17	
2006	10.0300			18	
2007	10.0350			18	
2008	10.0400			19	
2009	10.0450			20	
2010	10.0500			21	
2011	10.0550			21	
2012	10.0600			22	
2013	10.0650			23	
2014	10.0700			24	
2015	10.0750			24	
2016	10.0800			25	
2017	10.0850			25	
2018	10.0900			26	
2019	10.0950			26	
2020	10.1000			27	
2021	10.1050			28	
2022	10.1100			28	
2023	10.1150			28	
2024	10.1200			29	
2025	10.1250			29	
2026	10.1300			30	
2027	10.1350			30	
2028	10.1400			30	
2029	10.1450			31	
2030	10.1500			31	
2031	10.1550			31	
2032	10.1600			31	
2033	10.1650			32	
2034	10.1700			32	
2035	10.1750			32	
2036	10.1800			32	
2037	10.1850			32	
2038	10.1900			32	
2039	10.1950			32	
2040	10.2000			32	
2041	10.2050			32	
2042	10.2100			32	
2043	10.2150			32	
2044	10.2200			32	
2045	10.2250			31	
2046	10.2300			31	
2047	10.2350			31	
2048	10.2400			31	
2049	10.2450			30	
2050	10.2500			30	
2051	10.2550			30	
2052	10.2600			29	
2053	10.2650			29	
2054	10.2700			28	
2055	10.2750			28	
2056	10.2800			28	
2057	10.2850			27	
2058	10.2900			26	
2059	10.2950			26	
2060	10.3000			25	
2061	10.3050			25	
2062	10.3100			24	
2063	10.3150			24	
2064	10.3200			23	
2065	10.3250			22	
2066	10.3300			22	
2067	10.3350			21	
2068	10.3400			20	
2069	10.3450			19	
2070	10.3500			18	
2071	10.3550			18	
2072	10.3600			17	
2073	10.3650			16	
2074	10.3700			15	
2075	10.3750			14	
2076	10.3800			14	
2077	10.3850			13	
2078	10.3900			12	
2079	10.3950			11	
2080	10.4000			10	
2081	10.4050			9	
2082	10.4100			8	
2083	10.4150			7	
2084	10.4200			6	
2085	10.4250			6	
2086	10.4300			4	
2087	10.4350			4	
2088	10.4400			3	
2089	10.4450			2	
2090	10.4500			1	
2091	10.4550			0	
2092	10.4600			-1	
2093	10.4650			-2	
2094	10.4700			-3	
2095	10.4750			-4	
2096	10.4800			-4	
2097	10.4850			-5	
2098	10.4900			-6	
2099	10.4950			-7	
2100	10.5000			-8	
2101	10.5050			-9	
2102	10.5100			-10	
2103	10.5150			-10	
2104	10.5200			-11	
2105	10.5250			-12	
2106	10.5300			-13	
2107	10.5350			-14	
2108	10.5400			-14	
2109	10.5450			-15	
2110	10.5500			-16	
2111	10.5550			-17	
2112	10.5600			-17	
2113	10.5650			-18	
2114	10.5700			-19	
2115	10.5750			-19	
2116	10.5800			-20	
2117	10.5850			-20	
2118	10.5900			-21	
2119	10.5950			-22	
2120	10.6000			-22	
2121	10.6050			-23	
2122	10.6100			-23	
2123	10.6150			-24	
2124	10.6200			-24	
2125	10.6250			-24	
2126	10.6300			-25	
2127	10.6350			-25	
2128	10.6400			-26	
2129	10.6450			-26	
2130	10.6500			-26	
2131	10.6550			-26	
2132	10.6600			-26	
2133	10.6650			-27	
2134	10.6700			-27	
2135	10.6750			-27	
2136	10.6800			-27	
2137	10.6850			-27	
2138	10.6900			-27	
2139	10.6950			-27	
2140	10.7000			-27	
2141	10.7050			-27	
2142	10.7100			-27	
2143	10.7150			-27	
2144	10.7200			-27	
2145	10.7250			-27	
2146	10.7300			-27	
2147	10.7350			-26	
2148	10.7400			-26	
2149	10.7450			-26	
2150	10.7500			-26	
2151	10.7550			-26	
2152	10.7600			-25	
2153	10.7650			-25	
2154	10.7700			-24	
2155	10.7750			-24	
2156	10.7800			-24	
2157	10.7850			-23	
2158	10.7900			-23	
2159	10.7950			-22	
2160	10.8000			-22	
2161	10.8050			-21	
2162	10.8100			-21	
2163	10.8150			-20	
2164	10.8200			-20	
2165	10.8250			-19	
2166	10.8300			-18	
2167	10.8350			-18	
2168	10.8400			-17	
2169	10.8450			-16	
2170	10.8500			-16	
2171	10.8550			-15	
2172	10.8600			-14	
2173	10.8650			-14	
2174	10.8700			-13	
2175	10.8750			-12	
2176	10.8800			-11	
2177	10.8850			-10	
2178	10.8900			-10	
2179	10.8950			-9	
2180	10.9000			-8	
2181	10.9050			-7	
2182	10.9100			-6	
2183	10.9150			-5	
2184	10.9200			-4	
2185	10.9250			-4	
2186	10.9300			-3	
2187	10.9350			-2	
2188	10.9400			-1	
2189	10.9450			0	
2190	10.9500			1	
2191	10.9550			2	
2192	10.9600			2	
2193	10.9650			3	
2194	10.9700			4	
2195	10.9750			5	
2196	10.9800			6	
2197	10.9850			6	
2198	10.9900			8	
2199	10.9950			8	
2200	11.0000			9	
2201	11.0050			10	
2202	11.0100			11	
2203	11.0150			12	
2204	11.0200			12	
2205	11.0250			13	
2206	11.0300			14	
2207	11.0350			15	
2208	11.0400			15	
2209	11.0450			16	
2210	11.0500			17	
2211	11.0550			18	
2212	11.0600			18	
2213	11.0650			19	
2214	11.0700			20	
2215	11.0750			20	
2216	11.0800			21	
2217	11.0850			21	
2218	11.0900			22	
2219	11.0950			22	
2220	11.1000			23	
2221	11.1050			23	
2222	11.1100			24	
2223	11.1150			24	
2224	11.1200			25	
2225	11.1250			25	
2226	11.1300			26	
2227	11.1350			26	
2228	11.1400			26	
2229	11.1450			26	
2230	11.1500			27	
2231	11.1550			27	
2232	11.1600			27	
2233	11.1650			28	
2234	11.1700			28	
2235	11.1750			28	
2236	11.1800			28	
2237	11.1850			28	
2238	11.1900			28	
2239	11.1950			28	
2240	11.2000			28	
2241	11.2050			28	
2242	11.2100			28	
2243	11.2150			28	
2244	11.2200			28	
2245	11.2250			28	
2246	11.2300			28	
2247	11.2350			28	
2248	11.2400			28	
2249	11.2450			28	
2250	11.2500			27	
2251	11.2550			27	
2252	11.2600			27	
2253	11.2650			26	
2254	11.2700			26	
2255	11.2750			26	
2256	11.2800			25	
2257	11.2850			25	
2258	11.2900			24	
2259	11.2950			24	
2260	11.3000			24	
2261	11.3050			23	
2262	11.3100			22	
2263	11.3150			22	
2264	11.3200			22	
2265	11.3250			21	
2266	11.3300			20	
2267	11.3350			20	
2268	11.3400			19	
2269	11.3450			18	
2270	11.3500			18	
2271	11.3550			17	
2272	11.3600			17	
2273	11.3650			16	
2274	11.3700			15	
2275	11.3750			14	
2276	11.3800			14	
2277	11.3850			13	
2278	11.3900			12	
2279	11.3950			12	
2280	11.4000			11	
2281	11.4050			10	
2282	11.4100			9	
2283	11.4150			8	
2284	11.4200			8	
2285	11.4250			7	
2286	11.4300			6	
2287	11.4350			5	
2288	11.4400			4	
2289	11.4450			4	
2290	11.4500			3	
2291	11.4550			2	
2292	11.4600			1	
2293	11.4650			0	
2294	11.4700			0	
2295	11.4750			-1	
2296	11.4800			-2	
2297	11.4850			-3	
2298	11.4900			-4	
2299	11.4950			-4	
2300	11.5000			-5	
2301	11.5050			-6	
2302	11.5100			-7	
2303	11.5150			-8	
2304	11.5200			-8	
2305	11.5250			-9	
2306	11.5300			-10	
2307	11.5350			-10	
2308	11.5400			-11	
2309	11.5450			-12	
2310	11.5500			-12	
2311	11.5550			-13	
2312	11.5600			-14	
2313	11.5650			-14	
2314	11.5700			-15	
2315	11.5750			-16	
2316	11.5800			-16	
2317	11.5850			-17	
2318	11.5900			-17	
2319	11.5950			-18	
2320	11.6000			-18	
2321	11.6050			-19	
2322	11.6100			-19	
2323	11.6150			-20	
2324	11.6200			-20	
2325	11.6250			-20	
2326	11.6300			-21	
2327	11.6350			-21	
2328	11.6400			-22	
2329	11.6450			-22	
2330	11.6500			-22	
2331	11.6550			-22	
2332	11.6600			-23	
2333	11.6650			-23	
2334	11.6700			-23	
2335	11.6750			-23	
2336	11.6800			-24	
2337	11.6850			-24	
2338	11.6900			-24	
2339	11.6950			-24	
2340	11.7000			-24	
2341	11.7050			-24	
2342	11.7100			-24	
2343	11.7150			-24	
2344	11.7200			-24	
2345	11.7250			-24	
2346	11.7300			-24	
2347	11.7350			-24	
2348	11.7400			-24	
2349	11.7450			-23	
2350	11.7500			-23	
2351	11.7550			-23	
2352	11.7600			-22	
2353	11.7650			-22	
2354	11.7700			-22	
2355	11.7750			-22	
2356	11.7800			-22	
2357	11.7850			-21	
2358	11.7900			-21	
2359	11.7950			-20	
2360	11.8000			-20	
2361	11.8050			-20	
2362	11.8100			-19	
2363	11.8150			-18	
2364	11.8200			-18	
2365	11.8250			-18	
2366	11.8300			-17	
2367	11.8350			-16	
2368	11.8400			-16	
2369	11.8450			-16	
2370	11.8500			-15	
2371	11.8550			-14	
2372	11.8600			-14	
2373	11.8650			-13	
2374	11.8700			-12	
2375	11.8750			-12	
2376	11.8800			-11	
2377	11.8850			-10	
2378	11.8900			-10	
2379	11.8950			-9	
2380	11.9000			-8	
2381	11.9050			-8	
2382	11.9100			-7	
2383	11.9150			-6	
2384	11.9200			-5	
2385	11.9250			-4	
2386	11.9300			-4	
2387	11.9350			-3	
2388	11.9400			-2	
2389	11.9450			-2	
2390	11.9500			-1	
2391	11.9550			0	
2392	11.9600			1	
2393	11.9650			2	
2394	11.9700			2	
2395	11.9750			3	
2396	11.9800			4	
2397	11.9850			4	
2398	11.9900			5	
2399	11.9950			6	
2400	12.0000			7	
2401	12.0050			8	
2402	12.0100			8	
2403	12.0150			9	
2404	12.0200			10	
2405	12.0250			10	
2406	12.0300			11	
2407	12.0350			12	
2408	12.0400			12	
2409	12.0450			13	
2410	12.0500			14	
2411	12.0550			14	
2412	12.0600			15	
2413	12.0650			16	
2414	12.0700			16	
2415	12.0750			17	
2416	12.0800			17	
2417	12.0850			18	
2418	12.0900			18	
2419	12.0950			19	
2420	12.1000			19	
2421	12.1050			20	
2422	12.1100			20	
2423	12.1150			21	
2424	12.1200			21	
2425	12.1250			22	
2426	12.1300			22	
2427	12.1350			22	
2428	12.1400			23	
2429	12.1450			23	
2430	12.1500			23	
2431	12.1550			24	
2432	12.1600			24	
2433	12.1650			24	
2434	12.1700			24	
2435	12.1750			24	
2436	12.1800			24	
2437	12.1850			25	
2438	12.1900			25	
2439	12.1950			25	
2440	12.2000			25	
2441	12.2050			25	
2442	12.2100			25	
2443	12.2150			25	
2444	12.2200			25	
2445	12.2250			25	
2446	12.2300			25	
2447	12.2350			25	
2448	12.2400			25	
2449	12.2450			25	
2450	12.2500			24	
2451	12.2550			24	
2452	12.2600			24	
2453	12.2650			24	
2454	12.2700			24	
2455	12.2750			24	
2456	12.2800			23	
2457	12.2850			23	
2458	12.2900			22	
2459	12.2950			22	
2460	12.3000			22	
2461	12.3050			21	
2462	12.3100			21	
2463	12.3150			20	
2464	12.3200			20	
2465	12.3250			20	
2466	12.3300			19	
2467	12.3350			19	
2468	12.3400			18	
2469	12.3450			18	
2470	12.3500			17	
2471	12.3550			16	
2472	12.3600			16	
2473	12.3650			16	
2474	12.3700			15	
2475	12.3750			14	
2476	12.3800			14	
2477	12.3850			13	
2478	12.3900			12	
2479	12.3950			12	
2480	12.4000			11	
2481	12.4050			10	
2482	12.4100			10	
2483	12.4150			9	
2484	12.4200			8	
2485	12.4250			8	
2486	12.4300			7	
2487	12.4350			6	
2488	12.4400			6	
2489	12.4450			5	
2490	12.4500			4	
2491	12.4550			3	
2492	12.4600			3	
2493	12.4650			2	
2494	12.4700			1	
2495	12.4750			0	
2496	12.4800			0	
2497	12.4850			-1	
2498	12.4900			-2	
2499	12.4950			-2	
2500	12.5000			-3	
2501	12.5050			-4	
2502	12.5100			-4	
2503	12.5150			-5	
2504	12.5200			-6	
2505	12.5250			-6	
2506	12.5300			-7	
2507	12.5350			-8	
2508	12.5400			-8	
2509	12.5450			-9	
2510	12.5500			-10	
2511	12.5550			-10	
2512	12.5600			-11	
2513	12.5650			-11	
2514	12.5700			-12	
2515	12.5750			-12	
2516	12.5800			-13	
2517	12.5850			-14	
2518	12.5900			-14	
2519	12.5950			-14	
2520	12.6000			-15	
2521	12.6050			-16	
2522	12.6100			-16	
2523	12.6150			-16	
2524	12.6200			-17	
2525	12.6250			-17	
2526	12.6300			-18	
2527	12.6350			-18	
2528	12.6400			-18	
2529	12.6450			-18	
2530	12.6500			-19	
2531	12.6550			-19	
2532	12.6600			-19	
2533	12.6650			-20	
2534	12.6700			-20	
2535	12.6750			-20	
2536	12.6800			-20	
2537	12.6850			-20	
2538	12.6900			-20	
2539	12.6950			-20	
2540	12.7000			-20	
2541	12.7050			-21	
2542	12.7100			-21	
2543	12.7150			-21	
2544	12.7200			-21	
2545	12.7250			-21	
2546	12.7300			-21	
2547	12.7350			-21	
2548	12.7400			-20	
2549	12.7450			-20	
2550	12.7500			-20	
2551	12.7550			-20	
2552	12.7600			-20	
2553	12.7650			-20	
2554	12.7700			-20	
2555	12.7750			-20	
2556	12.7800			-19	
2557	12.7850			-19	
2558	12.7900			-18	
2559	12.7950			-18	
2560	12.8000			-18	
2561	12.8050			-18	
2562	12.8100			-17	
2563	12.8150			-17	
2564	12.8200			-16	
2565	12.8250			-16	
2566	12.8300			-16	
2567	12.8350			-15	
2568	12.8400			-15	
2569	12.8450			-14	
2570	12.8500			-14	
2571	12.8550			-13	
2572	12.8600			-13	
2573	12.8650			-12	
2574	12.8700			-12	
2575	12.8750			-11	
2576	12.8800			-11	
2577	12.8850			-10	
2578	12.8900			-10	
2579	12.8950			-9	
2580	12.9000			-8	
2581	12.9050			-8	
2582	12.9100			-7	
2583	12.9150			-6	
2584	12.9200			-6	
2585	12.9250			-5	
2586	12.9300			-4	
2587	12.9350			-4	
2588	12.9400			-3	
2589	12.9450			-2	
2590	12.9500			-2	
2591	12.9550			-1	
2592	12.9600			0	
2593	12.9650			0	
2594	12.9700			1	
2595	12.9750			2	
2596	12.9800			2	
2597	12.9850			3	
2598	12.9900			4	
2599	12.9950			4	
2600	13.0000			5	
2601	13.0050			6	
2602	13.0100			6	
2603	13.0150			7	
2604	13.0200			7	
2605	13.0250			8	
2606	13.0300			9	
2607	13.0350			9	
2608	13.0400			10	
2609	13.0450			10	
2610	13.0500			11	
2611	13.0550			12	
2612	13.0600			12	
2613	13.0650			13	
2614	13.0700			13	
2615	13.0750			14	
2616	13.0800			14	
2617	13.0850			15	
2618	13.0900			15	
2619	13.0950			16	
2620	13.1000			16	
2621	13.1050			17	
2622	13.1100			17	
2623	13.1150			18	
2624	13.1200			18	
2625	13.1250			18	
2626	13.1300			19	
2627	13.1350			19	
2628	13.1400			19	
2629	13.1450			20	
2630	13.1500			20	
2631	13.1550			20	
2632	13.1600			20	
2633	13.1650			21	
2634	13.1700			21	
2635	13.1750			21	
2636	13.1800			21	
2637	13.1850			22	
2638	13.1900			22	
2639	13.1950			22	
2640	13.2000			22	
2641	13.2050			22	
2642	13.2100			22	
2643	13.2150			22	
2644	13.2200			22	
2645	13.2250			22	
2646	13.2300			22	
2647	13.2350			22	
2648	13.2400			22	
2649	13.2450			22	
2650	13.2500			22	
2651	13.2550			22	
2652	13.2600			22	
2653	13.2650			21	
2654	13.2700			21	
2655	13.2750			21	
2656	13.2800			21	
2657	13.2850			20	
2658	13.2900			20	
2659	13.2950			20	
2660	13.3000			20	
2661	13.3050			20	
2662	13.3100			19	
2663	13.3150			19	
2664	13.3200			18	
2665	13.3250			18	
2666	13.3300			18	
2667	13.3350			17	
2668	13.3400			17	
2669	13.3450			16	
2670	13.3500			16	
2671	13.3550			16	
2672	13.3600			15	
2673	13.3650			14	
2674	13.3700			14	
2675	13.3750			14	
2676	13.3800			13	
2677	13.3850			12	
2678	13.3900			12	
2679	13.3950			12	
2680	13.4000			11	
2681	13.4050			10	
2682	13.4100			10	
2683	13.4150			9	
2684	13.4200			8	
2685	13.4250			8	
2686	13.4300			7	
2687	13.4350			7	
2688	13.4400			6	
2689	13.4450			6	
2690	13.4500			5	
2691	13.4550			4	
2692	13.4600			4	
2693	13.4650			3	
2694	13.4700			2	
2695	13.4750			2	
2696	13.4800			1	
2697	13.4850			0	
2698	13.4900			0	
2699	13.4950			-1	
2700	13.5000			-1	
2701	13.5050			-2	
2702	13.5100			-2	
2703	13.5150			-3	
2704	13.5200			-4	
2705	13.5250			-4	
2706	13.5300			-5	
2707	13.5350			-6	
2708	13.5400			-6	
2709	13.5450			-7	
2710	13.5500			-7	
2711	13.5550			-8	
2712	13.5600			-8	
2713	13.5650			-9	
2714	13.5700			-9	
2715	13.5750			-10	
2716	13.5800			-10	
2717	13.5850			-11	
2718	13.5900			-11	
2719	13.5950			-12	
2720	13.6000			-12	
2721	13.6050			-12	
2722	13.6100			-13	
2723	13.6150			-13	
2724	13.6200			-14	
2725	13.6250			-14	
2726	13.6300			-14	
2727	13.6350			-15	
2728	13.6400			-15	
2729	13.6450			-16	
2730	13.6500			-16	
2731	13.6550			-16	
2732	13.6600			-16	
2733	13.6650			-16	
2734	13.6700			-17	
2735	13.6750			-17	
2736	13.6800			-17	
2737	13.6850			-17	
2738	13.6900			-18	
2739	13.6950			-18	
2740	13.7000			-18	
2741	13.7050			-18	
2742	13.7100			-18	
2743	13.7150			-18	
2744	13.7200			-18	
2745	13.7250			-18	
2746	13.7300			-18	
2747	13.7350			-18	
2748	13.7400			-18	
2749	13.7450			-18	
2750	13.7500			-18	
2751	13.7550			-18	
2752	13.7600			-18	
2753	13.7650			-18	
2754	13.7700			-17	
2755	13.7750			-17	
2756	13.7800			-17	
2757	13.7850			-17	
2758	13.7900			-16	
2759	13.7950			-16	
2760	13.8000			-16	
2761	13.8050			-16	
2762	13.8100			-16	
2763	13.8150			-15	
2764	13.8200			-15	
2765	13.8250			-14	
2766	13.8300			-14	
2767	13.8350			-14	
2768	13.8400			-14	
2769	13.8450			-13	
2770	13.8500			-13	
2771	13.8550			-12	
2772	13.8600			-12	
2773	13.8650			-11	
2774	13.8700			-11	
2775	13.8750			-10	
2776	13.8800			-10	
2777	13.8850			-10	
2778	13.8900			-9	
2779	13.8950			-8	
2780	13.9000			-8	
2781	13.9050			-8	
2782	13.9100			-7	
2783	13.9150			-6	
2784	13.9200			-6	
2785	13.9250			-5	
2786	13.9300			-5	
2787	13.9350			-4	
2788	13.9400			-4	
2789	13.9450			-3	
2790	13.9500			-2	
2791	13.9550			-2	
2792	13.9600			-1	
2793	13.9650			-1	
2794	13.9700			0	
2795	13.9750			0	
2796	13.9800			1	
2797	13.9850			2	
2798	13.9900			2	
2799	13.9950			3	
2800	14.0000			3	
2801	14.0050			4	
2802	14.0100			4	
2803	14.0150			5	
2804	14.0200			6	
2805	14.0250			6	
2806	14.0300			7	
2807	14.0350			7	
2808	14.0400			8	
2809	14.0450			8	
2810	14.0500			9	
2811	14.0550			10	
2812	14.0600			10	
2813	14.0650			10	
2814	14.0700			11	
2815	14.0750			11	
2816	14.0800			12	
2817	14.0850			12	
2818	14.0900			13	
2819	14.0950			13	
2820	14.1000			14	
2821	14.1050			14	
2822	14.1100			14	
2823	14.1150			15	
2824	14.1200			15	
2825	14.1250			16	
2826	14.1300			16	
2827	14.1350			16	
2828	14.1400			17	
2829	14.1450			17	
2830	14.1500			17	
2831	14.1550			18	
2832	14.1600			18	
2833	14.1650			18	
2834	14.1700			18	
2835	14.1750			18	
2836	14.1800			18	
2837	14.1850			19	
2838	14.1900			19	
2839	14.1950			19	
2840	14.2000			19	
2841	14.2050			19	
2842	14.2100			19	
2843	14.2150			20	
2844	14.2200			20	
2845	14.2250			20	
2846	14.2300			20	
2847	14.2350			20	
2848	14.2400			20	
2849	14.2450			20	
2850	14.2500			20	
2851	14.2550			19	
2852	14.2600			19	
2853	14.2650			19	
2854	14.2700			19	
2855	14.2750			19	
2856	14.2800			19	
2857	14.2850			18	
2858	14.2900			18	
2859	14.2950			18	
2860	14.3000			18	
2861	14.3050			18	
2862	14.3100			18	
2863	14.3150			17	
2864	14.3200			17	
2865	14.3250			16	
2866	14.3300			16	
2867	14.3350			16	
2868	14.3400			16	
2869	14.3450			15	
2870	14.3500			15	
2871	14.3550			14	
2872	14.3600			14	
2873	14.3650			14	
2874	14.3700			13	
2875	14.3750			13	
2876	14.3800			12	
2877	14.3850			12	
2878	14.3900			12	
2879	14.3950			11	
2880	14.4000			10	
2881	14.4050			10	
2882	14.4100			10	
2883	14.4150			9	
2884	14.4200			8	
2885	14.4250			8	
2886	14.4300			8	
2887	14.4350			7	
2888	14.4400			6	
2889	14.4450			6	
2890	14.4500			5	
2891	14.4550			5	
2892	14.4600			4	
2893	14.4650			4	
2894	14.4700			3	
2895	14.4750			3	
2896	14.4800			2	
2897	14.4850			2	
2898	14.4900			1	
2899	14.4950			0	
2900	14.5000			0	
2901	14.5050			-1	
2902	14.5100			-1	
2903	14.5150			-2	
2904	14.5200			-2	
2905	14.5250			-3	
2906	14.5300			-3	
2907	14.5350			-4	
2908	14.5400			-4	
2909	14.5450			-5	
2910	14.5500			-5	
2911	14.5550			-6	
2912	14.5600			-6	
2913	14.5650			-7	
2914	14.5700			-7	
2915	14.5750			-8	
2916	14.5800			-8	
2917	14.5850			-9	
2918	14.5900			-9	
2919	14.5950			-10	
2920	14.6000			-10	
2921	14.6050			-10	
2922	14.6100			-11	
2923	14.6150			-11	
2924	14.6200			-11	
2925	14.6250			-12	
2926	14.6300			-12	
2927	14.6350			-12	
2928	14.6400			-13	
2929	14.6450			-13	
2930	14.6500			-13	
2931	14.6550			-14	
2932	14.6600			-14	
2933	14.6650			-14	
2934	14.6700			-14	
2935	14.6750			-14	
2936	14.6800			-15	
2937	14.6850			-15	
2938	14.6900			-15	
2939	14.6950			-15	
2940	14.7000			-15	
2941	14.7050			-15	
2942	14.7100			-16	
2943	14.7150			-16	
2944	14.7200			-16	
2945	14.7250			-16	
2946	14.7300			-16	
2947	14.7350			-16	
2948	14.7400			-16	
2949	14.7450			-16	
2950	14.7500			-16	
2951	14.7550			-16	
2952	14.7600			-16	
2953	14.7650			-15	
2954	14.7700			-15	
2955	14.7750			-15	
2956	14.7800			-15	
2957	14.7850			-15	
2958	14.7900			-15	
2959	14.7950			-14	
2960	14.8000			-14	
2961	14.8050			-14	
2962	14.8100			-14	
2963	14.8150			-14	
2964	14.8200			-13	
2965	14.8250			-13	
2966	14.8300			-13	
2967	14.8350			-12	
2968	14.8400			-12	
2969	14.8450			-12	
2970	14.8500			-12	
2971	14.8550			-11	
2972	14.8600			-11	
2973	14.8650			-10	
2974	14.8700			-10	
2975	14.8750			-10	
2976	14.8800			-9	
2977	14.8850			-9	
2978	14.8900			-8	
2979	14.8950			-8	
2980	14.9000			-8	
2981	14.9050			-7	
2982	14.9100			-7	
2983	14.9150			-6	
2984	14.9200			-6	
2985	14.9250			-5	
2986	14.9300			-5	
2987	14.9350			-4	
2988	14.9400			-4	
2989	14.9450			-3	
2990	14.9500			-3	
2991	14.9550			-2	
2992	14.9600			-2	
2993	14.9650			-1	
2994	14.9700			-1	
2995	14.9750			0	
2996	14.9800			0	
2997	14.9850			1	
2998	14.9900			1	
2999	14.9950			2	
3000	15.0000			2	
3001	15.0050			3	
3002	15.0100			4	
3003	15.0150			4	
3004	15.0200			4	
3005	15.0250			5	
3006	15.0300			6	
3007	15.0350			6	
3008	15.0400			6	
3009	15.0450			7	
3010	15.0500			7	
3011	15.0550			8	
3012	15.0600			8	
3013	15.0650			9	
3014	15.0700			9	
3015	15.0750			10	
3016	15.0800			10	
3017	15.0850			10	
3018	15.0900			11	
3019	15.0950			11	
3020	15.1000			12	
3021	15.1050			12	
3022	15.1100			12	
3023	15.1150			13	
3024	15.1200			13	
3025	15.1250			14	
3026	15.1300			14	
3027	15.1350			14	
3028	15.1400			14	
3029	15.1450			15	
3030	15.1500			15	
3031	15.1550			15	
3032	15.1600			16	
3033	15.1650			16	
3034	15.1700			16	
3035	15.1750			16	
3036	15.1800			16	
3037	15.1850			16	
3038	15.1900			17	
3039	15.1950			17	
3040	15.2000			17	
3041	15.2050			17	
3042	15.2100			17	
3043	15.2150			17	
3044	15.2200			17	
3045	15.2250			18	
3046	15.2300			18	
3047	15.2350			18	
3048	15.2400			18	
3049	15.2450			18	
3050	15.2500			18	
3051	15.2550			18	
3052	15.2600			17	
3053	15.2650			17	
3054	15.2700			17	
3055	15.2750			17	
3056	15.2800			17	
3057	15.2850			17	
3058	15.2900			17	
3059	15.2950			16	
3060	15.3000			16	
3061	15.3050			16	
3062	15.3100			16	
3063	15.3150			16	
3064	15.3200			16	
3065	15.3250			15	
3066	15.3300			15	
3067	15.3350			15	
3068	15.3400			14	
3069	15.3450			14	
3070	15.3500			14	
3071	15.3550			14	
3072	15.3600			13	
3073	15.3650			13	
3074	15.3700			12	
3075	15.3750			12	
3076	15.3800			12	
3077	15.3850			11	
3078	15.3900			11	
3079	15.3950			10	
3080	15.4000			10	
3081	15.4050			10	
3082	15.4100			9	
3083	15.4150			9	
3084	15.4200			8	
3085	15.4250			8	
3086	15.4300			8	
3087	15.4350			7	
3088	15.4400			6	
3089	15.4450			6	
3090	15.4500			6	
3091	15.4550			5	
3092	15.4600			5	
3093	15.4650			4	
3094	15.4700			4	
3095	15.4750			3	
3096	15.4800			3	
3097	15.4850			2	
3098	15.4900			2	
3099	15.4950			1	
3100	15.5000			1	
3101	15.5050			0	
3102	15.5100			0	
3103	15.5150			-1	
3104	15.5200			-1	
3105	15.5250			-2	
3106	15.5300			-2	
3107	15.5350			-2	
3108	15.5400			-3	
3109	15.5450			-4	
3110	15.5500			-4	
3111	15.5550			-4	
3112	15.5600			-5	
3113	15.5650			-5	
3114	15.5700			-6	
3115	15.5750			-6	
3116	15.5800			-6	
3117	15.5850			-7	
3118	15.5900			-7	
3119	15.5950			-8	
3120	15.6000			-8	
3121	15.6050			-8	
3122	15.6100			-9	
3123	15.6150			-9	
3124	15.6200			-10	
3125	15.6250			-10	
3126	15.6300			-10	
3127	15.6350			-10	
3128	15.6400			-11	
3129	15.6450			-11	
3130	15.6500			-11	
3131	15.6550			-12	
3132	15.6600			-12	
3133	15.6650			-12	
3134	15.6700			-12	
3135	15.6750			-12	
3136	15.6800			-12	
3137	15.6850			-13	
3138	15.6900			-13	
3139	15.6950			-13	
3140	15.7000			-13	
3141	15.7050			-13	
3142	15.7100			-13	
3143	15.7150			-14	
3144	15.7200			-14	
3145	15.7250			-14	
3146	15.7300			-14	
3147	15.7350			-14	
3148	15.7400			-14	
3149	15.7450			-14	
3150	15.7500			-14	
3151	15.7550			-14	
3152	15.7600			-14	
3153	15.7650			-14	
3154	15.7700			-14	
3155	15.7750			-13	
3156	15.7800			-13	
3157	15.7850			-13	
3158	15.7900			-13	
3159	15.7950			-13	
3160	15.8000			-13	
3161	15.8050			-12	
3162	15.8100			-12	
3163	15.8150			-12	
3164	15.8200			-12	
3165	15.8250			-12	
3166	15.8300			-12	
3167	15.8350			-11	
3168	15.8400			-11	
3169	15.8450			-11	
3170	15.8500			-10	
3171	15.8550			-10	
3172	15.8600			-10	
3173	15.8650			-10	
3174	15.8700			-9	
3175	15.8750			-9	
3176	15.8800			-8	
3177	15.8850			-8	
3178	15.8900			-8	
3179	15.8950			-8	
3180	15.9000			-7	
3181	15.9050			-7	
3182	15.9100			-6	
3183	15.9150			-6	
3184	15.9200			-6	
3185	15.9250			-5	
3186	15.9300			-4	
3187	15.9350			-4	
3188	15.9400			-4	
3189	15.9450			-3	
3190	15.9500			-3	
3191	15.9550			-2	
3192	15.9600			-2	
3193	15.9650			-2	
3194	15.9700			-1	
3195	15.9750			-1	
3196	15.9800			0	
3197	15.9850			0	
3198	15.9900			1	
3199	15.9950			1	
3200	16.0000			2	
3201	16.0050			2	
3202	16.0100			2	
3203	16.0150			3	
3204	16.0200			4	
3205	16.0250			4	
3206	16.0300			4	
3207	16.0350			5	
3208	16.0400			5	
3209	16.0450			6	
3210	16.0500			6	
3211	16.0550			6	
3212	16.0600			7	
3213	16.0650			7	
3214	16.0700			8	
3215	16.0750			8	
3216	16.0800			8	
3217	16.0850			9	
3218	16.0900			9	
3219	16.0950			10	
3220	16.1000			10	
3221	16.1050			10	
3222	16.1100			11	
3223	16.1150			11	
3224	16.1200			11	
3225	16.1250			12	
3226	16.1300			12	
3227	16.1350			12	
3228	16.1400			12	
3229	16.1450			13	
3230	16.1500			13	
3231	16.1550			13	
3232	16.1600			14	
3233	16.1650			14	
3234	16.1700			14	
3235	16.1750			14	
3236	16.1800			14	
3237	16.1850			14	
3238	16.1900			15	
3239	16.1950			15	
3240	16.2000			15	
3241	16.2050			15	
3242	16.2100			15	
3243	16.2150			15	
3244	16.2200			15	
3245	16.2250			16	
3246	16.2300			16	
3247	16.2350			16	
3248	16.2400			16	
3249	16.2450			16	
3250	16.2500			16	
3251	16.2550			16	
3252	16.2600			16	
3253	16.2650			16	
3254	16.2700			15	
3255	16.2750			15	
3256	16.2800			15	
3257	16.2850			15	
3258	16.2900			15	
3259	16.2950			15	
3260	16.3000			15	
3261	16.3050			14	
3262	16.3100			14	
3263	16.3150			14	
3264	16.3200			14	
3265	16.3250			14	
3266	16.3300			14	
3267	16.3350			14	
3268	16.3400			13	
3269	16.3450			13	
3270	16.3500			13	
3271	16.3550			12	
3272	16.3600			12	
3273	16.3650			12	
3274	16.3700			12	
3275	16.3750			11	
3276	16.3800			11	
3277	16.3850			11	
3278	16.3900			10	
3279	16.3950			10	
3280	16.4000			10	
3281	16.4050			9	
3282	16.4100			9	
3283	16.4150			8	
3284	16.4200			8	
3285	16.4250			8	
3286	16.4300			7	
3287	16.4350			7	
3288	16.4400			6	
3289	16.4450			6	
3290	16.4500			6	
3291	16.4550			5	
3292	16.4600			5	
3293	16.4650			4	
3294	16.4700			4	
3295	16.4750			4	
3296	16.4800			3	
3297	16.4850			3	
3298	16.4900			2	
3299	16.4950			2	
3300	16.5000			2	
3301	16.5050			1	
3302	16.5100			1	
3303	16.5150			0	
3304	16.5200			0	
3305	16.5250			-1	
3306	16.5300			-1	
3307	16.5350			-2	
3308	16.5400			-2	
3309	16.5450			-2	
3310	16.5500			-3	
3311	16.5550			-3	
3312	16.5600			-4	
3313	16.5650			-4	
3314	16.5700			-4	
3315	16.5750			-5	
3316	16.5800			-5	
3317	16.5850			-5	
3318	16.5900			-6	
3319	16.5950			-6	
3320	16.6000			-6	
3321	16.6050			-7	
3322	16.6100			-7	
3323	16.6150			-8	
3324	16.6200			-8	
3325	16.6250			-8	
3326	16.6300			-8	
3327	16.6350			-9	
3328	16.6400			-9	
3329	16.6450			-9	
3330	16.6500			-9	
3331	16.6550			-10	
3332	16.6600			-10	
3333	16.6650			-10	
3334	16.6700			-10	
3335	16.6750			-10	
3336	16.6800			-11	
3337	16.6850			-11	
3338	16.6900			-11	
3339	16.6950			-11	
3340	16.7000			-11	
3341	16.7050			-11	
3342	16.7100			-12	
3343	16.7150			-12	
3344	16.7200			-12	
3345	16.7250			-12	
3346	16.7300			-12	
3347	16.7350			-12	
3348	16.7400			-12	
3349	16.7450			-12	
3350	16.7500			-12	
3351	16.7550			-12	
3352	16.7600			-12	
3353	16.7650			-12	
3354	16.7700			-12	
3355	16.7750			-12	
3356	16.7800			-12	
3357	16.7850			-12	
3358	16.7900			-12	
3359	16.7950			-11	
3360	16.8000			-11	
3361	16.8050			-11	
3362	16.8100			-11	
3363	16.8150			-11	
3364	16.8200			-11	
3365	16.8250			-10	
3366	16.8300			-10	
3367	16.8350			-10	
3368	16.8400			-10	
3369	16.8450			-10	
3370	16.8500			-10	
3371	16.8550			-9	
3372	16.8600			-9	
3373	16.8650			-9	
3374	16.8700			-8	
3375	16.8750			-8	
3376	16.8800			-8	
3377	16.8850			-8	
3378	16.8900			-7	
3379	16.8950			-7	
3380	16.9000			-6	
3381	16.9050			-6	
3382	16.9100			-6	
3383	16.9150			-6	
3384	16.9200			-5	
3385	16.9250			-5	
3386	16.9300			-4	
3387	16.9350			-4	
3388	16.9400			-4	
3389	16.9450			-3	
3390	16.9500			-3	
3391	16.9550			-2	
3392	16.9600			-2	
3393	16.9650			-2	
3394	16.9700			-1	
3395	16.9750			-1	
3396	16.9800			0	
3397	16.9850			0	
3398	16.9900			0	
3399	16.9950			1	
3400	17.0000			1	
3401	17.0050			2	
3402	17.0100			2	
3403	17.0150			2	
3404	17.0200			3	
3405	17.0250			3	
3406	17.0300			4	
3407	17.0350			4	
3408	17.0400			4	
3409	17.0450			4	
3410	17.0500			5	
3411	17.0550			5	
3412	17.0600			6	
3413	17.0650			6	
3414	17.0700			6	
3415	17.0750			7	
3416	17.0800			7	
3417	17.0850			8	
3418	17.0900			8	
3419	17.0950			8	
3420	17.1000			8	
3421	17.1050			9	
3422	17.1100			9	
3423	17.1150			10	
3424	17.1200			10	
3425	17.1250			10	
3426	17.1300			10	
3427	17.1350			11	
3428	17.1400			11	
3429	17.1450			11	
3430	17.1500			11	
3431	17.1550			12	
3432	17.1600			12	
3433	17.1650			12	
3434	17.1700			12	
3435	17.1750			12	
3436	17.1800			12	
3437	17.1850			13	
3438	17.1900			13	
3439	17.1950			13	
3440	17.2000			13	
3441	17.2050			13	
3442	17.2100			14	
3443	17.2150			14	
3444	17.2200			14	
3445	17.2250			14	
3446	17.2300			14	
3447	17.2350			14	
3448	17.2400			14	
3449	17.2450			14	
3450	17.2500			14	
3451	17.2550			14	
3452	17.2600			14	
3453	17.2650			14	
3454	17.2700			14	
3455	17.2750			14	
3456	17.2800			14	
3457	17.2850			14	
3458	17.2900			14	
3459	17.2950			14	
3460	17.3000			13	
3461	17.3050			13	
3462	17.3100			13	
3463	17.3150			13	
3464	17.3200			13	
3465	17.3250			13	
3466	17.3300			12	
3467	17.3350			12	
3468	17.3400			12	
3469	17.3450			12	
3470	17.3500			12	
3471	17.3550			12	
3472	17.3600			11	
3473	17.3650			11	
3474	17.3700			11	
3475	17.3750			10	
3476	17.3800			10	
3477	17.3850			10	
3478	17.3900			10	
3479	17.3950			9	
3480	17.4000			9	
3481	17.4050			9	
3482	17.4100			8	
3483	17.4150			8	
3484	17.4200			8	
3485	17.4250			8	
3486	17.4300			7	
3487	17.4350			7	
3488	17.4400			6	
3489	17.4450			6	
3490	17.4500			6	
3491	17.4550			5	
3492	17.4600			5	
3493	17.4650			4	
3494	17.4700			4	
3495	17.4750			4	
3496	17.4800			4	
3497	17.4850			3	
3498	17.4900			3	
3499	17.4950			2	
3500	17.5000			2	
3501	17.5050			2	
3502	17.5100			1	
3503	17.5150			1	
3504	17.5200			0	
3505	17.5250			0	
3506	17.5300			0	
3507	17.5350			-1	
3508	17.5400			-1	
3509	17.5450			-2	
3510	17.5500			-2	
3511	17.5550			-2	
3512	17.5600			-2	
3513	17.5650			-3	
3514	17.5700			-3	
3515	17.5750			-4	
3516	17.5800			-4	
3517	17.5850			-4	
3518	17.5900			-4	
3519	17.5950			-5	
3520	17.6000			-5	
3521	17.6050			-6	
3522	17.6100			-6	
3523	17.6150			-6	
3524	17.6200			-6	
3525	17.6250			-7	
3526	17.6300			-7	
3527	17.6350			-7	
3528	17.6400			-7	
3529	17.6450			-8	
3530	17.6500			-8	
3531	17.6550			-8	
3532	17.6600			-8	
3533	17.6650			-8	
3534	17.6700			-9	
3535	17.6750			-9	
3536	17.6800			-9	
3537	17.6850			-9	
3538	17.6900			-9	
3539	17.6950			-10	
3540	17.7000			-10	
3541	17.7050			-10	
3542	17.7100			-10	
3543	17.7150			-10	
3544	17.7200			-10	
3545	17.7250			-10	
3546	17.7300			-10	
3547	17.7350			-10	
3548	17.7400			-10	
3549	17.7450			-10	
3550	17.7500			-10	
3551	17.7550			-10	
3552	17.7600			-10	
3553	17.7650			-10	
3554	17.7700			-10	
3555	17.7750			-10	
3556	17.7800			-10	
3557	17.7850			-10	
3558	17.7900			-10	
3559	17.7950			-10	
3560	17.8000			-10	
3561	17.8050			-10	
3562	17.8100			-10	
3563	17.8150			-10	
3564	17.8200			-10	
3565	17.8250			-9	
3566	17.8300			-9	
3567	17.8350			-9	
3568	17.8400			-9	
3569	17.8450			-9	
3570	17.8500			-8	
3571	17.8550			-8	
3572	17.8600			-8	
3573	17.8650			-8	
3574	17.8700			-8	
3575	17.8750			-7	
3576	17.8800			-7	
3577	17.8850			-7	
3578	17.8900			-6	
3579	17.8950			-6	
3580	17.9000			-6	
3581	17.9050			-6	
3582	17.9100			-6	
3583	17.9150			-5	
3584	17.9200			-5	
3585	17.9250			-4	
3586	17.9300			-4	
3587	17.9350			-4	
3588	17.9400			-4	
3589	17.9450			-3	
3590	17.9500			-3	
3591	17.9550			-2	
3592	17.9600			-2	
3593	17.9650			-2	
3594	17.9700			-2	
3595	17.9750			-1	
3596	17.9800			-1	
3597	17.9850			0	
3598	17.9900			0	
3599	17.9950			0	
3600	18.0000			0	
3601	18.0050			1	
3602	18.0100			1	
3603	18.0150			2	
3604	18.0200			2	
3605	18.0250			2	
3606	18.0300			3	
3607	18.0350			3	
3608	18.0400			3	
3609	18.0450			4	
3610	18.0500			4	
3611	18.0550			4	
3612	18.0600			5	
3613	18.0650			5	
3614	18.0700			5	
3615	18.0750			6	
3616	18.0800			6	
3617	18.0850			6	
3618	18.0900			7	
3619	18.0950			7	
3620	18.1000			7	
3621	18.1050			8	
3622	18.1100			8	
3623	18.1150			8	
3624	18.1200			8	
3625	18.1250			9	
3626	18.1300			9	
3627	18.1350			9	
3628	18.1400			9	
3629	18.1450			10	
3630	18.1500			10	
3631	18.1550			10	
3632	18.1600			10	
3633	18.1650			10	
3634	18.1700			11	
3635	18.1750			11	
3636	18.1800			11	
3637	18.1850			11	
3638	18.1900			11	
3639	18.1950			12	
3640	18.2000			12	
3641	18.2050			12	
3642	18.2100			12	
3643	18.2150			12	
3644	18.2200			12	
3645	18.2250			12	
3646	18.2300			12	
3647	18.2350			12	
3648	18.2400			12	
3649	18.2450			12	
3650	18.2500			12	
3651	18.2550			12	
3652	18.2600			12	
3653	18.2650			12	
3654	18.2700			12	
3655	18.2750			12	
3656	18.2800			12	
3657	18.2850			12	
3658	18.2900			12	
3659	18.2950			12	
3660	18.3000			12	
3661	18.3050			12	
3662	18.3100			12	
3663	18.3150			12	
3664	18.3200			12	
3665	18.3250			12	
3666	18.3300			11	
3667	18.3350			11	
3668	18.3400			11	
3669	18.3450			11	
3670	18.3500			11	
3671	18.3550			10	
3672	18.3600			10	
3673	18.3650			10	
3674	18.3700			10	
3675	18.3750			10	
3676	18.3800			10	
3677	18.3850			9	
3678	18.3900			9	
3679	18.3950			9	
3680	18.4000			8	
3681	18.4050			8	
3682	18.4100			8	
3683	18.4150			8	
3684	18.4200			7	
3685	18.4250			7	
3686	18.4300			7	
3687	18.4350			6	
3688	18.4400			6	
3689	18.4450			6	
3690	18.4500			6	
3691	18.4550			5	
3692	18.4600			5	
3693	18.4650			4	
3694	18.4700			4	
3695	18.4750			4	
3696	18.4800			4	
3697	18.4850			3	
3698	18.4900			3	
3699	18.4950			3	
3700	18.5000			2	
3701	18.5050			2	
3702	18.5100			2	
3703	18.5150			1	
3704	18.5200			1	
3705	18.5250			1	
3706	18.5300			0	
3707	18.5350			0	
3708	18.5400			0	
3709	18.5450			-1	
3710	18.5500			-1	
3711	18.5550			-1	
3712	18.5600			-2	
3713	18.5650			-2	
3714	18.5700			-2	
3715	18.5750			-2	
3716	18.5800			-3	
3717	18.5850			-3	
3718	18.5900			-4	
3719	18.5950			-4	
3720	18.6000			-4	
3721	18.6050			-4	
3722	18.6100			-4	
3723	18.6150			-5	
3724	18.6200			-5	
3725	18.6250			-5	
3726	18.6300			-6	
3727	18.6350			-6	
3728	18.6400			-6	
3729	18.6450			-6	
3730	18.6500			-6	
3731	18.6550			-7	
3732	18.6600			-7	
3733	18.6650			-7	
3734	18.6700			-7	
3735	18.6750			-8	
3736	18.6800			-8	
3737	18.6850			-8	
3738	18.6900			-8	
3739	18.6950			-8	
3740	18.7000			-8	
3741	18.7050			-8	
3742	18.7100			-8	
3743	18.7150			-8	
3744	18.7200			-9	
3745	18.7250			-9	
3746	18.7300			-9	
3747	18.7350			-9	
3748	18.7400			-9	
3749	18.7450			-9	
3750	18.7500			-9	
3751	18.7550			-9	
3752	18.7600			-9	
3753	18.7650			-9	
3754	18.7700			-9	
3755	18.7750			-9	
3756	18.7800			-9	
3757	18.7850			-9	
3758	18.7900			-9	
3759	18.7950			-9	
3760	18.8000			-9	
3761	18.8050			-9	
3762	18.8100			-8	
3763	18.8150			-8	
3764	18.8200			-8	
3765	18.8250			-8	
3766	18.8300			-8	
3767	18.8350			-8	
3768	18.8400			-8	
3769	18.8450			-8	
3770	18.8500			-8	
3771	18.8550			-7	
3772	18.8600			-7	
3773	18.8650			-7	
3774	18.8700			-7	
3775	18.8750			-6	
3776	18.8800			-6	
3777	18.8850			-6	
3778	18.8900			-6	
3779	18.8950			-6	
3780	18.9000			-6	
3781	18.9050			-5	
3782	18.9100			-5	
3783	18.9150			-5	
3784	18.9200			-4	
3785	18.9250			-4	
3786	18.9300			-4	
3787	18.9350			-4	
3788	18.9400			-3	
3789	18.9450			-3	
3790	18.9500			-3	
3791	18.9550			-2	
3792	18.9600			-2	
3793	18.9650			-2	
3794	18.9700			-2	
3795	18.9750			-1	
3796	18.9800			-1	
3797	18.9850			-1	
3798	18.9900			0	
3799	18.9950			0	
3800	19.0000			0	
3801	19.0050			1	
3802	19.0100			1	
3803	19.0150			1	
3804	19.0200			2	
3805	19.0250			2	
3806	19.0300			2	
3807	19.0350			2	
3808	19.0400			3	
3809	19.0450			3	
3810	19.0500			4	
3811	19.0550			4	
3812	19.0600			4	
3813	19.0650			4	
3814	19.0700			4	
3815	19.0750			5	
3816	19.0800			5	
3817	19.0850			6	
3818	19.0900			6	
3819	19.0950			6	
3820	19.1000			6	
3821	19.1050			6	
3822	19.1100			7	
3823	19.1150			7	
3824	19.1200			7	
3825	19.1250			8	
3826	19.1300			8	
3827	19.1350			8	
3828	19.1400			8	
3829	19.1450			8	
3830	19.1500			9	
3831	19.1550			9	
3832	19.1600			9	
3833	19.1650			9	
3834	19.1700			10	
3835	19.1750			10	
3836	19.1800			10	
3837	19.1850			10	
3838	19.1900			10	
3839	19.1950			10	
3840	19.2000			10	
3841	19.2050			10	
3842	19.2100			10	
3843	19.2150			11	
3844	19.2200			11	
3845	19.2250			11	
3846	19.2300			11	
3847	19.2350			11	
3848	19.2400			11	
3849	19.2450			11	
3850	19.2500			11	
3851	19.2550			11	
3852	19.2600			11	
3853	19.2650			11	
3854	19.2700			11	
3855	19.2750			11	
3856	19.2800			11	
3857	19.2850			11	
3858	19.2900			11	
3859	19.2950			11	
3860	19.3000			11	
3861	19.3050			11	
3862	19.3100			11	
3863	19.3150			11	
3864	19.3200			11	
3865	19.3250			10	
3866	19.3300			10	
3867	19.3350			10	
3868	19.3400			10	
3869	19.3450			10	
3870	19.3500			10	
3871	19.3550			10	
3872	19.3600			10	
3873	19.3650			9	
3874	19.3700			9	
3875	19.3750			9	
3876	19.3800			9	
3877	19.3850			9	
3878	19.3900			8	
3879	19.3950			8	
3880	19.4000			8	
3881	19.4050			8	
3882	19.4100			8	
3883	19.4150			7	
3884	19.4200			7	
3885	19.4250			7	
3886	19.4300			6	
3887	19.4350			6	
3888	19.4400			6	
3889	19.4450			6	
3890	19.4500			6	
3891	19.4550			5	
3892	19.4600			5	
3893	19.4650			5	
3894	19.4700			4	
3895	19.4750			4	
3896	19.4800			4	
3897	19.4850			4	
3898	19.4900			3	
3899	19.4950			3	
3900	19.5000			3	
3901	19.5050			2	
3902	19.5100			2	
3903	19.5150			2	
3904	19.5200			2	
3905	19.5250			1	
3906	19.5300			1	
3907	19.5350			0	
3908	19.5400			0	
3909	19.5450			0	
3910	19.5500			0	
3911	19.5550			-1	
3912	19.5600			-1	
3913	19.5650			-1	
3914	19.5700			-2	
3915	19.5750			-2	
3916	19.5800			-2	
3917	19.5850			-2	
3918	19.5900			-2	
3919	19.5950			-3	
3920	19.6000			-3	
3921	19.6050			-3	
3922	19.6100			-4	
3923	19.6150			-4	
3924	19.6200			-4	
3925	19.6250			-4	
3926	19.6300			-4	
3927	19.6350			-5	
3928	19.6400			-5	
3929	19.6450			-5	
3930	19.6500			-5	
3931	19.6550			-6	
3932	19.6600			-6	
3933	19.6650			-6	
3934	19.6700			-6	
3935	19.6750			-6	
3936	19.6800			-6	
3937	19.6850			-6	
3938	19.6900			-7	
3939	19.6950			-7	
3940	19.7000			-7	
3941	19.7050			-7	
3942	19.7100			-7	
3943	19.7150			-7	
3944	19.7200			-7	
3945	19.7250			-8	
3946	19.7300			-8	
3947	19.7350			-8	
3948	19.7400			-8	
3949	19.7450			-8	
3950	19.7500			-8	
3951	19.7550			-8	
3952	19.7600			-8	
3953	19.7650			-8	
3954	19.7700			-8	
3955	19.7750			-8	
3956	19.7800			-8	
3957	19.7850			-8	
3958	19.7900			-8	
3959	19.7950			-8	
3960	19.8000			-8	
3961	19.8050			-8	
3962	19.8100			-8	
3963	19.8150			-8	
3964	19.8200			-7	
3965	19.8250			-7	
3966	19.8300			-7	
3967	19.8350			-7	
3968	19.8400			-7	
3969	19.8450			-7	
3970	19.8500			-7	
3971	19.8550			-6	
3972	19.8600			-6	
3973	19.8650			-6	
3974	19.8700			-6	
3975	19.8750			-6	
3976	19.8800			-6	
3977	19.8850			-6	
3978	19.8900			-6	
3979	19.8950			-5	
3980	19.9000			-5	
3981	19.9050			-5	
3982	19.9100			-4	
3983	19.9150			-4	
3984	19.9200			-4	
3985	19.9250			-4	
3986	19.9300			-4	
3987	19.9350			-4	
3988	19.9400			-3	
3989	19.9450			-3	
3990	19.9500			-3	
3991	19.9550			-2	
3992	19.9600			-2	
3993	19.9650			-2	
3994	19.9700			-2	
3995	19.9750			-2	
3996	19.9800			-1	
3997	19.9850			-1	
3998	19.9900			0	
3999	19.9950			0	
4000	20.0000			0	
4001	20.0050			0	
4002	20.0100			0	
4003	20.0150			1	
4004	20.0200			1	
4005	20.0250			1	
4006	20.0300			2	
4007	20.0350			2	
4008	20.0400			2	
4009	20.0450			2	
4010	20.0500			3	
4011	20.0550			3	
4012	20.0600			3	
4013	20.0650			4	
4014	20.0700			4	
4015	20.0750			4	
4016	20.0800			4	
4017	20.0850			4	
4018	20.0900			5	
4019	20.0950			5	
4020	20.1000			5	
4021	20.1050			6	
4022	20.1100			6	
4023	20.1150			6	
4024	20.1200			6	
4025	20.1250			6	
4026	20.1300			7	
4027	20.1350			7	
4028	20.1400			7	
4029	20.1450			7	
4030	20.1500			8	
4031	20.1550			8	
4032	20.1600			8	
4033	20.1650			8	
4034	20.1700			8	
4035	20.1750			8	
4036	20.1800			8	
4037	20.1850			9	
4038	20.1900			9	
4039	20.1950			9	
4040	20.2000			9	
4041	20.2050			9	
4042	20.2100			9	
4043	20.2150			10	
4044	20.2200			10	
4045	20.2250			10	
4046	20.2300			10	
4047	20.2350			10	
4048	20.2400			10	
4049	20.2450			10	
4050	20.2500			10	
4051	20.2550			10	
4052	20.2600			10	
4053	20.2650			10	
4054	20.2700			10	
4055	20.2750			10	
4056	20.2800			10	
4057	20.2850			10	
4058	20.2900			10	
4059	20.2950			10	
4060	20.3000			10	
4061	20.3050			10	
4062	20.3100			10	
4063	20.3150			10	
4064	20.3200			10	
4065	20.3250			10	
4066	20.3300			10	
4067	20.3350			10	
4068	20.3400			9	
4069	20.3450			9	
4070	20.3500			9	
4071	20.3550			9	
4072	20.3600			9	
4073	20.3650			9	
4074	20.3700			8	
4075	20.3750			8	
4076	20.3800			8	
4077	20.3850			8	
4078	20.3900			8	
4079	20.3950			8	
4080	20.4000			8	
4081	20.4050			7	
4082	20.4100			7	
4083	20.4150			7	
4084	20.4200			7	
4085	20.4250			6	
4086	20.4300			6	
4087	20.4350			6	
4088	20.4400			6	
4089	20.4450			6	
4090	20.4500			5	
4091	20.4550			5	
4092	20.4600			5	
4093	20.4650			5	
4094	20.4700			4	
4095	20.4750			4	
4096	20.4800			4	
4097	20.4850			4	
4098	20.4900			4	
4099	20.4950			3	
4100	20.5000			3	
4101	20.5050			3	
4102	20.5100			2	
4103	20.5150			2	
4104	20.5200			2	
4105	20.5250			2	
4106	20.5300			1	
4107	20.5350			1	
4108	20.5400			1	
4109	20.5450			0	
4110	20.5500			0	
4111	20.5550			0	
4112	20.5600			0	
4113	20.5650			0	
4114	20.5700			-1	
4115	20.5750			-1	
4116	20.5800			-1	
4117	20.5850			-2	
4118	20.5900			-2	
4119	20.5950			-2	
4120	20.6000			-2	
4121	20.6050			-2	
4122	20.6100			-2	
4123	20.6150			-3	
4124	20.6200			-3	
4125	20.6250			-3	
4126	20.6300			-4	
4127	20.6350			-4	
4128	20.6400			-4	
4129	20.6450			-4	
4130	20.6500			-4	
4131	20.6550			-4	
4132	20.6600			-4	
4133	20.6650			-5	
4134	20.6700			-5	
4135	20.6750			-5	
4136	20.6800			-5	
4137	20.6850			-5	
4138	20.6900			-6	
4139	20.6950			-6	
4140	20.7000			-6	
4141	20.7050			-6	
4142	20.7100			-6	
4143	20.7150			-6	
4144	20.7200			-6	
4145	20.7250			-6	
4146	20.7300			-6	
4147	20.7350			-6	
4148	20.7400			-6	
4149	20.7450			-6	
4150	20.7500			-6	
4151	20.7550			-6	
4152	20.7600			-7	
4153	20.7650			-7	
4154	20.7700			-7	
4155	20.7750			-7	
4156	20.7800			-7	
4157	20.7850			-7	
4158	20.7900			-7	
4159	20.7950			-7	
4160	20.8000			-6	
4161	20.8050			-6	
4162	20.8100			-6	
4163	20.8150			-6	
4164	20.8200			-6	
4165	20.8250			-6	
4166	20.8300			-6	
4167	20.8350			-6	
4168	20.8400			-6	
4169	20.8450			-6	
4170	20.8500			-6	
4171	20.8550			-6	
4172	20.8600			-6	
4173	20.8650			-6	
4174	20.8700			-5	
4175	20.8750			-5	
4176	20.8800			-5	
4177	20.8850			-5	
4178	20.8900			-5	
4179	20.8950			-5	
4180	20.9000			-4	
4181	20.9050			-4	
4182	20.9100			-4	
4183	20.9150			-4	
4184	20.9200			-4	
4185	20.9250			-4	
4186	20.9300			-3	
4187	20.9350			-3	
4188	20.9400			-3	
4189	20.9450			-3	
4190	20.9500			-2	
4191	20.9550			-2	
4192	20.9600			-2	
4193	20.9650			-2	
4194	20.9700			-2	
4195	20.9750			-2	
4196	20.9800			-1	
4197	20.9850			-1	
4198	20.9900			-1	
4199	20.9950			0	
4200	21.0000			0	
4201	21.0050			0	
4202	21.0100			0	
4203	21.0150			0	
4204	21.0200			1	
4205	21.0250			1	
4206	21.0300			1	
4207	21.0350			2	
4208	21.0400			2	
4209	21.0450			2	
4210	21.0500			2	
4211	21.0550			2	
4212	21.0600			3	
4213	21.0650			3	
4214	21.0700			3	
4215	21.0750			4	
4216	21.0800			4	
4217	21.0850			4	
4218	21.0900			4	
4219	21.0950			4	
4220	21.1000			4	
4221	21.1050			5	
4222	21.1100			5	
4223	21.1150			5	
4224	21.1200			5	
4225	21.1250			6	
4226	21.1300			6	
4227	21.1350			6	
4228	21.1400			6	
4229	21.1450			6	
4230	21.1500			6	
4231	21.1550			7	
4232	21.1600			7	
4233	21.1650			7	
4234	21.1700			7	
4235	21.1750			7	
4236	21.1800			8	
4237	21.1850			8	
4238	21.1900			8	
4239	21.1950			8	
4240	21.2000			8	
4241	21.2050			8	
4242	21.2100			8	
4243	21.2150			8	
4244	21.2200			8	
4245	21.2250			8	
4246	21.2300			8	
4247	21.2350			8	
4248	21.2400			9	
4249	21.2450			9	
4250	21.2500			9	
4251	21.2550			9	
4252	21.2600			9	
4253	21.2650			9	
4254	21.2700			9	
4255	21.2750			9	
4256	21.2800			9	
4257	21.2850			9	
4258	21.2900			9	
4259	21.2950			9	
4260	21.3000			9	
4261	21.3050			9	
4262	21.3100			9	
4263	21.3150			9	
4264	21.3200			9	
4265	21.3250			8	
4266	21.3300			8	
4267	21.3350			8	
4268	21.3400			8	
4269	21.3450			8	
4270	21.3500			8	
4271	21.3550			8	
4272	21.3600			8	
4273	21.3650			8	
4274	21.3700			8	
4275	21.3750			8	
4276	21.3800			8	
4277	21.3850			7	
4278	21.3900			7	
4279	21.3950			7	
4280	21.4000			7	
4281	21.4050			7	
4282	21.4100			6	
4283	21.4150			6	
4284	21.4200			6	
4285	21.4250			6	
4286	21.4300			6	
4287	21.4350			6	
4288	21.4400			6	
4289	21.4450			5	
4290	21.4500			5	
4291	21.4550			5	
4292	21.4600			5	
4293	21.4650			4	
4294	21.4700			4	
4295	21.4750			4	
4296	21.4800			4	
4297	21.4850			4	
4298	21.4900			3	
4299	21.4950			3	
4300	21.5000			3	
4301	21.5050			3	
4302	21.5100			2	
4303	21.5150			2	
4304	21.5200			2	
4305	21.5250			2	
4306	21.5300			2	
4307	21.5350			1	
4308	21.5400			1	
4309	21.5450			1	
4310	21.5500			1	
4311	21.5550			0	
4312	21.5600			0	
4313	21.5650			0	
4314	21.5700			0	
4315	21.5750			0	
4316	21.5800			-1	
4317	21.5850			-1	
4318	21.5900			-1	
4319	21.5950			-1	
4320	21.6000			-2	
4321	21.6050			-2	
4322	21.6100			-2	
4323	21.6150			-2	
4324	21.6200			-2	
4325	21.6250			-2	
4326	21.6300			-3	
4327	21.6350			-3	
4328	21.6400			-3	
4329	21.6450			-3	
4330	21.6500			-3	
4331	21.6550			-4	
4332	21.6600			-4	
4333	21.6650			-4	
4334	21.6700			-4	
4335	21.6750			-4	
4336	21.6800			-4	
4337	21.6850			-4	
4338	21.6900			-4	
4339	21.6950			-4	
4340	21.7000			-5	
4341	21.7050			-5	
4342	21.7100			-5	
4343	21.7150			-5	
4344	21.7200			-5	
4345	21.7250			-5	
4346	21.7300			-5	
4347	21.7350			-5	
4348	21.7400			-5	
4349	21.7450			-6	
4350	21.7500			-6	
4351	21.7550			-6	
4352	21.7600			-6	
4353	21.7650			-6	
4354	21.7700			-6	
4355	21.7750			-6	
4356	21.7800			-6	
4357	21.7850			-6	
4358	21.7900			-6	
4359	21.7950			-6	
4360	21.8000			-6	
4361	21.8050			-6	
4362	21.8100			-6	
4363	21.8150			-6	
4364	21.8200			-6	
4365	21.8250			-5	
4366	21.8300			-5	
4367	21.8350			-5	
4368	21.8400			-5	
4369	21.8450			-5	
4370	21.8500			-5	
4371	21.8550			-5	
4372	21.8600			-5	
4373	21.8650			-5	
4374	21.8700			-4	
4375	21.8750			-4	
4376	21.8800			-4	
4377	21.8850			-4	
4378	21.8900			-4	
4379	21.8950			-4	
4380	21.9000			-4	
4381	21.9050			-4	
4382	21.9100			-4	
4383	21.9150			-3	
4384	21.9200			-3	
4385	21.9250			-3	
4386	21.9300			-3	
4387	21.9350			-3	
4388	21.9400			-2	
4389	21.9450			-2	
4390	21.9500			-2	
4391	21.9550			-2	
4392	21.9600			-2	
4393	21.9650			-2	
4394	21.9700			-2	
4395	21.9750			-1	
4396	21.9800			-1	
4397	21.9850			-1	
4398	21.9900			0	
4399	21.9950			0	
4400	22.0000			0	
4401	22.0050			0	
4402	22.0100			0	
4403	22.0150			0	
4404	22.0200			1	
4405	22.0250			1	
4406	22.0300			1	
4407	22.0350			1	
4408	22.0400			2	
4409	22.0450			2	
4410	22.0500			2	
4411	22.0550			2	
4412	22.0600			2	
4413	22.0650			2	
4414	22.0700			3	
4415	22.0750			3	
4416	22.0800			3	
4417	22.0850			4	
4418	22.0900			4	
4419	22.0950			4	
4420	22.1000			4	
4421	22.1050			4	
4422	22.1100			4	
4423	22.1150			4	
4424	22.1200			5	
4425	22.1250			5	
4426	22.1300			5	
4427	22.1350			5	
4428	22.1400			6	
4429	22.1450			6	
4430	22.1500			6	
4431	22.1550			6	
4432	22.1600			6	
4433	22.1650			6	
4434	22.1700			6	
4435	22.1750			6	
4436	22.1800			6	
4437	22.1850			7	
4438	22.1900			7	
4439	22.1950			7	
4440	22.2000			7	
4441	22.2050			7	
4442	22.2100			7	
4443	22.2150			7	
4444	22.2200			8	
4445	22.2250			8	
4446	22.2300			8	
4447	22.2350			8	
4448	22.2400			8	
4449	22.2450			8	
4450	22.2500			8	
4451	22.2550			8	
4452	22.2600			8	
4453	22.2650			8	
4454	22.2700			8	
4455	22.2750			8	
4456	22.2800			8	
4457	22.2850			8	
4458	22.2900			8	
4459	22.2950			8	
4460	22.3000			8	
4461	22.3050			8	
4462	22.3100			8	
4463	22.3150			8	
4464	22.3200			8	
4465	22.3250			8	
4466	22.3300			8	
4467	22.3350			8	
4468	22.3400			8	
4469	22.3450			8	
4470	22.3500			8	
4471	22.3550			7	
4472	22.3600			7	
4473	22.3650			7	
4474	22.3700			7	
4475	22.3750			7	
4476	22.3800			7	
4477	22.3850			7	
4478	22.3900			7	
4479	22.3950			6	
4480	22.4000			6	
4481	22.4050			6	
4482	22.4100			6	
4483	22.4150			6	
4484	22.4200			6	
4485	22.4250			6	
4486	22.4300			6	
4487	22.4350			5	
4488	22.4400			5	
4489	22.4450			5	
4490	22.4500			5	
4491	22.4550			4	
4492	22.4600			4	
4493	22.4650			4	
4494	22.4700			4	
4495	22.4750			4	
4496	22.4800			4	
4497	22.4850			4	
4498	22.4900			3	
4499	22.4950			3	
4500	22.5000			3	
4501	22.5050			3	
4502	22.5100			2	
4503	22.5150			2	
4504	22.5200			2	
4505	22.5250			2	
4506	22.5300			2	
4507	22.5350			2	
4508	22.5400			1	
4509	22.5450			1	
4510	22.5500			1	
4511	22.5550			1	
4512	22.5600			0	
4513	22.5650			0	
4514	22.5700			0	
4515	22.5750			0	
4516	22.5800			0	
4517	22.5850			0	
4518	22.5900			-1	
4519	22.5950			-1	
4520	22.6000			-1	
4521	22.6050			-1	
4522	22.6100			-1	
4523	22.6150			-2	
4524	22.6200			-2	
4525	22.6250			-2	
4526	22.6300			-2	
4527	22.6350			-2	
4528	22.6400			-2	
4529	22.6450			-2	
4530	22.6500			-3	
4531	22.6550			-3	
4532	22.6600			-3	
4533	22.6650			-3	
4534	22.6700			-3	
4535	22.6750			-3	
4536	22.6800			-4	
4537	22.6850			-4	
4538	22.6900			-4	
4539	22.6950			-4	
4540	22.7000			-4	
4541	22.7050			-4	
4542	22.7100			-4	
4543	22.7150			-4	
4544	22.7200			-4	
4545	22.7250			-4	
4546	22.7300			-4	
4547	22.7350			-4	
4548	22.7400			-4	
4549	22.7450			-4	
4550	22.7500			-5	
4551	22.7550			-5	
4552	22.7600			-5	
4553	22.7650			-5	
4554	22.7700			-5	
4555	22.7750			-5	
4556	22.7800			-5	
4557	22.7850			-5	
4558	22.7900			-5	
4559	22.7950			-5	
4560	22.8000			-5	
4561	22.8050			-5	
4562	22.8100			-5	
4563	22.8150			-5	
4564	22.8200			-5	
4565	22.8250			-5	
4566	22.8300			-4	
4567	22.8350			-4	
4568	22.8400			-4	
4569	22.8450			-4	
4570	22.8500			-4	
4571	22.8550			-4	
4572	22.8600			-4	
4573	22.8650			-4	
4574	22.8700			-4	
4575	22.8750			-4	
4576	22.8800			-4	
4577	22.8850			-4	
4578	22.8900			-4	
4579	22.8950			-4	
4580	22.9000			-3	
4581	22.9050			-3	
4582	22.9100			-3	
4583	22.9150			-3	
4584	22.9200			-3	
4585	22.9250			-3	
4586	22.9300			-2	
4587	22.9350			-2	
4588	22.9400			-2	
4589	22.9450			-2	
4590	22.9500			-2	
4591	22.9550			-2	
4592	22.9600			-2	
4593	22.9650			-2	
4594	22.9700			-1	
4595	22.9750			-1	
4596	22.9800			-1	
4597	22.9850			-1	
4598	22.9900			0	
4599	22.9950			0	
4600	23.0000			0	
4601	23.0050			0	
4602	23.0100			0	
4603	23.0150			0	
4604	23.0200			1	
4605	23.0250			1	
4606	23.0300			1	
4607	23.0350			1	
4608	23.0400			1	
4609	23.0450			2	
4610	23.0500			2	
4611	23.0550			2	
4612	23.0600			2	
4613	23.0650			2	
4614	23.0700			2	
4615	23.0750			3	
4616	23.0800			3	
4617	23.0850			3	
4618	23.0900			3	
4619	23.0950			4	
4620	23.1000			4	
4621	23.1050			4	
4622	23.1100			4	
4623	23.1150			4	
4624	23.1200			4	
4625	23.1250			4	
4626	23.1300			4	
4627	23.1350			5	
4628	23.1400			5	
4629	23.1450			5	
4630	23.1500			5	
4631	23.1550			5	
4632	23.1600			6	
4633	23.1650			6	
4634	23.1700			6	
4635	23.1750			6	
4636	23.1800			6	
4637	23.1850			6	
4638	23.1900			6	
4639	23.1950			6	
4640	23.2000			6	
4641	23.2050			6	
4642	23.2100			6	
4643	23.2150			7	
4644	23.2200			7	
4645	23.2250			7	
4646	23.2300			7	
4647	23.2350			7	
4648	23.2400			7	
4649	23.2450			7	
4650	23.2500			7	
4651	23.2550			7	
4652	23.2600			7	
4653	23.2650			7	
4654	23.2700			7	
4655	23.2750			7	
4656	23.2800			7	
4657	23.2850			7	
4658	23.2900			7	
4659	23.2950			7	
4660	23.3000			7	
4661	23.3050			7	
4662	23.3100			7	
4663	23.3150			7	
4664	23.3200			7	
4665	23.3250			7	
4666	23.3300			7	
4667	23.3350			7	
4668	23.3400			7	
4669	23.3450			7	
4670	23.3500			7	
4671	23.3550			7	
4672	23.3600			7	
4673	23.3650			6	
4674	23.3700			6	
4675	23.3750			6	
4676	23.3800			6	
4677	23.3850			6	
4678	23.3900			6	
4679	23.3950			6	
4680	23.4000			6	
4681	23.4050			6	
4682	23.4100			6	
4683	23.4150			6	
4684	23.4200			5	
4685	23.4250			5	
4686	23.4300			5	
4687	23.4350			5	
4688	23.4400			5	
4689	23.4450			5	
4690	23.4500			4	
4691	23.4550			4	
4692	23.4600			4	
4693	23.4650			4	
4694	23.4700			4	
4695	23.4750			4	
4696	23.4800			4	
4697	23.4850			3	
4698	23.4900			3	
4699	23.4950			3	
4700	23.5000			3	
4701	23.5050			3	
4702	23.5100			2	
4703	23.5150			2	
4704	23.5200			2	
4705	23.5250			2	
4706	23.5300			2	
4707	23.5350			2	
4708	23.5400			2	
4709	23.5450			1	
4710	23.5500			1	
4711	23.5550			1	
4712	23.5600			1	
4713	23.5650			0	
4714	23.5700			0	
4715	23.5750			0	
4716	23.5800			0	
4717	23.5850			0	
4718	23.5900			0	
4719	23.5950			0	
4720	23.6000			-1	
4721	23.6050			-1	
4722	23.6100			-1	
4723	23.6150			-1	
4724	23.6200			-1	
4725	23.6250			-2	
4726	23.6300			-2	
4727	23.6350			-2	
4728	23.6400			-2	
4729	23.6450			-2	
4730	23.6500			-2	
4731	23.6550			-2	
4732	23.6600			-2	
4733	23.6650			-2	
4734	23.6700			-3	
4735	23.6750			-3	
4736	23.6800			-3	
4737	23.6850			-3	
4738	23.6900			-3	
4739	23.6950			-3	
4740	23.7000			-3	
4741	23.7050			-4	
4742	23.7100			-4	
4743	23.7150			-4	
4744	23.7200			-4	
4745	23.7250			-4	
4746	23.7300			-4	
4747	23.7350			-4	
4748	23.7400			-4	
4749	23.7450			-4	
4750	23.7500			-4	
4751	23.7550			-4	
4752	23.7600			-4	
4753	23.7650			-4	
4754	23.7700			-4	
4755	23.7750			-4	
4756	23.7800			-4	
4757	23.7850			-4	
4758	23.7900			-4	
4759	23.7950			-4	
4760	23.8000			-4	
4761	23.8050			-4	
4762	23.8100			-4	
4763	23.8150			-4	
4764	23.8200			-4	
4765	23.8250			-4	
4766	23.8300			-4	
4767	23.8350			-4	
4768	23.8400			-4	
4769	23.8450			-4	
4770	23.8500			-4	
4771	23.8550			-4	
4772	23.8600			-4	
4773	23.8650			-4	
4774	23.8700			-4	
4775	23.8750			-4	
4776	23.8800			-3	
4777	23.8850			-3	
4778	23.8900			-3	
4779	23.8950			-3	
4780	23.9000			-3	
4781	23.9050			-3	
4782	23.9100			-3	
4783	23.9150			-2	
4784	23.9200			-2	
4785	23.9250			-2	
4786	23.9300			-2	
4787	23.9350			-2	
4788	23.9400			-2	
4789	23.9450			-2	
4790	23.9500			-2	
4791	23.9550			-2	
4792	23.9600			-1	
4793	23.9650			-1	
4794	23.9700			-1	
4795	23.9750			-1	
4796	23.9800			-1	
4797	23.9850			0	
4798	23.9900			0	
4799	23.9950			0	
4800	24.0000			0	
4801	24.0050			0	
4802	24.0100			0	
4803	24.0150			0	
4804	24.0200			0	
4805	24.0250			1	
4806	24.0300			1	
4807	24.0350			1	
4808	24.0400			1	
4809	24.0450			2	
4810	24.0500			2	
4811	24.0550			2	
4812	24.0600			2	
4813	24.0650			2	
4814	24.0700			2	
4815	24.0750			2	
4816	24.0800			2	
4817	24.0850			3	
4818	24.0900			3	
4819	24.0950			3	
4820	24.1000			3	
4821	24.1050			4	
4822	24.1100			4	
4823	24.1150			4	
4824	24.1200			4	
4825	24.1250			4	
4826	24.1300			4	
4827	24.1350			4	
4828	24.1400			4	
4829	24.1450			4	
4830	24.1500			5	
4831	24.1550			5	
4832	24.1600			5	
4833	24.1650			5	
4834	24.1700			5	
4835	24.1750			5	
4836	24.1800			5	
4837	24.1850			6	
4838	24.1900			6	
4839	24.1950			6	
4840	24.2000			6	
4841	24.2050			6	
4842	24.2100			6	
4843	24.2150			6	
4844	24.2200			6	
4845	24.2250			6	
4846	24.2300			6	
4847	24.2350			6	
4848	24.2400			6	
4849	24.2450			6	
4850	24.2500			6	
4851	24.2550			6	
4852	24.2600			6	
4853	24.2650			6	
4854	24.2700			6	
4855	24.2750			6	
4856	24.2800			6	
4857	24.2850			6	
4858	24.2900			6	
4859	24.2950			6	
4860	24.3000			6	
4861	24.3050			6	
4862	24.3100			6	
4863	24.3150			6	
4864	24.3200			6	
4865	24.3250			6	
4866	24.3300			6	
4867	24.3350			6	
4868	24.3400			6	
4869	24.3450			6	
4870	24.3500			6	
4871	24.3550			6	
4872	24.3600			6	
4873	24.3650			6	
4874	24.3700			6	
4875	24.3750			6	
4876	24.3800			6	
4877	24.3850			6	
4878	24.3900			6	
4879	24.3950			6	
4880	24.4000			6	
4881	24.4050			5	
4882	24.4100			5	
4883	24.4150			5	
4884	24.4200			5	
4885	24.4250			5	
4886	24.4300			5	
4887	24.4350			4	
4888	24.4400			4	
4889	24.4450			4	
4890	24.4500			4	
4891	24.4550			4	
4892	24.4600			4	
4893	24.4650			4	
4894	24.4700			4	
4895	24.4750			4	
4896	24.4800			3	
4897	24.4850			3	
4898	24.4900			3	
4899	24.4950			3	
4900	24.5000			3	
4901	24.5050			2	
4902	24.5100			2	
4903	24.5150			2	
4904	24.5200			2	
4905	24.5250			2	
4906	24.5300			2	
4907	24.5350			2	
4908	24.5400			2	
4909	24.5450			1	
4910	24.5500			1	
4911	24.5550			1	
4912	24.5600			1	
4913	24.5650			1	
4914	24.5700			0	
4915	24.5750			0	
4916	24.5800			0	
4917	24.5850			0	
4918	24.5900			0	
4919	24.5950			0	
4920	24.6000			0	
4921	24.6050			0	
4922	24.6100			-1	
4923	24.6150			-1	
4924	24.6200			-1	
4925	24.6250			-1	
4926	24.6300			-1	
4927	24.6350			-1	
4928	24.6400			-2	
4929	24.6450			-2	
4930	24.6500			-2	
4931	24.6550			-2	
4932	24.6600			-2	
4933	24.6650			-2	
4934	24.6700			-2	
4935	24.6750			-2	
4936	24.6800			-2	
4937	24.6850			-2	
4938	24.6900			-2	
4939	24.6950			-3	
4940	24.7000			-3	
4941	24.7050			-3	
4942	24.7100			-3	
4943	24.7150			-3	
4944	24.7200			-3	
4945	24.7250			-3	
4946	24.7300			-3	
4947	24.7350			-3	
4948	24.7400			-3	
4949	24.7450			-3	
4950	24.7500			-3	
4951	24.7550			-3	
4952	24.7600			-4	
4953	24.7650			-4	
4954	24.7700			-4	
4955	24.7750			-4	
4956	24.7800			-4	
4957	24.7850			-4	
4958	24.7900			-4	
4959	24.7950			-4	
4960	24.8000			-4	
4961	24.8050			-4	
4962	24.8100			-4	
4963	24.8150			-4	
4964	24.8200			-4	
4965	24.8250			-4	
4966	24.8300			-3	
4967	24.8350			-3	
4968	24.8400			-3	
4969	24.8450			-3	
4970	24.8500			-3	
4971	24.8550			-3	
4972	24.8600			-3	
4973	24.8650			-3	
4974	24.8700			-3	
4975	24.8750			-3	
4976	24.8800			-3	
4977	24.8850			-3	
4978	24.8900			-3	
4979	24.8950			-2	
4980	24.9000			-2	
4981	24.9050			-2	
4982	24.9100			-2	
4983	24.9150			-2	
4984	24.9200			-2	
4985	24.9250			-2	
4986	24.9300			-2	
4987	24.9350			-2	
4988	24.9400			-2	
4989	24.9450			-2	
4990	24.9500			-1	
4991	24.9550			-1	
4992	24.9600			-1	
4993	24.9650			-1	
4994	24.9700			-1	
4995	24.9750			-1	
4996	24.9800			0	
4997	24.9850			0	
4998	24.9900			0	
4999	24.9950			0	
5000	25.0000			0	
