#	time(s)	count A	count B	count C	count D
1	0.0050			-34	
2	0.0100			-31	
3	0.0150			-28	
4	0.0200			-24	
5	0.0250			-21	
6	0.0300			-18	
7	0.0350			-15	
8	0.0400			-12	
9	0.0450			-8	
10	0.0500			-5	
11	0.0550			-2	
12	0.0600			2	
13	0.0650			5	
14	0.0700			8	
15	0.0750			12	
16	0.0800			15	
17	0.0850			18	
18	0.0900			21	
19	0.0950			24	
20	0.1000			28	
21	0.1050			31	
22	0.1100			34	
23	0.1150			37	
24	0.1200			40	
25	0.1250			44	
26	0.1300			46	
27	0.1350			50	
28	0.1400			52	
29	0.1450			55	
30	0.1500			58	
31	0.1550			61	
32	0.1600			64	
33	0.1650			66	
34	0.1700			69	
35	0.1750			71	
36	0.1800			74	
37	0.1850			76	
38	0.1900			78	
39	0.1950			81	
40	0.2000			83	
41	0.2050			85	
42	0.2100			87	
43	0.2150			89	
44	0.2200			91	
45	0.2250			92	
46	0.2300			94	
47	0.2350			96	
48	0.2400			97	
49	0.2450			99	
50	0.2500			100	
51	0.2550			101	
52	0.2600			102	
53	0.2650			103	
54	0.2700			104	
55	0.2750			105	
56	0.2800			106	
57	0.2850			106	
58	0.2900			107	
59	0.2950			107	
60	0.3000			108	
61	0.3050			108	
62	0.3100			108	
63	0.3150			108	
64	0.3200			108	
65	0.3250			108	
66	0.3300			108	
67	0.3350			107	
68	0.3400			106	
69	0.3450			106	
70	0.3500			105	
71	0.3550			104	
72	0.3600			104	
73	0.3650			103	
74	0.3700			102	
75	0.3750			100	
76	0.3800			99	
77	0.3850			98	
78	0.3900			96	
79	0.3950			95	
80	0.4000			93	
81	0.4050			91	
82	0.4100			90	
83	0.4150			88	
84	0.4200			86	
85	0.4250			84	
86	0.4300			82	
87	0.4350			79	
88	0.4400			77	
89	0.4450			74	
90	0.4500			72	
91	0.4550			70	
92	0.4600			67	
93	0.4650			64	
94	0.4700			62	
95	0.4750			59	
96	0.4800			56	
97	0.4850			53	
98	0.4900			50	
99	0.4950			48	
100	0.5000			44	
101	0.5050			41	
102	0.5100			38	
103	0.5150			35	
104	0.5200			32	
105	0.5250			29	
106	0.5300			26	
107	0.5350			22	
108	0.5400			19	
109	0.5450			16	
110	0.5500			13	
111	0.5550			10	
112	0.5600			6	
113	0.5650			3	
114	0.5700			0	
115	0.5750			-4	
116	0.5800			-7	
117	0.5850			-10	
118	0.5900			-13	
119	0.5950			-17	
120	0.6000			-20	
121	0.6050			-23	
122	0.6100			-26	
123	0.6150			-30	
124	0.6200			-33	
125	0.6250			-36	
126	0.6300			-39	
127	0.6350			-42	
128	0.6400			-45	
129	0.6450			-48	
130	0.6500			-51	
131	0.6550			-54	
132	0.6600			-56	
133	0.6650			-59	
134	0.6700			-62	
135	0.6750			-64	
136	0.6800			-67	
137	0.6850			-69	
138	0.6900			-72	
139	0.6950			-74	
140	0.7000			-76	
141	0.7050			-79	
142	0.7100			-81	
143	0.7150			-83	
144	0.7200			-85	
145	0.7250			-87	
146	0.7300			-88	
147	0.7350			-90	
148	0.7400			-92	
149	0.7450			-93	
150	0.7500			-95	
151	0.7550			-96	
152	0.7600			-98	
153	0.7650			-98	
154	0.7700			-100	
155	0.7750			-100	
156	0.7800			-102	
157	0.7850			-102	
158	0.7900			-103	
159	0.7950			-104	
160	0.8000			-104	
161	0.8050			-104	
162	0.8100			-105	
163	0.8150			-105	
164	0.8200			-105	
165	0.8250			-105	
166	0.8300			-105	
167	0.8350			-104	
168	0.8400			-104	
169	0.8450			-104	
170	0.8500			-103	
171	0.8550			-102	
172	0.8600			-102	
173	0.8650			-101	
174	0.8700			-100	
175	0.8750			-99	
176	0.8800			-98	
177	0.8850			-97	
178	0.8900			-96	
179	0.8950			-94	
180	0.9000			-93	
181	0.9050			-91	
182	0.9100			-89	
183	0.9150			-88	
184	0.9200			-86	
185	0.9250			-84	
186	0.9300			-82	
187	0.9350			-80	
188	0.9400			-77	
189	0.9450			-75	
190	0.9500			-73	
191	0.9550			-70	
192	0.9600			-68	
193	0.9650			-66	
194	0.9700			-63	
195	0.9750			-60	
196	0.9800			-58	
197	0.9850			-55	
198	0.9900			-52	
199	0.9950			-49	
200	1.0000			-46	
201	1.0050			-43	
202	1.0100			-40	
203	1.0150			-37	
204	1.0200			-34	
205	1.0250			-31	
206	1.0300			-28	
207	1.0350			-25	
208	1.0400			-22	
209	1.0450			-18	
210	1.0500			-15	
211	1.0550			-12	
212	1.0600			-9	
213	1.0650			-5	
214	1.0700			-2	
215	1.0750			1	
216	1.0800			4	
217	1.0850			8	
218	1.0900			11	
219	1.0950			14	
220	1.1000			17	
221	1.1050			21	
222	1.1100			24	
223	1.1150			27	
224	1.1200			30	
225	1.1250			34	
226	1.1300			36	
227	1.1350			40	
228	1.1400			43	
229	1.1450			46	
230	1.1500			48	
231	1.1550			52	
232	1.1600			54	
233	1.1650			57	
234	1.1700			60	
235	1.1750			62	
236	1.1800			65	
237	1.1850			68	
238	1.1900			70	
239	1.1950			73	
240	1.2000			75	
241	1.2050			78	
242	1.2100			80	
243	1.2150			82	
244	1.2200			84	
245	1.2250			86	
246	1.2300			88	
247	1.2350			90	
248	1.2400			92	
249	1.2450			93	
250	1.2500			95	
251	1.2550			96	
252	1.2600			98	
253	1.2650			99	
254	1.2700			100	
255	1.2750			101	
256	1.2800			102	
257	1.2850			103	
258	1.2900			104	
259	1.2950			105	
260	1.3000			105	
261	1.3050			106	
262	1.3100			106	
263	1.3150			107	
264	1.3200			107	
265	1.3250			107	
266	1.3300			107	
267	1.3350			107	
268	1.3400			107	
269	1.3450			106	
270	1.3500			106	
271	1.3550			106	
272	1.3600			105	
273	1.3650			104	
274	1.3700			104	
275	1.3750			103	
276	1.3800			102	
277	1.3850			101	
278	1.3900			100	
279	1.3950			98	
280	1.4000			97	
281	1.4050			96	
282	1.4100			94	
283	1.4150			92	
284	1.4200			91	
285	1.4250			89	
286	1.4300			87	
287	1.4350			85	
288	1.4400			83	
289	1.4450			81	
290	1.4500			79	
291	1.4550			76	
292	1.4600			74	
293	1.4650			72	
294	1.4700			69	
295	1.4750			67	
296	1.4800			64	
297	1.4850			62	
298	1.4900			59	
299	1.4950			56	
300	1.5000			53	
301	1.5050			50	
302	1.5100			47	
303	1.5150			44	
304	1.5200			41	
305	1.5250			38	
306	1.5300			35	
307	1.5350			32	
308	1.5400			29	
309	1.5450			26	
310	1.5500			23	
311	1.5550			20	
312	1.5600			16	
313	1.5650			13	
314	1.5700			10	
315	1.5750			7	
316	1.5800			3	
317	1.5850			0	
318	1.5900			-3	
319	1.5950			-6	
320	1.6000			-10	
321	1.6050			-13	
322	1.6100			-16	
323	1.6150			-20	
324	1.6200			-23	
325	1.6250			-26	
326	1.6300			-29	
327	1.6350			-32	
328	1.6400			-35	
329	1.6450			-38	
330	1.6500			-41	
331	1.6550			-44	
332	1.6600			-47	
333	1.6650			-50	
334	1.6700			-53	
335	1.6750			-56	
336	1.6800			-58	
337	1.6850			-61	
338	1.6900			-63	
339	1.6950			-66	
340	1.7000			-68	
341	1.7050			-71	
342	1.7100			-73	
343	1.7150			-76	
344	1.7200			-78	
345	1.7250			-80	
346	1.7300			-82	
347	1.7350			-84	
348	1.7400			-86	
349	1.7450			-88	
350	1.7500			-89	
351	1.7550			-91	
352	1.7600			-92	
353	1.7650			-94	
354	1.7700			-95	
355	1.7750			-96	
356	1.7800			-98	
357	1.7850			-99	
358	1.7900			-100	
359	1.7950			-100	
360	1.8000			-101	
361	1.8050			-102	
362	1.8100			-102	
363	1.8150			-103	
364	1.8200			-104	
365	1.8250			-104	
366	1.8300			-104	
367	1.8350			-104	
368	1.8400			-104	
369	1.8450			-104	
370	1.8500			-104	
371	1.8550			-103	
372	1.8600			-103	
373	1.8650			-102	
374	1.8700			-102	
375	1.8750			-101	
376	1.8800			-100	
377	1.8850			-100	
378	1.8900			-98	
379	1.8950			-97	
380	1.9000			-96	
381	1.9050			-95	
382	1.9100			-94	
383	1.9150			-92	
384	1.9200			-90	
385	1.9250			-89	
386	1.9300			-87	
387	1.9350			-85	
388	1.9400			-83	
389	1.9450			-81	
390	1.9500			-79	
391	1.9550			-77	
392	1.9600			-75	
393	1.9650			-72	
394	1.9700			-70	
395	1.9750			-68	
396	1.9800			-66	
397	1.9850			-63	
398	1.9900			-60	
399	1.9950			-58	
400	2.0000			-55	
401	2.0050			-52	
402	2.0100			-49	
403	2.0150			-46	
404	2.0200			-43	
405	2.0250			-40	
406	2.0300			-38	
407	2.0350			-34	
408	2.0400			-31	
409	2.0450			-28	
410	2.0500			-25	
411	2.0550			-22	
412	2.0600			-19	
413	2.0650			-16	
414	2.0700			-12	
415	2.0750			-9	
416	2.0800			-6	
417	2.0850			-3	
418	2.0900			0	
419	2.0950			4	
420	2.1000			7	
421	2.1050			10	
422	2.1100			14	
423	2.1150			17	
424	2.1200			20	
425	2.1250			23	
426	2.1300			26	
427	2.1350			30	
428	2.1400			33	
429	2.1450			36	
430	2.1500			39	
431	2.1550			42	
432	2.1600			45	
433	2.1650			48	
434	2.1700			50	
435	2.1750			53	
436	2.1800			56	
437	2.1850			59	
438	2.1900			62	
439	2.1950			64	
440	2.2000			67	
441	2.2050			70	
442	2.2100			72	
443	2.2150			74	
444	2.2200			76	
445	2.2250			79	
446	2.2300			81	
447	2.2350			83	
448	2.2400			85	
449	2.2450			87	
450	2.2500			89	
451	2.2550			90	
452	2.2600			92	
453	2.2650			94	
454	2.2700			95	
455	2.2750			96	
456	2.2800			98	
457	2.2850			99	
458	2.2900			100	
459	2.2950			101	
460	2.3000			102	
461	2.3050			103	
462	2.3100			104	
463	2.3150			104	
464	2.3200			105	
465	2.3250			105	
466	2.3300			106	
467	2.3350			106	
468	2.3400			106	
469	2.3450			106	
470	2.3500			106	
471	2.3550			106	
472	2.3600			106	
473	2.3650			105	
474	2.3700			105	
475	2.3750			104	
476	2.3800			104	
477	2.3850			103	
478	2.3900			102	
479	2.3950			101	
480	2.4000			100	
481	2.4050			99	
482	2.4100			98	
483	2.4150			96	
484	2.4200			95	
485	2.4250			94	
486	2.4300			92	
487	2.4350			90	
488	2.4400			88	
489	2.4450			86	
490	2.4500			85	
491	2.4550			83	
492	2.4600			81	
493	2.4650			78	
494	2.4700			76	
495	2.4750			74	
496	2.4800			72	
497	2.4850			69	
498	2.4900			67	
499	2.4950			64	
500	2.5000			62	
501	2.5050			58	
502	2.5100			56	
503	2.5150			53	
504	2.5200			50	
505	2.5250			47	
506	2.5300			44	
507	2.5350			42	
508	2.5400			38	
509	2.5450			36	
510	2.5500			32	
511	2.5550			29	
512	2.5600			26	
513	2.5650			23	
514	2.5700			20	
515	2.5750			17	
516	2.5800			14	
517	2.5850			10	
518	2.5900			7	
519	2.5950			4	
520	2.6000			1	
521	2.6050			-3	
522	2.6100			-6	
523	2.6150			-9	
524	2.6200			-12	
525	2.6250			-16	
526	2.6300			-19	
527	2.6350			-22	
528	2.6400			-25	
529	2.6450			-28	
530	2.6500			-31	
531	2.6550			-34	
532	2.6600			-37	
533	2.6650			-40	
534	2.6700			-43	
535	2.6750			-46	
536	2.6800			-49	
537	2.6850			-52	
538	2.6900			-54	
539	2.6950			-57	
540	2.7000			-60	
541	2.7050			-62	
542	2.7100			-65	
543	2.7150			-68	
544	2.7200			-70	
545	2.7250			-72	
546	2.7300			-74	
547	2.7350			-77	
548	2.7400			-79	
549	2.7450			-81	
550	2.7500			-83	
551	2.7550			-85	
552	2.7600			-86	
553	2.7650			-88	
554	2.7700			-90	
555	2.7750			-91	
556	2.7800			-93	
557	2.7850			-94	
558	2.7900			-95	
559	2.7950			-96	
560	2.8000			-98	
561	2.8050			-98	
562	2.8100			-100	
563	2.8150			-100	
564	2.8200			-101	
565	2.8250			-102	
566	2.8300			-102	
567	2.8350			-102	
568	2.8400			-103	
569	2.8450			-103	
570	2.8500			-103	
571	2.8550			-103	
572	2.8600			-103	
573	2.8650			-103	
574	2.8700			-102	
575	2.8750			-102	
576	2.8800			-102	
577	2.8850			-101	
578	2.8900			-100	
579	2.8950			-100	
580	2.9000			-98	
581	2.9050			-98	
582	2.9100			-96	
583	2.9150			-95	
584	2.9200			-94	
585	2.9250			-93	
586	2.9300			-91	
587	2.9350			-90	
588	2.9400			-88	
589	2.9450			-86	
590	2.9500			-84	
591	2.9550			-83	
592	2.9600			-81	
593	2.9650			-79	
594	2.9700			-77	
595	2.9750			-74	
596	2.9800			-72	
597	2.9850			-70	
598	2.9900			-68	
599	2.9950			-65	
600	3.0000			-62	
601	3.0050			-60	
602	3.0100			-57	
603	3.0150			-54	
604	3.0200			-52	
605	3.0250			-49	
606	3.0300			-46	
607	3.0350			-43	
608	3.0400			-40	
609	3.0450			-38	
610	3.0500			-34	
611	3.0550			-31	
612	3.0600			-28	
613	3.0650			-25	
614	3.0700			-22	
615	3.0750			-19	
616	3.0800			-16	
617	3.0850			-12	
618	3.0900			-9	
619	3.0950			-6	
620	3.1000			-3	
621	3.1050			0	
622	3.1100			4	
623	3.1150			7	
624	3.1200			10	
625	3.1250			13	
626	3.1300			16	
627	3.1350			20	
628	3.1400			23	
629	3.1450			26	
630	3.1500			29	
631	3.1550			32	
632	3.1600			35	
633	3.1650			38	
634	3.1700			41	
635	3.1750			44	
636	3.1800			47	
637	3.1850			50	
638	3.1900			52	
639	3.1950			55	
640	3.2000			58	
641	3.2050			61	
642	3.2100			64	
643	3.2150			66	
644	3.2200			68	
645	3.2250			71	
646	3.2300			73	
647	3.2350			76	
648	3.2400			78	
649	3.2450			80	
650	3.2500			82	
651	3.2550			84	
652	3.2600			86	
653	3.2650			88	
654	3.2700			89	
655	3.2750			91	
656	3.2800			92	
657	3.2850			94	
658	3.2900			96	
659	3.2950			97	
660	3.3000			98	
661	3.3050			99	
662	3.3100			100	
663	3.3150			101	
664	3.3200			102	
665	3.3250			103	
666	3.3300			103	
667	3.3350			104	
668	3.3400			104	
669	3.3450			105	
670	3.3500			105	
671	3.3550			105	
672	3.3600			105	
673	3.3650			105	
674	3.3700			105	
675	3.3750			105	
676	3.3800			104	
677	3.3850			104	
678	3.3900			103	
679	3.3950			103	
680	3.4000			102	
681	3.4050			101	
682	3.4100			100	
683	3.4150			99	
684	3.4200			98	
685	3.4250			97	
686	3.4300			96	
687	3.4350			94	
688	3.4400			93	
689	3.4450			91	
690	3.4500			90	
691	3.4550			88	
692	3.4600			86	
693	3.4650			84	
694	3.4700			82	
695	3.4750			80	
696	3.4800			78	
697	3.4850			76	
698	3.4900			74	
699	3.4950			71	
700	3.5000			69	
701	3.5050			66	
702	3.5100			64	
703	3.5150			61	
704	3.5200			58	
705	3.5250			56	
706	3.5300			53	
707	3.5350			50	
708	3.5400			47	
709	3.5450			44	
710	3.5500			42	
711	3.5550			38	
712	3.5600			36	
713	3.5650			32	
714	3.5700			30	
715	3.5750			26	
716	3.5800			23	
717	3.5850			20	
718	3.5900			17	
719	3.5950			14	
720	3.6000			10	
721	3.6050			7	
722	3.6100			4	
723	3.6150			1	
724	3.6200			-2	
725	3.6250			-6	
726	3.6300			-9	
727	3.6350			-12	
728	3.6400			-15	
729	3.6450			-18	
730	3.6500			-22	
731	3.6550			-24	
732	3.6600			-28	
733	3.6650			-31	
734	3.6700			-34	
735	3.6750			-37	
736	3.6800			-40	
737	3.6850			-42	
738	3.6900			-45	
739	3.6950			-48	
740	3.7000			-51	
741	3.7050			-54	
742	3.7100			-56	
743	3.7150			-59	
744	3.7200			-62	
745	3.7250			-64	
746	3.7300			-67	
747	3.7350			-69	
748	3.7400			-71	
749	3.7450			-74	
750	3.7500			-76	
751	3.7550			-78	
752	3.7600			-80	
753	3.7650			-82	
754	3.7700			-84	
755	3.7750			-86	
756	3.7800			-87	
757	3.7850			-89	
758	3.7900			-90	
759	3.7950			-92	
760	3.8000			-93	
761	3.8050			-94	
762	3.8100			-96	
763	3.8150			-97	
764	3.8200			-98	
765	3.8250			-98	
766	3.8300			-99	
767	3.8350			-100	
768	3.8400			-100	
769	3.8450			-101	
770	3.8500			-102	
771	3.8550			-102	
772	3.8600			-102	
773	3.8650			-102	
774	3.8700			-102	
775	3.8750			-102	
776	3.8800			-102	
777	3.8850			-102	
778	3.8900			-101	
779	3.8950			-101	
780	3.9000			-100	
781	3.9050			-100	
782	3.9100			-99	
783	3.9150			-98	
784	3.9200			-97	
785	3.9250			-96	
786	3.9300			-95	
787	3.9350			-94	
788	3.9400			-92	
789	3.9450			-91	
790	3.9500			-89	
791	3.9550			-88	
792	3.9600			-86	
793	3.9650			-84	
794	3.9700			-82	
795	3.9750			-80	
796	3.9800			-78	
797	3.9850			-76	
798	3.9900			-74	
799	3.9950			-72	
800	4.0000			-70	
801	4.0050			-67	
802	4.0100			-65	
803	4.0150			-62	
804	4.0200			-60	
805	4.0250			-57	
806	4.0300			-54	
807	4.0350			-52	
808	4.0400			-49	
809	4.0450			-46	
810	4.0500			-43	
811	4.0550			-40	
812	4.0600			-38	
813	4.0650			-34	
814	4.0700			-32	
815	4.0750			-28	
816	4.0800			-25	
817	4.0850			-22	
818	4.0900			-19	
819	4.0950			-16	
820	4.1000			-13	
821	4.1050			-10	
822	4.1100			-6	
823	4.1150			-3	
824	4.1200			0	
825	4.1250			3	
826	4.1300			6	
827	4.1350			10	
828	4.1400			13	
829	4.1450			16	
830	4.1500			19	
831	4.1550			22	
832	4.1600			25	
833	4.1650			28	
834	4.1700			31	
835	4.1750			34	
836	4.1800			38	
837	4.1850			40	
838	4.1900			43	
839	4.1950			46	
840	4.2000			49	
841	4.2050			52	
842	4.2100			55	
843	4.2150			58	
844	4.2200			60	
845	4.2250			63	
846	4.2300			65	
847	4.2350			68	
848	4.2400			70	
849	4.2450			72	
850	4.2500			74	
851	4.2550			77	
852	4.2600			79	
853	4.2650			81	
854	4.2700			83	
855	4.2750			85	
856	4.2800			87	
857	4.2850			88	
858	4.2900			90	
859	4.2950			92	
860	4.3000			93	
861	4.3050			94	
862	4.3100			96	
863	4.3150			97	
864	4.3200			98	
865	4.3250			99	
866	4.3300			100	
867	4.3350			101	
868	4.3400			102	
869	4.3450			102	
870	4.3500			103	
871	4.3550			104	
872	4.3600			104	
873	4.3650			104	
874	4.3700			104	
875	4.3750			104	
876	4.3800			104	
877	4.3850			104	
878	4.3900			104	
879	4.3950			104	
880	4.4000			103	
881	4.4050			103	
882	4.4100			102	
883	4.4150			101	
884	4.4200			100	
885	4.4250			100	
886	4.4300			98	
887	4.4350			98	
888	4.4400			96	
889	4.4450			95	
890	4.4500			94	
891	4.4550			92	
892	4.4600			91	
893	4.4650			89	
894	4.4700			88	
895	4.4750			86	
896	4.4800			84	
897	4.4850			82	
898	4.4900			80	
899	4.4950			78	
900	4.5000			76	
901	4.5050			73	
902	4.5100			71	
903	4.5150			68	
904	4.5200			66	
905	4.5250			64	
906	4.5300			61	
907	4.5350			58	
908	4.5400			56	
909	4.5450			53	
910	4.5500			50	
911	4.5550			47	
912	4.5600			44	
913	4.5650			42	
914	4.5700			39	
915	4.5750			36	
916	4.5800			33	
917	4.5850			30	
918	4.5900			27	
919	4.5950			24	
920	4.6000			20	
921	4.6050			17	
922	4.6100			14	
923	4.6150			11	
924	4.6200			8	
925	4.6250			4	
926	4.6300			1	
927	4.6350			-2	
928	4.6400			-5	
929	4.6450			-8	
930	4.6500			-11	
931	4.6550			-14	
932	4.6600			-18	
933	4.6650			-21	
934	4.6700			-24	
935	4.6750			-27	
936	4.6800			-30	
937	4.6850			-33	
938	4.6900			-36	
939	4.6950			-39	
940	4.7000			-42	
941	4.7050			-45	
942	4.7100			-48	
943	4.7150			-50	
944	4.7200			-53	
945	4.7250			-56	
946	4.7300			-58	
947	4.7350			-61	
948	4.7400			-63	
949	4.7450			-66	
950	4.7500			-68	
951	4.7550			-70	
952	4.7600			-72	
953	4.7650			-75	
954	4.7700			-77	
955	4.7750			-79	
956	4.7800			-81	
957	4.7850			-83	
958	4.7900			-84	
959	4.7950			-86	
960	4.8000			-88	
961	4.8050			-89	
962	4.8100			-91	
963	4.8150			-92	
964	4.8200			-93	
965	4.8250			-94	
966	4.8300			-96	
967	4.8350			-97	
968	4.8400			-98	
969	4.8450			-98	
970	4.8500			-99	
971	4.8550			-100	
972	4.8600			-100	
973	4.8650			-100	
974	4.8700			-101	
975	4.8750			-101	
976	4.8800			-101	
977	4.8850			-101	
978	4.8900			-101	
979	4.8950			-101	
980	4.9000			-101	
981	4.9050			-100	
982	4.9100			-100	
983	4.9150			-99	
984	4.9200			-99	
985	4.9250			-98	
986	4.9300			-97	
987	4.9350			-96	
988	4.9400			-95	
989	4.9450			-94	
990	4.9500			-93	
991	4.9550			-92	
992	4.9600			-90	
993	4.9650			-88	
994	4.9700			-87	
995	4.9750			-85	
996	4.9800			-84	
997	4.9850			-82	
998	4.9900			-80	
999	4.9950			-78	
1000	5.0000			-76	
1001	5.0050			-74	
1002	5.0100			-72	
1003	5.0150			-69	
1004	5.0200			-67	
1005	5.0250			-64	
1006	5.0300			-62	
1007	5.0350			-60	
1008	5.0400			-57	
1009	5.0450			-54	
1010	5.0500			-52	
1011	5.0550			-49	
1012	5.0600			-46	
1013	5.0650			-43	
1014	5.0700			-40	
1015	5.0750			-38	
1016	5.0800			-35	
1017	5.0850			-32	
1018	5.0900			-29	
1019	5.0950			-26	
1020	5.1000			-22	
1021	5.1050			-19	
1022	5.1100			-16	
1023	5.1150			-13	
1024	5.1200			-10	
1025	5.1250			-7	
1026	5.1300			-4	
1027	5.1350			0	
1028	5.1400			3	
1029	5.1450			6	
1030	5.1500			9	
1031	5.1550			12	
1032	5.1600			15	
1033	5.1650			18	
1034	5.1700			22	
1035	5.1750			24	
1036	5.1800			28	
1037	5.1850			31	
1038	5.1900			34	
1039	5.1950			37	
1040	5.2000			40	
1041	5.2050			43	
1042	5.2100			46	
1043	5.2150			48	
1044	5.2200			51	
1045	5.2250			54	
1046	5.2300			56	
1047	5.2350			59	
1048	5.2400			62	
1049	5.2450			64	
1050	5.2500			67	
1051	5.2550			69	
1052	5.2600			72	
1053	5.2650			74	
1054	5.2700			76	
1055	5.2750			78	
1056	5.2800			80	
1057	5.2850			82	
1058	5.2900			84	
1059	5.2950			86	
1060	5.3000			88	
1061	5.3050			89	
1062	5.3100			91	
1063	5.3150			92	
1064	5.3200			94	
1065	5.3250			95	
1066	5.3300			96	
1067	5.3350			97	
1068	5.3400			98	
1069	5.3450			99	
1070	5.3500			100	
1071	5.3550			101	
1072	5.3600			102	
1073	5.3650			102	
1074	5.3700			102	
1075	5.3750			103	
1076	5.3800			103	
1077	5.3850			103	
1078	5.3900			104	
1079	5.3950			104	
1080	5.4000			103	
1081	5.4050			103	
1082	5.4100			103	
1083	5.4150			102	
1084	5.4200			102	
1085	5.4250			101	
1086	5.4300			100	
1087	5.4350			100	
1088	5.4400			99	
1089	5.4450			98	
1090	5.4500			97	
1091	5.4550			96	
1092	5.4600			94	
1093	5.4650			93	
1094	5.4700			92	
1095	5.4750			90	
1096	5.4800			89	
1097	5.4850			87	
1098	5.4900			85	
1099	5.4950			84	
1100	5.5000			82	
1101	5.5050			79	
1102	5.5100			77	
1103	5.5150			75	
1104	5.5200			73	
1105	5.5250			71	
1106	5.5300			68	
1107	5.5350			66	
1108	5.5400			63	
1109	5.5450			61	
1110	5.5500			58	
1111	5.5550			56	
1112	5.5600			53	
1113	5.5650			50	
1114	5.5700			48	
1115	5.5750			45	
1116	5.5800			42	
1117	5.5850			39	
1118	5.5900			36	
1119	5.5950			33	
1120	5.6000			30	
1121	5.6050			27	
1122	5.6100			24	
1123	5.6150			20	
1124	5.6200			17	
1125	5.6250			14	
1126	5.6300			11	
1127	5.6350			8	
1128	5.6400			5	
1129	5.6450			2	
1130	5.6500			-2	
1131	5.6550			-4	
1132	5.6600			-8	
1133	5.6650			-11	
1134	5.6700			-14	
1135	5.6750			-17	
1136	5.6800			-20	
1137	5.6850			-23	
1138	5.6900			-26	
1139	5.6950			-29	
1140	5.7000			-32	
1141	5.7050			-35	
1142	5.7100			-38	
1143	5.7150			-41	
1144	5.7200			-44	
1145	5.7250			-47	
1146	5.7300			-50	
1147	5.7350			-52	
1148	5.7400			-55	
1149	5.7450			-57	
1150	5.7500			-60	
1151	5.7550			-62	
1152	5.7600			-65	
1153	5.7650			-67	
1154	5.7700			-70	
1155	5.7750			-72	
1156	5.7800			-74	
1157	5.7850			-76	
1158	5.7900			-78	
1159	5.7950			-80	
1160	5.8000			-82	
1161	5.8050			-84	
1162	5.8100			-85	
1163	5.8150			-87	
1164	5.8200			-88	
1165	5.8250			-90	
1166	5.8300			-91	
1167	5.8350			-92	
1168	5.8400			-94	
1169	5.8450			-95	
1170	5.8500			-96	
1171	5.8550			-96	
1172	5.8600			-97	
1173	5.8650			-98	
1174	5.8700			-99	
1175	5.8750			-99	
1176	5.8800			-100	
1177	5.8850			-100	
1178	5.8900			-100	
1179	5.8950			-100	
1180	5.9000			-100	
1181	5.9050			-100	
1182	5.9100			-100	
1183	5.9150			-100	
1184	5.9200			-100	
1185	5.9250			-99	
1186	5.9300			-98	
1187	5.9350			-98	
1188	5.9400			-97	
1189	5.9450			-96	
1190	5.9500			-96	
1191	5.9550			-94	
1192	5.9600			-93	
1193	5.9650			-92	
1194	5.9700			-91	
1195	5.9750			-90	
1196	5.9800			-88	
1197	5.9850			-86	
1198	5.9900			-85	
1199	5.9950			-83	
1200	6.0000			-82	
1201	6.0050			-80	
1202	6.0100			-78	
1203	6.0150			-76	
1204	6.0200			-73	
1205	6.0250			-71	
1206	6.0300			-69	
1207	6.0350			-67	
1208	6.0400			-64	
1209	6.0450			-62	
1210	6.0500			-60	
1211	6.0550			-57	
1212	6.0600			-54	
1213	6.0650			-52	
1214	6.0700			-49	
1215	6.0750			-46	
1216	6.0800			-43	
1217	6.0850			-40	
1218	6.0900			-38	
1219	6.0950			-35	
1220	6.1000			-32	
1221	6.1050			-29	
1222	6.1100			-26	
1223	6.1150			-22	
1224	6.1200			-20	
1225	6.1250			-16	
1226	6.1300			-13	
1227	6.1350			-10	
1228	6.1400			-7	
1229	6.1450			-4	
1230	6.1500			-1	
1231	6.1550			2	
1232	6.1600			5	
1233	6.1650			8	
1234	6.1700			12	
1235	6.1750			15	
1236	6.1800			18	
1237	6.1850			21	
1238	6.1900			24	
1239	6.1950			27	
1240	6.2000			30	
1241	6.2050			33	
1242	6.2100			36	
1243	6.2150			39	
1244	6.2200			42	
1245	6.2250			45	
1246	6.2300			48	
1247	6.2350			50	
1248	6.2400			53	
1249	6.2450			56	
1250	6.2500			58	
1251	6.2550			61	
1252	6.2600			63	
1253	6.2650			66	
1254	6.2700			68	
1255	6.2750			70	
1256	6.2800			73	
1257	6.2850			75	
1258	6.2900			77	
1259	6.2950			79	
1260	6.3000			81	
1261	6.3050			83	
1262	6.3100			85	
1263	6.3150			86	
1264	6.3200			88	
1265	6.3250			90	
1266	6.3300			91	
1267	6.3350			92	
1268	6.3400			94	
1269	6.3450			95	
1270	6.3500			96	
1271	6.3550			97	
1272	6.3600			98	
1273	6.3650			99	
1274	6.3700			100	
1275	6.3750			100	
1276	6.3800			101	
1277	6.3850			102	
1278	6.3900			102	
1279	6.3950			102	
1280	6.4000			102	
1281	6.4050			102	
1282	6.4100			102	
1283	6.4150			102	
1284	6.4200			102	
1285	6.4250			102	
1286	6.4300			102	
1287	6.4350			101	
1288	6.4400			100	
1289	6.4450			100	
1290	6.4500			99	
1291	6.4550			98	
1292	6.4600			97	
1293	6.4650			96	
1294	6.4700			95	
1295	6.4750			94	
1296	6.4800			92	
1297	6.4850			91	
1298	6.4900			90	
1299	6.4950			88	
1300	6.5000			86	
1301	6.5050			84	
1302	6.5100			83	
1303	6.5150			81	
1304	6.5200			79	
1305	6.5250			77	
1306	6.5300			75	
1307	6.5350			72	
1308	6.5400			70	
1309	6.5450			68	
1310	6.5500			66	
1311	6.5550			63	
1312	6.5600			61	
1313	6.5650			58	
1314	6.5700			56	
1315	6.5750			53	
1316	6.5800			50	
1317	6.5850			47	
1318	6.5900			44	
1319	6.5950			42	
1320	6.6000			39	
1321	6.6050			36	
1322	6.6100			33	
1323	6.6150			30	
1324	6.6200			27	
1325	6.6250			24	
1326	6.6300			21	
1327	6.6350			18	
1328	6.6400			14	
1329	6.6450			12	
1330	6.6500			8	
1331	6.6550			5	
1332	6.6600			2	
1333	6.6650			-1	
1334	6.6700			-4	
1335	6.6750			-7	
1336	6.6800			-10	
1337	6.6850			-13	
1338	6.6900			-16	
1339	6.6950			-20	
1340	6.7000			-22	
1341	6.7050			-26	
1342	6.7100			-29	
1343	6.7150			-32	
1344	6.7200			-34	
1345	6.7250			-38	
1346	6.7300			-40	
1347	6.7350			-43	
1348	6.7400			-46	
1349	6.7450			-49	
1350	6.7500			-51	
1351	6.7550			-54	
1352	6.7600			-56	
1353	6.7650			-59	
1354	6.7700			-62	
1355	6.7750			-64	
1356	6.7800			-66	
1357	6.7850			-68	
1358	6.7900			-71	
1359	6.7950			-73	
1360	6.8000			-75	
1361	6.8050			-77	
1362	6.8100			-79	
1363	6.8150			-81	
1364	6.8200			-82	
1365	6.8250			-84	
1366	6.8300			-86	
1367	6.8350			-87	
1368	6.8400			-89	
1369	6.8450			-90	
1370	6.8500			-91	
1371	6.8550			-92	
1372	6.8600			-94	
1373	6.8650			-95	
1374	6.8700			-96	
1375	6.8750			-96	
1376	6.8800			-97	
1377	6.8850			-98	
1378	6.8900			-98	
1379	6.8950			-99	
1380	6.9000			-99	
1381	6.9050			-99	
1382	6.9100			-99	
1383	6.9150			-99	
1384	6.9200			-99	
1385	6.9250			-99	
1386	6.9300			-99	
1387	6.9350			-99	
1388	6.9400			-98	
1389	6.9450			-98	
1390	6.9500			-97	
1391	6.9550			-96	
1392	6.9600			-96	
1393	6.9650			-95	
1394	6.9700			-94	
1395	6.9750			-92	
1396	6.9800			-92	
1397	6.9850			-90	
1398	6.9900			-89	
1399	6.9950			-88	
1400	7.0000			-86	
1401	7.0050			-84	
1402	7.0100			-82	
1403	7.0150			-81	
1404	7.0200			-79	
1405	7.0250			-77	
1406	7.0300			-75	
1407	7.0350			-73	
1408	7.0400			-71	
1409	7.0450			-68	
1410	7.0500			-66	
1411	7.0550			-64	
1412	7.0600			-62	
1413	7.0650			-59	
1414	7.0700			-57	
1415	7.0750			-54	
1416	7.0800			-52	
1417	7.0850			-49	
1418	7.0900			-46	
1419	7.0950			-43	
1420	7.1000			-40	
1421	7.1050			-38	
1422	7.1100			-34	
1423	7.1150			-32	
1424	7.1200			-29	
1425	7.1250			-26	
1426	7.1300			-23	
1427	7.1350			-20	
1428	7.1400			-17	
1429	7.1450			-14	
1430	7.1500			-10	
1431	7.1550			-8	
1432	7.1600			-4	
1433	7.1650			-1	
1434	7.1700			2	
1435	7.1750			5	
1436	7.1800			8	
1437	7.1850			11	
1438	7.1900			14	
1439	7.1950			17	
1440	7.2000			20	
1441	7.2050			24	
1442	7.2100			26	
1443	7.2150			30	
1444	7.2200			32	
1445	7.2250			36	
1446	7.2300			38	
1447	7.2350			41	
1448	7.2400			44	
1449	7.2450			47	
1450	7.2500			50	
1451	7.2550			52	
1452	7.2600			55	
1453	7.2650			58	
1454	7.2700			60	
1455	7.2750			62	
1456	7.2800			65	
1457	7.2850			67	
1458	7.2900			70	
1459	7.2950			72	
1460	7.3000			74	
1461	7.3050			76	
1462	7.3100			78	
1463	7.3150			80	
1464	7.3200			82	
1465	7.3250			84	
1466	7.3300			86	
1467	7.3350			87	
1468	7.3400			89	
1469	7.3450			90	
1470	7.3500			92	
1471	7.3550			93	
1472	7.3600			94	
1473	7.3650			95	
1474	7.3700			96	
1475	7.3750			97	
1476	7.3800			98	
1477	7.3850			99	
1478	7.3900			100	
1479	7.3950			100	
1480	7.4000			100	
1481	7.4050			101	
1482	7.4100			101	
1483	7.4150			102	
1484	7.4200			102	
1485	7.4250			102	
1486	7.4300			102	
1487	7.4350			101	
1488	7.4400			101	
1489	7.4450			101	
1490	7.4500			100	
1491	7.4550			100	
1492	7.4600			99	
1493	7.4650			98	
1494	7.4700			98	
1495	7.4750			96	
1496	7.4800			96	
1497	7.4850			94	
1498	7.4900			93	
1499	7.4950			92	
1500	7.5000			90	
1501	7.5050			89	
1502	7.5100			87	
1503	7.5150			86	
1504	7.5200			84	
1505	7.5250			82	
1506	7.5300			80	
1507	7.5350			78	
1508	7.5400			76	
1509	7.5450			74	
1510	7.5500			72	
1511	7.5550			70	
1512	7.5600			68	
1513	7.5650			65	
1514	7.5700			63	
1515	7.5750			60	
1516	7.5800			58	
1517	7.5850			55	
1518	7.5900			53	
1519	7.5950			50	
1520	7.6000			47	
1521	7.6050			44	
1522	7.6100			42	
1523	7.6150			39	
1524	7.6200			36	
1525	7.6250			33	
1526	7.6300			30	
1527	7.6350			27	
1528	7.6400			24	
1529	7.6450			21	
1530	7.6500			18	
1531	7.6550			15	
1532	7.6600			12	
1533	7.6650			9	
1534	7.6700			6	
1535	7.6750			2	
1536	7.6800			0	
1537	7.6850			-4	
1538	7.6900			-7	
1539	7.6950			-10	
1540	7.7000			-13	
1541	7.7050			-16	
1542	7.7100			-19	
1543	7.7150			-22	
1544	7.7200			-25	
1545	7.7250			-28	
1546	7.7300			-31	
1547	7.7350			-34	
1548	7.7400			-37	
1549	7.7450			-40	
1550	7.7500			-42	
1551	7.7550			-45	
1552	7.7600			-48	
1553	7.7650			-50	
1554	7.7700			-53	
1555	7.7750			-56	
1556	7.7800			-58	
1557	7.7850			-61	
1558	7.7900			-63	
1559	7.7950			-65	
1560	7.8000			-68	
1561	7.8050			-70	
1562	7.8100			-72	
1563	7.8150			-74	
1564	7.8200			-76	
1565	7.8250			-78	
1566	7.8300			-80	
1567	7.8350			-82	
1568	7.8400			-83	
1569	7.8450			-85	
1570	7.8500			-86	
1571	7.8550			-88	
1572	7.8600			-89	
1573	7.8650			-90	
1574	7.8700			-92	
1575	7.8750			-93	
1576	7.8800			-94	
1577	7.8850			-94	
1578	7.8900			-95	
1579	7.8950			-96	
1580	7.9000			-97	
1581	7.9050			-97	
1582	7.9100			-98	
1583	7.9150			-98	
1584	7.9200			-98	
1585	7.9250			-98	
1586	7.9300			-98	
1587	7.9350			-98	
1588	7.9400			-98	
1589	7.9450			-98	
1590	7.9500			-98	
1591	7.9550			-98	
1592	7.9600			-97	
1593	7.9650			-96	
1594	7.9700			-96	
1595	7.9750			-95	
1596	7.9800			-94	
1597	7.9850			-93	
1598	7.9900			-92	
1599	7.9950			-91	
1600	8.0000			-90	
1601	8.0050			-88	
1602	8.0100			-87	
1603	8.0150			-85	
1604	8.0200			-84	
1605	8.0250			-82	
1606	8.0300			-80	
1607	8.0350			-78	
1608	8.0400			-76	
1609	8.0450			-74	
1610	8.0500			-72	
1611	8.0550			-70	
1612	8.0600			-68	
1613	8.0650			-66	
1614	8.0700			-64	
1615	8.0750			-61	
1616	8.0800			-59	
1617	8.0850			-56	
1618	8.0900			-54	
1619	8.0950			-51	
1620	8.1000			-49	
1621	8.1050			-46	
1622	8.1100			-43	
1623	8.1150			-40	
1624	8.1200			-38	
1625	8.1250			-35	
1626	8.1300			-32	
1627	8.1350			-29	
1628	8.1400			-26	
1629	8.1450			-23	
1630	8.1500			-20	
1631	8.1550			-17	
1632	8.1600			-14	
1633	8.1650			-11	
1634	8.1700			-8	
1635	8.1750			-5	
1636	8.1800			-2	
1637	8.1850			1	
1638	8.1900			4	
1639	8.1950			8	
1640	8.2000			10	
1641	8.2050			14	
1642	8.2100			17	
1643	8.2150			20	
1644	8.2200			23	
1645	8.2250			26	
1646	8.2300			29	
1647	8.2350			32	
1648	8.2400			35	
1649	8.2450			38	
1650	8.2500			40	
1651	8.2550			43	
1652	8.2600			46	
1653	8.2650			49	
1654	8.2700			51	
1655	8.2750			54	
1656	8.2800			56	
1657	8.2850			59	
1658	8.2900			62	
1659	8.2950			64	
1660	8.3000			66	
1661	8.3050			69	
1662	8.3100			71	
1663	8.3150			73	
1664	8.3200			75	
1665	8.3250			77	
1666	8.3300			79	
1667	8.3350			81	
1668	8.3400			83	
1669	8.3450			84	
1670	8.3500			86	
1671	8.3550			88	
1672	8.3600			89	
1673	8.3650			91	
1674	8.3700			92	
1675	8.3750			93	
1676	8.3800			94	
1677	8.3850			95	
1678	8.3900			96	
1679	8.3950			97	
1680	8.4000			98	
1681	8.4050			98	
1682	8.4100			99	
1683	8.4150			100	
1684	8.4200			100	
1685	8.4250			100	
1686	8.4300			100	
1687	8.4350			101	
1688	8.4400			101	
1689	8.4450			101	
1690	8.4500			100	
1691	8.4550			100	
1692	8.4600			100	
1693	8.4650			99	
1694	8.4700			99	
1695	8.4750			98	
1696	8.4800			98	
1697	8.4850			97	
1698	8.4900			96	
1699	8.4950			95	
1700	8.5000			94	
1701	8.5050			92	
1702	8.5100			91	
1703	8.5150			90	
1704	8.5200			88	
1705	8.5250			87	
1706	8.5300			85	
1707	8.5350			84	
1708	8.5400			82	
1709	8.5450			80	
1710	8.5500			78	
1711	8.5550			76	
1712	8.5600			74	
1713	8.5650			72	
1714	8.5700			70	
1715	8.5750			67	
1716	8.5800			65	
1717	8.5850			63	
1718	8.5900			60	
1719	8.5950			58	
1720	8.6000			55	
1721	8.6050			52	
1722	8.6100			50	
1723	8.6150			47	
1724	8.6200			44	
1725	8.6250			42	
1726	8.6300			39	
1727	8.6350			36	
1728	8.6400			33	
1729	8.6450			30	
1730	8.6500			27	
1731	8.6550			24	
1732	8.6600			21	
1733	8.6650			18	
1734	8.6700			15	
1735	8.6750			12	
1736	8.6800			9	
1737	8.6850			6	
1738	8.6900			3	
1739	8.6950			0	
1740	8.7000			-3	
1741	8.7050			-6	
1742	8.7100			-10	
1743	8.7150			-12	
1744	8.7200			-16	
1745	8.7250			-18	
1746	8.7300			-22	
1747	8.7350			-24	
1748	8.7400			-27	
1749	8.7450			-30	
1750	8.7500			-33	
1751	8.7550			-36	
1752	8.7600			-39	
1753	8.7650			-42	
1754	8.7700			-44	
1755	8.7750			-47	
1756	8.7800			-50	
1757	8.7850			-52	
1758	8.7900			-55	
1759	8.7950			-57	
1760	8.8000			-60	
1761	8.8050			-62	
1762	8.8100			-64	
1763	8.8150			-67	
1764	8.8200			-69	
1765	8.8250			-71	
1766	8.8300			-73	
1767	8.8350			-75	
1768	8.8400			-77	
1769	8.8450			-79	
1770	8.8500			-80	
1771	8.8550			-82	
1772	8.8600			-84	
1773	8.8650			-85	
1774	8.8700			-87	
1775	8.8750			-88	
1776	8.8800			-90	
1777	8.8850			-90	
1778	8.8900			-92	
1779	8.8950			-93	
1780	8.9000			-94	
1781	8.9050			-94	
1782	8.9100			-95	
1783	8.9150			-96	
1784	8.9200			-96	
1785	8.9250			-97	
1786	8.9300			-97	
1787	8.9350			-98	
1788	8.9400			-98	
1789	8.9450			-98	
1790	8.9500			-98	
1791	8.9550			-98	
1792	8.9600			-97	
1793	8.9650			-97	
1794	8.9700			-97	
1795	8.9750			-96	
1796	8.9800			-96	
1797	8.9850			-95	
1798	8.9900			-94	
1799	8.9950			-93	
1800	9.0000			-92	
1801	9.0050			-91	
1802	9.0100			-90	
1803	9.0150			-89	
1804	9.0200			-88	
1805	9.0250			-86	
1806	9.0300			-85	
1807	9.0350			-83	
1808	9.0400			-82	
1809	9.0450			-80	
1810	9.0500			-78	
1811	9.0550			-76	
1812	9.0600			-74	
1813	9.0650			-72	
1814	9.0700			-70	
1815	9.0750			-68	
1816	9.0800			-66	
1817	9.0850			-64	
1818	9.0900			-61	
1819	9.0950			-59	
1820	9.1000			-56	
1821	9.1050			-54	
1822	9.1100			-51	
1823	9.1150			-48	
1824	9.1200			-46	
1825	9.1250			-43	
1826	9.1300			-40	
1827	9.1350			-38	
1828	9.1400			-35	
1829	9.1450			-32	
1830	9.1500			-29	
1831	9.1550			-26	
1832	9.1600			-23	
1833	9.1650			-20	
1834	9.1700			-17	
1835	9.1750			-14	
1836	9.1800			-11	
1837	9.1850			-8	
1838	9.1900			-5	
1839	9.1950			-2	
1840	9.2000			1	
1841	9.2050			4	
1842	9.2100			7	
1843	9.2150			10	
1844	9.2200			13	
1845	9.2250			16	
1846	9.2300			19	
1847	9.2350			22	
1848	9.2400			25	
1849	9.2450			28	
1850	9.2500			31	
1851	9.2550			34	
1852	9.2600			37	
1853	9.2650			40	
1854	9.2700			42	
1855	9.2750			45	
1856	9.2800			48	
1857	9.2850			50	
1858	9.2900			53	
1859	9.2950			56	
1860	9.3000			58	
1861	9.3050			61	
1862	9.3100			63	
1863	9.3150			66	
1864	9.3200			68	
1865	9.3250			70	
1866	9.3300			72	
1867	9.3350			74	
1868	9.3400			76	
1869	9.3450			78	
1870	9.3500			80	
1871	9.3550			82	
1872	9.3600			84	
1873	9.3650			85	
1874	9.3700			87	
1875	9.3750			88	
1876	9.3800			90	
1877	9.3850			91	
1878	9.3900			92	
1879	9.3950			93	
1880	9.4000			94	
1881	9.4050			95	
1882	9.4100			96	
1883	9.4150			97	
1884	9.4200			98	
1885	9.4250			98	
1886	9.4300			99	
1887	9.4350			99	
1888	9.4400			100	
1889	9.4450			100	
1890	9.4500			100	
1891	9.4550			100	
1892	9.4600			100	
1893	9.4650			100	
1894	9.4700			100	
1895	9.4750			99	
1896	9.4800			99	
1897	9.4850			98	
1898	9.4900			98	
1899	9.4950			97	
1900	9.5000			96	
1901	9.5050			95	
1902	9.5100			94	
1903	9.5150			93	
1904	9.5200			92	
1905	9.5250			90	
1906	9.5300			89	
1907	9.5350			88	
1908	9.5400			86	
1909	9.5450			85	
1910	9.5500			83	
1911	9.5550			82	
1912	9.5600			80	
1913	9.5650			78	
1914	9.5700			76	
1915	9.5750			74	
1916	9.5800			72	
1917	9.5850			70	
1918	9.5900			67	
1919	9.5950			65	
1920	9.6000			62	
1921	9.6050			60	
1922	9.6100			58	
1923	9.6150			55	
1924	9.6200			52	
1925	9.6250			50	
1926	9.6300			47	
1927	9.6350			44	
1928	9.6400			42	
1929	9.6450			39	
1930	9.6500			36	
1931	9.6550			33	
1932	9.6600			30	
1933	9.6650			28	
1934	9.6700			24	
1935	9.6750			22	
1936	9.6800			18	
1937	9.6850			16	
1938	9.6900			12	
1939	9.6950			10	
1940	9.7000			6	
1941	9.7050			3	
1942	9.7100			0	
1943	9.7150			-3	
1944	9.7200			-6	
1945	9.7250			-9	
1946	9.7300			-12	
1947	9.7350			-15	
1948	9.7400			-18	
1949	9.7450			-21	
1950	9.7500			-24	
1951	9.7550			-26	
1952	9.7600			-30	
1953	9.7650			-32	
1954	9.7700			-35	
1955	9.7750			-38	
1956	9.7800			-41	
1957	9.7850			-44	
1958	9.7900			-46	
1959	9.7950			-49	
1960	9.8000			-51	
1961	9.8050			-54	
1962	9.8100			-56	
1963	9.8150			-59	
1964	9.8200			-61	
1965	9.8250			-64	
1966	9.8300			-66	
1967	9.8350			-68	
1968	9.8400			-70	
1969	9.8450			-72	
1970	9.8500			-74	
1971	9.8550			-76	
1972	9.8600			-78	
1973	9.8650			-80	
1974	9.8700			-81	
1975	9.8750			-83	
1976	9.8800			-84	
1977	9.8850			-86	
1978	9.8900			-87	
1979	9.8950			-88	
1980	9.9000			-90	
1981	9.9050			-91	
1982	9.9100			-92	
1983	9.9150			-93	
1984	9.9200			-94	
1985	9.9250			-94	
1986	9.9300			-95	
1987	9.9350			-95	
1988	9.9400			-96	
1989	9.9450			-96	
1990	9.9500			-96	
1991	9.9550			-97	
1992	9.9600			-97	
1993	9.9650			-97	
1994	9.9700			-97	
1995	9.9750			-96	
1996	9.9800			-96	
1997	9.9850			-96	
1998	9.9900			-95	
1999	9.9950			-95	
2000	10.0000			-94	
2001	10.0050			-93	
2002	10.0100			-92	
2003	10.0150			-92	
2004	10.0200			-90	
2005	10.0250			-90	
2006	10.0300			-88	
2007	10.0350			-87	
2008	10.0400			-86	
2009	10.0450			-84	
2010	10.0500			-82	
2011	10.0550			-81	
2012	10.0600			-79	
2013	10.0650			-78	
2014	10.0700			-76	
2015	10.0750			-74	
2016	10.0800			-72	
2017	10.0850			-70	
2018	10.0900			-68	
2019	10.0950			-66	
2020	10.1000			-63	
2021	10.1050			-61	
2022	10.1100			-58	
2023	10.1150			-56	
2024	10.1200			-54	
2025	10.1250			-51	
2026	10.1300			-48	
2027	10.1350			-46	
2028	10.1400			-43	
2029	10.1450			-40	
2030	10.1500			-38	
2031	10.1550			-35	
2032	10.1600			-32	
2033	10.1650			-29	
2034	10.1700			-26	
2035	10.1750			-24	
2036	10.1800			-20	
2037	10.1850			-18	
2038	10.1900			-14	
2039	10.1950			-12	
2040	10.2000			-8	
2041	10.2050			-5	
2042	10.2100			-2	
2043	10.2150			1	
2044	10.2200			4	
2045	10.2250			7	
2046	10.2300			10	
2047	10.2350			13	
2048	10.2400			16	
2049	10.2450			19	
2050	10.2500			22	
2051	10.2550			24	
2052	10.2600			28	
2053	10.2650			30	
2054	10.2700			33	
2055	10.2750			36	
2056	10.2800			39	
2057	10.2850			42	
2058	10.2900			44	
2059	10.2950			47	
2060	10.3000			50	
2061	10.3050			52	
2062	10.3100			55	
2063	10.3150			58	
2064	10.3200			60	
2065	10.3250			62	
2066	10.3300			64	
2067	10.3350			67	
2068	10.3400			69	
2069	10.3450			71	
2070	10.3500			73	
2071	10.3550			75	
2072	10.3600			77	
2073	10.3650			79	
2074	10.3700			81	
2075	10.3750			82	
2076	10.3800			84	
2077	10.3850			86	
2078	10.3900			87	
2079	10.3950			88	
2080	10.4000			90	
2081	10.4050			91	
2082	10.4100			92	
2083	10.4150			93	
2084	10.4200			94	
2085	10.4250			95	
2086	10.4300			96	
2087	10.4350			96	
2088	10.4400			97	
2089	10.4450			98	
2090	10.4500			98	
2091	10.4550			98	
2092	10.4600			99	
2093	10.4650			99	
2094	10.4700			99	
2095	10.4750			99	
2096	10.4800			99	
2097	10.4850			98	
2098	10.4900			98	
2099	10.4950			98	
2100	10.5000			97	
2101	10.5050			96	
2102	10.5100			96	
2103	10.5150			95	
2104	10.5200			94	
2105	10.5250			93	
2106	10.5300			92	
2107	10.5350			91	
2108	10.5400			90	
2109	10.5450			88	
2110	10.5500			87	
2111	10.5550			86	
2112	10.5600			84	
2113	10.5650			82	
2114	10.5700			81	
2115	10.5750			79	
2116	10.5800			77	
2117	10.5850			75	
2118	10.5900			73	
2119	10.5950			71	
2120	10.6000			69	
2121	10.6050			67	
2122	10.6100			64	
2123	10.6150			62	
2124	10.6200			60	
2125	10.6250			57	
2126	10.6300			55	
2127	10.6350			52	
2128	10.6400			50	
2129	10.6450			47	
2130	10.6500			44	
2131	10.6550			42	
2132	10.6600			39	
2133	10.6650			36	
2134	10.6700			33	
2135	10.6750			30	
2136	10.6800			28	
2137	10.6850			24	
2138	10.6900			22	
2139	10.6950			19	
2140	10.7000			16	
2141	10.7050			12	
2142	10.7100			10	
2143	10.7150			6	
2144	10.7200			4	
2145	10.7250			0	
2146	10.7300			-2	
2147	10.7350			-6	
2148	10.7400			-8	
2149	10.7450			-11	
2150	10.7500			-14	
2151	10.7550			-17	
2152	10.7600			-20	
2153	10.7650			-23	
2154	10.7700			-26	
2155	10.7750			-29	
2156	10.7800			-32	
2157	10.7850			-34	
2158	10.7900			-37	
2159	10.7950			-40	
2160	10.8000			-43	
2161	10.8050			-46	
2162	10.8100			-48	
2163	10.8150			-51	
2164	10.8200			-53	
2165	10.8250			-56	
2166	10.8300			-58	
2167	10.8350			-60	
2168	10.8400			-63	
2169	10.8450			-65	
2170	10.8500			-67	
2171	10.8550			-69	
2172	10.8600			-71	
2173	10.8650			-73	
2174	10.8700			-75	
2175	10.8750			-77	
2176	10.8800			-78	
2177	10.8850			-80	
2178	10.8900			-82	
2179	10.8950			-83	
2180	10.9000			-85	
2181	10.9050			-86	
2182	10.9100			-88	
2183	10.9150			-89	
2184	10.9200			-90	
2185	10.9250			-91	
2186	10.9300			-92	
2187	10.9350			-92	
2188	10.9400			-93	
2189	10.9450			-94	
2190	10.9500			-94	
2191	10.9550			-95	
2192	10.9600			-95	
2193	10.9650			-96	
2194	10.9700			-96	
2195	10.9750			-96	
2196	10.9800			-96	
2197	10.9850			-96	
2198	10.9900			-96	
2199	10.9950			-95	
2200	11.0000			-95	
2201	11.0050			-94	
2202	11.0100			-94	
2203	11.0150			-93	
2204	11.0200			-92	
2205	11.0250			-92	
2206	11.0300			-91	
2207	11.0350			-90	
2208	11.0400			-89	
2209	11.0450			-88	
2210	11.0500			-86	
2211	11.0550			-85	
2212	11.0600			-84	
2213	11.0650			-82	
2214	11.0700			-80	
2215	11.0750			-79	
2216	11.0800			-77	
2217	11.0850			-75	
2218	11.0900			-73	
2219	11.0950			-72	
2220	11.1000			-70	
2221	11.1050			-67	
2222	11.1100			-65	
2223	11.1150			-63	
2224	11.1200			-60	
2225	11.1250			-58	
2226	11.1300			-56	
2227	11.1350			-53	
2228	11.1400			-51	
2229	11.1450			-48	
2230	11.1500			-46	
2231	11.1550			-43	
2232	11.1600			-40	
2233	11.1650			-38	
2234	11.1700			-35	
2235	11.1750			-32	
2236	11.1800			-29	
2237	11.1850			-26	
2238	11.1900			-24	
2239	11.1950			-21	
2240	11.2000			-18	
2241	11.2050			-14	
2242	11.2100			-12	
2243	11.2150			-9	
2244	11.2200			-6	
2245	11.2250			-3	
2246	11.2300			0	
2247	11.2350			3	
2248	11.2400			6	
2249	11.2450			9	
2250	11.2500			12	
2251	11.2550			15	
2252	11.2600			18	
2253	11.2650			21	
2254	11.2700			24	
2255	11.2750			27	
2256	11.2800			30	
2257	11.2850			32	
2258	11.2900			35	
2259	11.2950			38	
2260	11.3000			41	
2261	11.3050			44	
2262	11.3100			46	
2263	11.3150			49	
2264	11.3200			52	
2265	11.3250			54	
2266	11.3300			57	
2267	11.3350			59	
2268	11.3400			62	
2269	11.3450			64	
2270	11.3500			66	
2271	11.3550			68	
2272	11.3600			70	
2273	11.3650			72	
2274	11.3700			74	
2275	11.3750			76	
2276	11.3800			78	
2277	11.3850			80	
2278	11.3900			82	
2279	11.3950			83	
2280	11.4000			85	
2281	11.4050			86	
2282	11.4100			88	
2283	11.4150			89	
2284	11.4200			90	
2285	11.4250			91	
2286	11.4300			92	
2287	11.4350			93	
2288	11.4400			94	
2289	11.4450			95	
2290	11.4500			96	
2291	11.4550			96	
2292	11.4600			97	
2293	11.4650			97	
2294	11.4700			98	
2295	11.4750			98	
2296	11.4800			98	
2297	11.4850			98	
2298	11.4900			98	
2299	11.4950			98	
2300	11.5000			98	
2301	11.5050			97	
2302	11.5100			97	
2303	11.5150			96	
2304	11.5200			96	
2305	11.5250			95	
2306	11.5300			94	
2307	11.5350			94	
2308	11.5400			92	
2309	11.5450			92	
2310	11.5500			90	
2311	11.5550			89	
2312	11.5600			88	
2313	11.5650			86	
2314	11.5700			85	
2315	11.5750			84	
2316	11.5800			82	
2317	11.5850			80	
2318	11.5900			78	
2319	11.5950			77	
2320	11.6000			75	
2321	11.6050			73	
2322	11.6100			71	
2323	11.6150			68	
2324	11.6200			66	
2325	11.6250			64	
2326	11.6300			62	
2327	11.6350			60	
2328	11.6400			57	
2329	11.6450			54	
2330	11.6500			52	
2331	11.6550			50	
2332	11.6600			47	
2333	11.6650			44	
2334	11.6700			42	
2335	11.6750			39	
2336	11.6800			36	
2337	11.6850			33	
2338	11.6900			30	
2339	11.6950			28	
2340	11.7000			25	
2341	11.7050			22	
2342	11.7100			19	
2343	11.7150			16	
2344	11.7200			13	
2345	11.7250			10	
2346	11.7300			7	
2347	11.7350			4	
2348	11.7400			1	
2349	11.7450			-2	
2350	11.7500			-5	
2351	11.7550			-8	
2352	11.7600			-11	
2353	11.7650			-14	
2354	11.7700			-17	
2355	11.7750			-20	
2356	11.7800			-22	
2357	11.7850			-26	
2358	11.7900			-28	
2359	11.7950			-31	
2360	11.8000			-34	
2361	11.8050			-37	
2362	11.8100			-40	
2363	11.8150			-42	
2364	11.8200			-45	
2365	11.8250			-48	
2366	11.8300			-50	
2367	11.8350			-52	
2368	11.8400			-55	
2369	11.8450			-57	
2370	11.8500			-60	
2371	11.8550			-62	
2372	11.8600			-64	
2373	11.8650			-66	
2374	11.8700			-68	
2375	11.8750			-70	
2376	11.8800			-72	
2377	11.8850			-74	
2378	11.8900			-76	
2379	11.8950			-78	
2380	11.9000			-79	
2381	11.9050			-81	
2382	11.9100			-82	
2383	11.9150			-84	
2384	11.9200			-85	
2385	11.9250			-86	
2386	11.9300			-88	
2387	11.9350			-89	
2388	11.9400			-90	
2389	11.9450			-91	
2390	11.9500			-92	
2391	11.9550			-92	
2392	11.9600			-93	
2393	11.9650			-94	
2394	11.9700			-94	
2395	11.9750			-94	
2396	11.9800			-95	
2397	11.9850			-95	
2398	11.9900			-95	
2399	11.9950			-95	
2400	12.0000			-95	
2401	12.0050			-95	
2402	12.0100			-94	
2403	12.0150			-94	
2404	12.0200			-94	
2405	12.0250			-93	
2406	12.0300			-92	
2407	12.0350			-92	
2408	12.0400			-91	
2409	12.0450			-90	
2410	12.0500			-89	
2411	12.0550			-88	
2412	12.0600			-87	
2413	12.0650			-86	
2414	12.0700			-84	
2415	12.0750			-83	
2416	12.0800			-82	
2417	12.0850			-80	
2418	12.0900			-78	
2419	12.0950			-76	
2420	12.1000			-75	
2421	12.1050			-73	
2422	12.1100			-71	
2423	12.1150			-69	
2424	12.1200			-67	
2425	12.1250			-65	
2426	12.1300			-62	
2427	12.1350			-60	
2428	12.1400			-58	
2429	12.1450			-56	
2430	12.1500			-53	
2431	12.1550			-51	
2432	12.1600			-48	
2433	12.1650			-46	
2434	12.1700			-43	
2435	12.1750			-40	
2436	12.1800			-38	
2437	12.1850			-35	
2438	12.1900			-32	
2439	12.1950			-29	
2440	12.2000			-26	
2441	12.2050			-24	
2442	12.2100			-20	
2443	12.2150			-18	
2444	12.2200			-15	
2445	12.2250			-12	
2446	12.2300			-9	
2447	12.2350			-6	
2448	12.2400			-3	
2449	12.2450			0	
2450	12.2500			3	
2451	12.2550			6	
2452	12.2600			9	
2453	12.2650			12	
2454	12.2700			15	
2455	12.2750			18	
2456	12.2800			20	
2457	12.2850			24	
2458	12.2900			26	
2459	12.2950			29	
2460	12.3000			32	
2461	12.3050			35	
2462	12.3100			38	
2463	12.3150			40	
2464	12.3200			43	
2465	12.3250			46	
2466	12.3300			48	
2467	12.3350			51	
2468	12.3400			54	
2469	12.3450			56	
2470	12.3500			58	
2471	12.3550			61	
2472	12.3600			63	
2473	12.3650			65	
2474	12.3700			67	
2475	12.3750			70	
2476	12.3800			72	
2477	12.3850			74	
2478	12.3900			76	
2479	12.3950			77	
2480	12.4000			79	
2481	12.4050			81	
2482	12.4100			82	
2483	12.4150			84	
2484	12.4200			86	
2485	12.4250			87	
2486	12.4300			88	
2487	12.4350			89	
2488	12.4400			90	
2489	12.4450			92	
2490	12.4500			92	
2491	12.4550			93	
2492	12.4600			94	
2493	12.4650			95	
2494	12.4700			96	
2495	12.4750			96	
2496	12.4800			96	
2497	12.4850			97	
2498	12.4900			97	
2499	12.4950			97	
2500	12.5000			97	
2501	12.5050			97	
2502	12.5100			97	
2503	12.5150			97	
2504	12.5200			96	
2505	12.5250			96	
2506	12.5300			96	
2507	12.5350			95	
2508	12.5400			94	
2509	12.5450			94	
2510	12.5500			93	
2511	12.5550			92	
2512	12.5600			91	
2513	12.5650			90	
2514	12.5700			88	
2515	12.5750			87	
2516	12.5800			86	
2517	12.5850			84	
2518	12.5900			83	
2519	12.5950			82	
2520	12.6000			80	
2521	12.6050			78	
2522	12.6100			76	
2523	12.6150			74	
2524	12.6200			72	
2525	12.6250			70	
2526	12.6300			68	
2527	12.6350			66	
2528	12.6400			64	
2529	12.6450			62	
2530	12.6500			59	
2531	12.6550			57	
2532	12.6600			54	
2533	12.6650			52	
2534	12.6700			49	
2535	12.6750			47	
2536	12.6800			44	
2537	12.6850			42	
2538	12.6900			39	
2539	12.6950			36	
2540	12.7000			33	
2541	12.7050			30	
2542	12.7100			28	
2543	12.7150			25	
2544	12.7200			22	
2545	12.7250			19	
2546	12.7300			16	
2547	12.7350			13	
2548	12.7400			10	
2549	12.7450			7	
2550	12.7500			4	
2551	12.7550			1	
2552	12.7600			-2	
2553	12.7650			-4	
2554	12.7700			-8	
2555	12.7750			-10	
2556	12.7800			-13	
2557	12.7850			-16	
2558	12.7900			-19	
2559	12.7950			-22	
2560	12.8000			-25	
2561	12.8050			-28	
2562	12.8100			-31	
2563	12.8150			-34	
2564	12.8200			-36	
2565	12.8250			-39	
2566	12.8300			-42	
2567	12.8350			-44	
2568	12.8400			-47	
2569	12.8450			-49	
2570	12.8500			-52	
2571	12.8550			-54	
2572	12.8600			-56	
2573	12.8650			-59	
2574	12.8700			-61	
2575	12.8750			-63	
2576	12.8800			-66	
2577	12.8850			-68	
2578	12.8900			-70	
2579	12.8950			-72	
2580	12.9000			-73	
2581	12.9050			-75	
2582	12.9100			-77	
2583	12.9150			-79	
2584	12.9200			-80	
2585	12.9250			-82	
2586	12.9300			-83	
2587	12.9350			-84	
2588	12.9400			-86	
2589	12.9450			-87	
2590	12.9500			-88	
2591	12.9550			-89	
2592	12.9600			-90	
2593	12.9650			-91	
2594	12.9700			-91	
2595	12.9750			-92	
2596	12.9800			-93	
2597	12.9850			-93	
2598	12.9900			-94	
2599	12.9950			-94	
2600	13.0000			-94	
2601	13.0050			-94	
2602	13.0100			-94	
2603	13.0150			-94	
2604	13.0200			-94	
2605	13.0250			-94	
2606	13.0300			-93	
2607	13.0350			-93	
2608	13.0400			-92	
2609	13.0450			-92	
2610	13.0500			-91	
2611	13.0550			-90	
2612	13.0600			-89	
2613	13.0650			-88	
2614	13.0700			-87	
2615	13.0750			-86	
2616	13.0800			-85	
2617	13.0850			-84	
2618	13.0900			-82	
2619	13.0950			-81	
2620	13.1000			-79	
2621	13.1050			-78	
2622	13.1100			-76	
2623	13.1150			-74	
2624	13.1200			-72	
2625	13.1250			-70	
2626	13.1300			-68	
2627	13.1350			-66	
2628	13.1400			-64	
2629	13.1450			-62	
2630	13.1500			-60	
2631	13.1550			-58	
2632	13.1600			-55	
2633	13.1650			-53	
2634	13.1700			-50	
2635	13.1750			-48	
2636	13.1800			-46	
2637	13.1850			-43	
2638	13.1900			-40	
2639	13.1950			-38	
2640	13.2000			-35	
2641	13.2050			-32	
2642	13.2100			-29	
2643	13.2150			-26	
2644	13.2200			-24	
2645	13.2250			-21	
2646	13.2300			-18	
2647	13.2350			-15	
2648	13.2400			-12	
2649	13.2450			-9	
2650	13.2500			-6	
2651	13.2550			-3	
2652	13.2600			0	
2653	13.2650			2	
2654	13.2700			6	
2655	13.2750			8	
2656	13.2800			11	
2657	13.2850			14	
2658	13.2900			17	
2659	13.2950			20	
2660	13.3000			23	
2661	13.3050			26	
2662	13.3100			29	
2663	13.3150			32	
2664	13.3200			34	
2665	13.3250			37	
2666	13.3300			40	
2667	13.3350			42	
2668	13.3400			45	
2669	13.3450			48	
2670	13.3500			50	
2671	13.3550			53	
2672	13.3600			55	
2673	13.3650			58	
2674	13.3700			60	
2675	13.3750			62	
2676	13.3800			64	
2677	13.3850			66	
2678	13.3900			68	
2679	13.3950			70	
2680	13.4000			72	
2681	13.4050			74	
2682	13.4100			76	
2683	13.4150			78	
2684	13.4200			80	
2685	13.4250			82	
2686	13.4300			83	
2687	13.4350			84	
2688	13.4400			86	
2689	13.4450			87	
2690	13.4500			88	
2691	13.4550			90	
2692	13.4600			90	
2693	13.4650			92	
2694	13.4700			92	
2695	13.4750			93	
2696	13.4800			94	
2697	13.4850			94	
2698	13.4900			95	
2699	13.4950			95	
2700	13.5000			96	
2701	13.5050			96	
2702	13.5100			96	
2703	13.5150			96	
2704	13.5200			96	
2705	13.5250			96	
2706	13.5300			96	
2707	13.5350			96	
2708	13.5400			95	
2709	13.5450			95	
2710	13.5500			94	
2711	13.5550			94	
2712	13.5600			93	
2713	13.5650			92	
2714	13.5700			91	
2715	13.5750			90	
2716	13.5800			89	
2717	13.5850			88	
2718	13.5900			87	
2719	13.5950			85	
2720	13.6000			84	
2721	13.6050			82	
2722	13.6100			81	
2723	13.6150			79	
2724	13.6200			77	
2725	13.6250			76	
2726	13.6300			74	
2727	13.6350			72	
2728	13.6400			70	
2729	13.6450			68	
2730	13.6500			66	
2731	13.6550			64	
2732	13.6600			61	
2733	13.6650			59	
2734	13.6700			56	
2735	13.6750			54	
2736	13.6800			52	
2737	13.6850			49	
2738	13.6900			47	
2739	13.6950			44	
2740	13.7000			42	
2741	13.7050			38	
2742	13.7100			36	
2743	13.7150			33	
2744	13.7200			30	
2745	13.7250			28	
2746	13.7300			25	
2747	13.7350			22	
2748	13.7400			19	
2749	13.7450			16	
2750	13.7500			13	
2751	13.7550			10	
2752	13.7600			8	
2753	13.7650			4	
2754	13.7700			2	
2755	13.7750			-1	
2756	13.7800			-4	
2757	13.7850			-7	
2758	13.7900			-10	
2759	13.7950			-13	
2760	13.8000			-16	
2761	13.8050			-19	
2762	13.8100			-22	
2763	13.8150			-24	
2764	13.8200			-27	
2765	13.8250			-30	
2766	13.8300			-33	
2767	13.8350			-36	
2768	13.8400			-38	
2769	13.8450			-41	
2770	13.8500			-44	
2771	13.8550			-46	
2772	13.8600			-48	
2773	13.8650			-51	
2774	13.8700			-53	
2775	13.8750			-56	
2776	13.8800			-58	
2777	13.8850			-60	
2778	13.8900			-62	
2779	13.8950			-64	
2780	13.9000			-66	
2781	13.9050			-69	
2782	13.9100			-71	
2783	13.9150			-72	
2784	13.9200			-74	
2785	13.9250			-76	
2786	13.9300			-78	
2787	13.9350			-79	
2788	13.9400			-81	
2789	13.9450			-82	
2790	13.9500			-84	
2791	13.9550			-85	
2792	13.9600			-86	
2793	13.9650			-87	
2794	13.9700			-88	
2795	13.9750			-89	
2796	13.9800			-90	
2797	13.9850			-90	
2798	13.9900			-91	
2799	13.9950			-92	
2800	14.0000			-92	
2801	14.0050			-92	
2802	14.0100			-93	
2803	14.0150			-93	
2804	14.0200			-93	
2805	14.0250			-93	
2806	14.0300			-93	
2807	14.0350			-93	
2808	14.0400			-93	
2809	14.0450			-92	
2810	14.0500			-92	
2811	14.0550			-92	
2812	14.0600			-91	
2813	14.0650			-90	
2814	14.0700			-90	
2815	14.0750			-89	
2816	14.0800			-88	
2817	14.0850			-87	
2818	14.0900			-86	
2819	14.0950			-84	
2820	14.1000			-83	
2821	14.1050			-82	
2822	14.1100			-80	
2823	14.1150			-79	
2824	14.1200			-77	
2825	14.1250			-75	
2826	14.1300			-74	
2827	14.1350			-72	
2828	14.1400			-70	
2829	14.1450			-68	
2830	14.1500			-66	
2831	14.1550			-64	
2832	14.1600			-62	
2833	14.1650			-60	
2834	14.1700			-57	
2835	14.1750			-55	
2836	14.1800			-53	
2837	14.1850			-50	
2838	14.1900			-48	
2839	14.1950			-45	
2840	14.2000			-43	
2841	14.2050			-40	
2842	14.2100			-37	
2843	14.2150			-35	
2844	14.2200			-32	
2845	14.2250			-29	
2846	14.2300			-26	
2847	14.2350			-24	
2848	14.2400			-21	
2849	14.2450			-18	
2850	14.2500			-15	
2851	14.2550			-12	
2852	14.2600			-9	
2853	14.2650			-6	
2854	14.2700			-4	
2855	14.2750			-1	
2856	14.2800			2	
2857	14.2850			5	
2858	14.2900			8	
2859	14.2950			11	
2860	14.3000			14	
2861	14.3050			17	
2862	14.3100			20	
2863	14.3150			23	
2864	14.3200			26	
2865	14.3250			28	
2866	14.3300			31	
2867	14.3350			34	
2868	14.3400			36	
2869	14.3450			39	
2870	14.3500			42	
2871	14.3550			44	
2872	14.3600			47	
2873	14.3650			50	
2874	14.3700			52	
2875	14.3750			54	
2876	14.3800			57	
2877	14.3850			59	
2878	14.3900			61	
2879	14.3950			64	
2880	14.4000			66	
2881	14.4050			68	
2882	14.4100			70	
2883	14.4150			72	
2884	14.4200			74	
2885	14.4250			76	
2886	14.4300			77	
2887	14.4350			79	
2888	14.4400			80	
2889	14.4450			82	
2890	14.4500			84	
2891	14.4550			85	
2892	14.4600			86	
2893	14.4650			88	
2894	14.4700			88	
2895	14.4750			90	
2896	14.4800			90	
2897	14.4850			92	
2898	14.4900			92	
2899	14.4950			93	
2900	14.5000			94	
2901	14.5050			94	
2902	14.5100			94	
2903	14.5150			95	
2904	14.5200			95	
2905	14.5250			95	
2906	14.5300			95	
2907	14.5350			95	
2908	14.5400			95	
2909	14.5450			95	
2910	14.5500			95	
2911	14.5550			94	
2912	14.5600			94	
2913	14.5650			94	
2914	14.5700			93	
2915	14.5750			92	
2916	14.5800			91	
2917	14.5850			90	
2918	14.5900			90	
2919	14.5950			88	
2920	14.6000			87	
2921	14.6050			86	
2922	14.6100			84	
2923	14.6150			83	
2924	14.6200			82	
2925	14.6250			80	
2926	14.6300			78	
2927	14.6350			77	
2928	14.6400			75	
2929	14.6450			73	
2930	14.6500			71	
2931	14.6550			69	
2932	14.6600			67	
2933	14.6650			65	
2934	14.6700			63	
2935	14.6750			61	
2936	14.6800			58	
2937	14.6850			56	
2938	14.6900			54	
2939	14.6950			52	
2940	14.7000			49	
2941	14.7050			46	
2942	14.7100			44	
2943	14.7150			41	
2944	14.7200			38	
2945	14.7250			36	
2946	14.7300			33	
2947	14.7350			30	
2948	14.7400			28	
2949	14.7450			25	
2950	14.7500			22	
2951	14.7550			19	
2952	14.7600			16	
2953	14.7650			14	
2954	14.7700			10	
2955	14.7750			8	
2956	14.7800			5	
2957	14.7850			2	
2958	14.7900			-1	
2959	14.7950			-4	
2960	14.8000			-7	
2961	14.8050			-10	
2962	14.8100			-13	
2963	14.8150			-16	
2964	14.8200			-18	
2965	14.8250			-21	
2966	14.8300			-24	
2967	14.8350			-27	
2968	14.8400			-30	
2969	14.8450			-32	
2970	14.8500			-35	
2971	14.8550			-38	
2972	14.8600			-40	
2973	14.8650			-43	
2974	14.8700			-45	
2975	14.8750			-48	
2976	14.8800			-50	
2977	14.8850			-53	
2978	14.8900			-55	
2979	14.8950			-57	
2980	14.9000			-60	
2981	14.9050			-62	
2982	14.9100			-64	
2983	14.9150			-66	
2984	14.9200			-68	
2985	14.9250			-70	
2986	14.9300			-72	
2987	14.9350			-74	
2988	14.9400			-75	
2989	14.9450			-77	
2990	14.9500			-78	
2991	14.9550			-80	
2992	14.9600			-81	
2993	14.9650			-82	
2994	14.9700			-84	
2995	14.9750			-85	
2996	14.9800			-86	
2997	14.9850			-87	
2998	14.9900			-88	
2999	14.9950			-89	
3000	15.0000			-90	
3001	15.0050			-90	
3002	15.0100			-91	
3003	15.0150			-91	
3004	15.0200			-92	
3005	15.0250			-92	
3006	15.0300			-92	
3007	15.0350			-92	
3008	15.0400			-92	
3009	15.0450			-92	
3010	15.0500			-92	
3011	15.0550			-92	
3012	15.0600			-92	
3013	15.0650			-91	
3014	15.0700			-91	
3015	15.0750			-90	
3016	15.0800			-90	
3017	15.0850			-89	
3018	15.0900			-88	
3019	15.0950			-87	
3020	15.1000			-86	
3021	15.1050			-85	
3022	15.1100			-84	
3023	15.1150			-82	
3024	15.1200			-81	
3025	15.1250			-80	
3026	15.1300			-78	
3027	15.1350			-76	
3028	15.1400			-75	
3029	15.1450			-73	
3030	15.1500			-71	
3031	15.1550			-70	
3032	15.1600			-68	
3033	15.1650			-66	
3034	15.1700			-64	
3035	15.1750			-62	
3036	15.1800			-59	
3037	15.1850			-57	
3038	15.1900			-55	
3039	15.1950			-52	
3040	15.2000			-50	
3041	15.2050			-48	
3042	15.2100			-45	
3043	15.2150			-42	
3044	15.2200			-40	
3045	15.2250			-37	
3046	15.2300			-35	
3047	15.2350			-32	
3048	15.2400			-29	
3049	15.2450			-26	
3050	15.2500			-24	
3051	15.2550			-21	
3052	15.2600			-18	
3053	15.2650			-15	
3054	15.2700			-12	
3055	15.2750			-10	
3056	15.2800			-7	
3057	15.2850			-4	
3058	15.2900			-1	
3059	15.2950			2	
3060	15.3000			5	
3061	15.3050			8	
3062	15.3100			11	
3063	15.3150			14	
3064	15.3200			16	
3065	15.3250			19	
3066	15.3300			22	
3067	15.3350			25	
3068	15.3400			28	
3069	15.3450			30	
3070	15.3500			33	
3071	15.3550			36	
3072	15.3600			38	
3073	15.3650			41	
3074	15.3700			44	
3075	15.3750			46	
3076	15.3800			49	
3077	15.3850			51	
3078	15.3900			54	
3079	15.3950			56	
3080	15.4000			58	
3081	15.4050			61	
3082	15.4100			63	
3083	15.4150			65	
3084	15.4200			67	
3085	15.4250			69	
3086	15.4300			71	
3087	15.4350			73	
3088	15.4400			75	
3089	15.4450			76	
3090	15.4500			78	
3091	15.4550			80	
3092	15.4600			81	
3093	15.4650			83	
3094	15.4700			84	
3095	15.4750			85	
3096	15.4800			86	
3097	15.4850			88	
3098	15.4900			89	
3099	15.4950			90	
3100	15.5000			90	
3101	15.5050			91	
3102	15.5100			92	
3103	15.5150			93	
3104	15.5200			93	
3105	15.5250			94	
3106	15.5300			94	
3107	15.5350			94	
3108	15.5400			94	
3109	15.5450			94	
3110	15.5500			94	
3111	15.5550			94	
3112	15.5600			94	
3113	15.5650			94	
3114	15.5700			94	
3115	15.5750			93	
3116	15.5800			93	
3117	15.5850			92	
3118	15.5900			91	
3119	15.5950			90	
3120	15.6000			90	
3121	15.6050			89	
3122	15.6100			88	
3123	15.6150			86	
3124	15.6200			85	
3125	15.6250			84	
3126	15.6300			83	
3127	15.6350			81	
3128	15.6400			80	
3129	15.6450			78	
3130	15.6500			76	
3131	15.6550			75	
3132	15.6600			73	
3133	15.6650			71	
3134	15.6700			69	
3135	15.6750			67	
3136	15.6800			65	
3137	15.6850			63	
3138	15.6900			61	
3139	15.6950			58	
3140	15.7000			56	
3141	15.7050			54	
3142	15.7100			51	
3143	15.7150			49	
3144	15.7200			46	
3145	15.7250			44	
3146	15.7300			41	
3147	15.7350			38	
3148	15.7400			36	
3149	15.7450			33	
3150	15.7500			30	
3151	15.7550			28	
3152	15.7600			25	
3153	15.7650			22	
3154	15.7700			19	
3155	15.7750			16	
3156	15.7800			14	
3157	15.7850			11	
3158	15.7900			8	
3159	15.7950			5	
3160	15.8000			2	
3161	15.8050			-1	
3162	15.8100			-4	
3163	15.8150			-6	
3164	15.8200			-9	
3165	15.8250			-12	
3166	15.8300			-15	
3167	15.8350			-18	
3168	15.8400			-21	
3169	15.8450			-24	
3170	15.8500			-26	
3171	15.8550			-29	
3172	15.8600			-32	
3173	15.8650			-34	
3174	15.8700			-37	
3175	15.8750			-40	
3176	15.8800			-42	
3177	15.8850			-44	
3178	15.8900			-47	
3179	15.8950			-50	
3180	15.9000			-52	
3181	15.9050			-54	
3182	15.9100			-56	
3183	15.9150			-59	
3184	15.9200			-61	
3185	15.9250			-63	
3186	15.9300			-65	
3187	15.9350			-67	
3188	15.9400			-69	
3189	15.9450			-71	
3190	15.9500			-72	
3191	15.9550			-74	
3192	15.9600			-76	
3193	15.9650			-77	
3194	15.9700			-79	
3195	15.9750			-80	
3196	15.9800			-82	
3197	15.9850			-83	
3198	15.9900			-84	
3199	15.9950			-85	
3200	16.0000			-86	
3201	16.0050			-87	
3202	16.0100			-88	
3203	16.0150			-89	
3204	16.0200			-89	
3205	16.0250			-90	
3206	16.0300			-90	
3207	16.0350			-91	
3208	16.0400			-91	
3209	16.0450			-91	
3210	16.0500			-92	
3211	16.0550			-92	
3212	16.0600			-92	
3213	16.0650			-91	
3214	16.0700			-91	
3215	16.0750			-91	
3216	16.0800			-90	
3217	16.0850			-90	
3218	16.0900			-89	
3219	16.0950			-89	
3220	16.1000			-88	
3221	16.1050			-87	
3222	16.1100			-86	
3223	16.1150			-85	
3224	16.1200			-84	
3225	16.1250			-83	
3226	16.1300			-82	
3227	16.1350			-80	
3228	16.1400			-79	
3229	16.1450			-78	
3230	16.1500			-76	
3231	16.1550			-74	
3232	16.1600			-73	
3233	16.1650			-71	
3234	16.1700			-69	
3235	16.1750			-67	
3236	16.1800			-65	
3237	16.1850			-63	
3238	16.1900			-61	
3239	16.1950			-59	
3240	16.2000			-57	
3241	16.2050			-54	
3242	16.2100			-52	
3243	16.2150			-50	
3244	16.2200			-47	
3245	16.2250			-45	
3246	16.2300			-42	
3247	16.2350			-40	
3248	16.2400			-37	
3249	16.2450			-34	
3250	16.2500			-32	
3251	16.2550			-29	
3252	16.2600			-26	
3253	16.2650			-24	
3254	16.2700			-21	
3255	16.2750			-18	
3256	16.2800			-15	
3257	16.2850			-12	
3258	16.2900			-10	
3259	16.2950			-7	
3260	16.3000			-4	
3261	16.3050			-1	
3262	16.3100			2	
3263	16.3150			5	
3264	16.3200			8	
3265	16.3250			10	
3266	16.3300			13	
3267	16.3350			16	
3268	16.3400			19	
3269	16.3450			22	
3270	16.3500			24	
3271	16.3550			27	
3272	16.3600			30	
3273	16.3650			32	
3274	16.3700			35	
3275	16.3750			38	
3276	16.3800			40	
3277	16.3850			43	
3278	16.3900			46	
3279	16.3950			48	
3280	16.4000			50	
3281	16.4050			53	
3282	16.4100			55	
3283	16.4150			58	
3284	16.4200			60	
3285	16.4250			62	
3286	16.4300			64	
3287	16.4350			66	
3288	16.4400			68	
3289	16.4450			70	
3290	16.4500			72	
3291	16.4550			74	
3292	16.4600			76	
3293	16.4650			77	
3294	16.4700			79	
3295	16.4750			80	
3296	16.4800			82	
3297	16.4850			83	
3298	16.4900			84	
3299	16.4950			86	
3300	16.5000			87	
3301	16.5050			88	
3302	16.5100			89	
3303	16.5150			90	
3304	16.5200			90	
3305	16.5250			91	
3306	16.5300			92	
3307	16.5350			92	
3308	16.5400			92	
3309	16.5450			93	
3310	16.5500			93	
3311	16.5550			93	
3312	16.5600			94	
3313	16.5650			94	
3314	16.5700			94	
3315	16.5750			93	
3316	16.5800			93	
3317	16.5850			93	
3318	16.5900			92	
3319	16.5950			92	
3320	16.6000			91	
3321	16.6050			90	
3322	16.6100			90	
3323	16.6150			89	
3324	16.6200			88	
3325	16.6250			87	
3326	16.6300			86	
3327	16.6350			84	
3328	16.6400			83	
3329	16.6450			82	
3330	16.6500			80	
3331	16.6550			79	
3332	16.6600			77	
3333	16.6650			76	
3334	16.6700			74	
3335	16.6750			72	
3336	16.6800			70	
3337	16.6850			68	
3338	16.6900			66	
3339	16.6950			64	
3340	16.7000			62	
3341	16.7050			60	
3342	16.7100			58	
3343	16.7150			56	
3344	16.7200			53	
3345	16.7250			51	
3346	16.7300			48	
3347	16.7350			46	
3348	16.7400			44	
3349	16.7450			41	
3350	16.7500			38	
3351	16.7550			36	
3352	16.7600			33	
3353	16.7650			30	
3354	16.7700			28	
3355	16.7750			25	
3356	16.7800			22	
3357	16.7850			19	
3358	16.7900			16	
3359	16.7950			14	
3360	16.8000			11	
3361	16.8050			8	
3362	16.8100			5	
3363	16.8150			2	
3364	16.8200			-1	
3365	16.8250			-4	
3366	16.8300			-6	
3367	16.8350			-9	
3368	16.8400			-12	
3369	16.8450			-15	
3370	16.8500			-18	
3371	16.8550			-20	
3372	16.8600			-23	
3373	16.8650			-26	
3374	16.8700			-28	
3375	16.8750			-31	
3376	16.8800			-34	
3377	16.8850			-36	
3378	16.8900			-39	
3379	16.8950			-42	
3380	16.9000			-44	
3381	16.9050			-47	
3382	16.9100			-49	
3383	16.9150			-51	
3384	16.9200			-54	
3385	16.9250			-56	
3386	16.9300			-58	
3387	16.9350			-60	
3388	16.9400			-62	
3389	16.9450			-64	
3390	16.9500			-66	
3391	16.9550			-68	
3392	16.9600			-70	
3393	16.9650			-72	
3394	16.9700			-73	
3395	16.9750			-75	
3396	16.9800			-76	
3397	16.9850			-78	
3398	16.9900			-79	
3399	16.9950			-81	
3400	17.0000			-82	
3401	17.0050			-83	
3402	17.0100			-84	
3403	17.0150			-85	
3404	17.0200			-86	
3405	17.0250			-87	
3406	17.0300			-88	
3407	17.0350			-88	
3408	17.0400			-89	
3409	17.0450			-90	
3410	17.0500			-90	
3411	17.0550			-90	
3412	17.0600			-90	
3413	17.0650			-90	
3414	17.0700			-90	
3415	17.0750			-90	
3416	17.0800			-90	
3417	17.0850			-90	
3418	17.0900			-90	
3419	17.0950			-90	
3420	17.1000			-89	
3421	17.1050			-88	
3422	17.1100			-88	
3423	17.1150			-87	
3424	17.1200			-86	
3425	17.1250			-85	
3426	17.1300			-84	
3427	17.1350			-83	
3428	17.1400			-82	
3429	17.1450			-81	
3430	17.1500			-80	
3431	17.1550			-78	
3432	17.1600			-77	
3433	17.1650			-75	
3434	17.1700			-74	
3435	17.1750			-72	
3436	17.1800			-70	
3437	17.1850			-68	
3438	17.1900			-66	
3439	17.1950			-65	
3440	17.2000			-63	
3441	17.2050			-60	
3442	17.2100			-58	
3443	17.2150			-56	
3444	17.2200			-54	
3445	17.2250			-52	
3446	17.2300			-49	
3447	17.2350			-47	
3448	17.2400			-44	
3449	17.2450			-42	
3450	17.2500			-40	
3451	17.2550			-37	
3452	17.2600			-34	
3453	17.2650			-32	
3454	17.2700			-29	
3455	17.2750			-26	
3456	17.2800			-24	
3457	17.2850			-21	
3458	17.2900			-18	
3459	17.2950			-16	
3460	17.3000			-13	
3461	17.3050			-10	
3462	17.3100			-7	
3463	17.3150			-4	
3464	17.3200			-1	
3465	17.3250			2	
3466	17.3300			4	
3467	17.3350			7	
3468	17.3400			10	
3469	17.3450			13	
3470	17.3500			16	
3471	17.3550			18	
3472	17.3600			21	
3473	17.3650			24	
3474	17.3700			27	
3475	17.3750			30	
3476	17.3800			32	
3477	17.3850			35	
3478	17.3900			37	
3479	17.3950			40	
3480	17.4000			42	
3481	17.4050			45	
3482	17.4100			48	
3483	17.4150			50	
3484	17.4200			52	
3485	17.4250			55	
3486	17.4300			57	
3487	17.4350			59	
3488	17.4400			61	
3489	17.4450			63	
3490	17.4500			65	
3491	17.4550			67	
3492	17.4600			69	
3493	17.4650			71	
3494	17.4700			73	
3495	17.4750			75	
3496	17.4800			76	
3497	17.4850			78	
3498	17.4900			80	
3499	17.4950			81	
3500	17.5000			82	
3501	17.5050			84	
3502	17.5100			85	
3503	17.5150			86	
3504	17.5200			87	
3505	17.5250			88	
3506	17.5300			89	
3507	17.5350			90	
3508	17.5400			90	
3509	17.5450			91	
3510	17.5500			91	
3511	17.5550			92	
3512	17.5600			92	
3513	17.5650			92	
3514	17.5700			92	
3515	17.5750			93	
3516	17.5800			93	
3517	17.5850			92	
3518	17.5900			92	
3519	17.5950			92	
3520	17.6000			92	
3521	17.6050			91	
3522	17.6100			91	
3523	17.6150			90	
3524	17.6200			90	
3525	17.6250			89	
3526	17.6300			88	
3527	17.6350			87	
3528	17.6400			86	
3529	17.6450			85	
3530	17.6500			84	
3531	17.6550			82	
3532	17.6600			81	
3533	17.6650			80	
3534	17.6700			78	
3535	17.6750			77	
3536	17.6800			75	
3537	17.6850			74	
3538	17.6900			72	
3539	17.6950			70	
3540	17.7000			68	
3541	17.7050			66	
3542	17.7100			64	
3543	17.7150			62	
3544	17.7200			60	
3545	17.7250			58	
3546	17.7300			55	
3547	17.7350			53	
3548	17.7400			50	
3549	17.7450			48	
3550	17.7500			46	
3551	17.7550			43	
3552	17.7600			41	
3553	17.7650			38	
3554	17.7700			36	
3555	17.7750			33	
3556	17.7800			30	
3557	17.7850			28	
3558	17.7900			25	
3559	17.7950			22	
3560	17.8000			20	
3561	17.8050			16	
3562	17.8100			14	
3563	17.8150			11	
3564	17.8200			8	
3565	17.8250			5	
3566	17.8300			2	
3567	17.8350			0	
3568	17.8400			-3	
3569	17.8450			-6	
3570	17.8500			-9	
3571	17.8550			-12	
3572	17.8600			-14	
3573	17.8650			-17	
3574	17.8700			-20	
3575	17.8750			-22	
3576	17.8800			-25	
3577	17.8850			-28	
3578	17.8900			-30	
3579	17.8950			-33	
3580	17.9000			-36	
3581	17.9050			-38	
3582	17.9100			-41	
3583	17.9150			-44	
3584	17.9200			-46	
3585	17.9250			-48	
3586	17.9300			-50	
3587	17.9350			-53	
3588	17.9400			-55	
3589	17.9450			-57	
3590	17.9500			-59	
3591	17.9550			-62	
3592	17.9600			-64	
3593	17.9650			-65	
3594	17.9700			-67	
3595	17.9750			-69	
3596	17.9800			-71	
3597	17.9850			-72	
3598	17.9900			-74	
3599	17.9950			-76	
3600	18.0000			-77	
3601	18.0050			-78	
3602	18.0100			-80	
3603	18.0150			-81	
3604	18.0200			-82	
3605	18.0250			-83	
3606	18.0300			-84	
3607	18.0350			-85	
3608	18.0400			-86	
3609	18.0450			-87	
3610	18.0500			-87	
3611	18.0550			-88	
3612	18.0600			-88	
3613	18.0650			-89	
3614	18.0700			-89	
3615	18.0750			-90	
3616	18.0800			-90	
3617	18.0850			-90	
3618	18.0900			-90	
3619	18.0950			-90	
3620	18.1000			-89	
3621	18.1050			-89	
3622	18.1100			-88	
3623	18.1150			-88	
3624	18.1200			-88	
3625	18.1250			-87	
3626	18.1300			-86	
3627	18.1350			-86	
3628	18.1400			-84	
3629	18.1450			-84	
3630	18.1500			-82	
3631	18.1550			-82	
3632	18.1600			-80	
3633	18.1650			-79	
3634	18.1700			-78	
3635	18.1750			-76	
3636	18.1800			-75	
3637	18.1850			-73	
3638	18.1900			-72	
3639	18.1950			-70	
3640	18.2000			-68	
3641	18.2050			-66	
3642	18.2100			-64	
3643	18.2150			-62	
3644	18.2200			-60	
3645	18.2250			-58	
3646	18.2300			-56	
3647	18.2350			-54	
3648	18.2400			-51	
3649	18.2450			-49	
3650	18.2500			-47	
3651	18.2550			-44	
3652	18.2600			-42	
3653	18.2650			-39	
3654	18.2700			-37	
3655	18.2750			-34	
3656	18.2800			-32	
3657	18.2850			-29	
3658	18.2900			-26	
3659	18.2950			-24	
3660	18.3000			-21	
3661	18.3050			-18	
3662	18.3100			-15	
3663	18.3150			-12	
3664	18.3200			-10	
3665	18.3250			-7	
3666	18.3300			-4	
3667	18.3350			-2	
3668	18.3400			1	
3669	18.3450			4	
3670	18.3500			7	
3671	18.3550			10	
3672	18.3600			12	
3673	18.3650			15	
3674	18.3700			18	
3675	18.3750			21	
3676	18.3800			24	
3677	18.3850			26	
3678	18.3900			29	
3679	18.3950			32	
3680	18.4000			34	
3681	18.4050			37	
3682	18.4100			40	
3683	18.4150			42	
3684	18.4200			44	
3685	18.4250			47	
3686	18.4300			49	
3687	18.4350			52	
3688	18.4400			54	
3689	18.4450			56	
3690	18.4500			58	
3691	18.4550			60	
3692	18.4600			62	
3693	18.4650			64	
3694	18.4700			66	
3695	18.4750			68	
3696	18.4800			70	
3697	18.4850			72	
3698	18.4900			74	
3699	18.4950			75	
3700	18.5000			77	
3701	18.5050			78	
3702	18.5100			80	
3703	18.5150			81	
3704	18.5200			82	
3705	18.5250			84	
3706	18.5300			85	
3707	18.5350			86	
3708	18.5400			87	
3709	18.5450			88	
3710	18.5500			88	
3711	18.5550			89	
3712	18.5600			90	
3713	18.5650			90	
3714	18.5700			91	
3715	18.5750			91	
3716	18.5800			91	
3717	18.5850			92	
3718	18.5900			92	
3719	18.5950			92	
3720	18.6000			92	
3721	18.6050			92	
3722	18.6100			91	
3723	18.6150			91	
3724	18.6200			90	
3725	18.6250			90	
3726	18.6300			90	
3727	18.6350			89	
3728	18.6400			88	
3729	18.6450			87	
3730	18.6500			86	
3731	18.6550			85	
3732	18.6600			84	
3733	18.6650			83	
3734	18.6700			82	
3735	18.6750			80	
3736	18.6800			79	
3737	18.6850			78	
3738	18.6900			76	
3739	18.6950			74	
3740	18.7000			73	
3741	18.7050			71	
3742	18.7100			69	
3743	18.7150			67	
3744	18.7200			65	
3745	18.7250			63	
3746	18.7300			61	
3747	18.7350			59	
3748	18.7400			57	
3749	18.7450			55	
3750	18.7500			52	
3751	18.7550			50	
3752	18.7600			48	
3753	18.7650			46	
3754	18.7700			43	
3755	18.7750			40	
3756	18.7800			38	
3757	18.7850			36	
3758	18.7900			33	
3759	18.7950			30	
3760	18.8000			28	
3761	18.8050			25	
3762	18.8100			22	
3763	18.8150			19	
3764	18.8200			16	
3765	18.8250			14	
3766	18.8300			11	
3767	18.8350			8	
3768	18.8400			6	
3769	18.8450			3	
3770	18.8500			0	
3771	18.8550			-3	
3772	18.8600			-6	
3773	18.8650			-8	
3774	18.8700			-11	
3775	18.8750			-14	
3776	18.8800			-16	
3777	18.8850			-19	
3778	18.8900			-22	
3779	18.8950			-24	
3780	18.9000			-27	
3781	18.9050			-30	
3782	18.9100			-33	
3783	18.9150			-35	
3784	18.9200			-38	
3785	18.9250			-40	
3786	18.9300			-43	
3787	18.9350			-45	
3788	18.9400			-48	
3789	18.9450			-50	
3790	18.9500			-52	
3791	18.9550			-54	
3792	18.9600			-56	
3793	18.9650			-58	
3794	18.9700			-60	
3795	18.9750			-62	
3796	18.9800			-64	
3797	18.9850			-66	
3798	18.9900			-68	
3799	18.9950			-70	
3800	19.0000			-72	
3801	19.0050			-73	
3802	19.0100			-75	
3803	19.0150			-76	
3804	19.0200			-78	
3805	19.0250			-79	
3806	19.0300			-80	
3807	19.0350			-81	
3808	19.0400			-82	
3809	19.0450			-83	
3810	19.0500			-84	
3811	19.0550			-85	
3812	19.0600			-86	
3813	19.0650			-86	
3814	19.0700			-87	
3815	19.0750			-88	
3816	19.0800			-88	
3817	19.0850			-88	
3818	19.0900			-88	
3819	19.0950			-89	
3820	19.1000			-89	
3821	19.1050			-89	
3822	19.1100			-88	
3823	19.1150			-88	
3824	19.1200			-88	
3825	19.1250			-88	
3826	19.1300			-87	
3827	19.1350			-87	
3828	19.1400			-86	
3829	19.1450			-86	
3830	19.1500			-85	
3831	19.1550			-84	
3832	19.1600			-83	
3833	19.1650			-82	
3834	19.1700			-81	
3835	19.1750			-80	
3836	19.1800			-78	
3837	19.1850			-77	
3838	19.1900			-76	
3839	19.1950			-74	
3840	19.2000			-72	
3841	19.2050			-71	
3842	19.2100			-69	
3843	19.2150			-67	
3844	19.2200			-66	
3845	19.2250			-64	
3846	19.2300			-62	
3847	19.2350			-60	
3848	19.2400			-58	
3849	19.2450			-56	
3850	19.2500			-53	
3851	19.2550			-51	
3852	19.2600			-49	
3853	19.2650			-46	
3854	19.2700			-44	
3855	19.2750			-42	
3856	19.2800			-39	
3857	19.2850			-37	
3858	19.2900			-34	
3859	19.2950			-32	
3860	19.3000			-29	
3861	19.3050			-26	
3862	19.3100			-24	
3863	19.3150			-21	
3864	19.3200			-18	
3865	19.3250			-16	
3866	19.3300			-13	
3867	19.3350			-10	
3868	19.3400			-7	
3869	19.3450			-4	
3870	19.3500			-2	
3871	19.3550			1	
3872	19.3600			4	
3873	19.3650			6	
3874	19.3700			9	
3875	19.3750			12	
3876	19.3800			15	
3877	19.3850			18	
3878	19.3900			20	
3879	19.3950			23	
3880	19.4000			26	
3881	19.4050			28	
3882	19.4100			31	
3883	19.4150			34	
3884	19.4200			36	
3885	19.4250			39	
3886	19.4300			41	
3887	19.4350			44	
3888	19.4400			46	
3889	19.4450			48	
3890	19.4500			51	
3891	19.4550			53	
3892	19.4600			55	
3893	19.4650			58	
3894	19.4700			60	
3895	19.4750			62	
3896	19.4800			64	
3897	19.4850			66	
3898	19.4900			68	
3899	19.4950			69	
3900	19.5000			71	
3901	19.5050			73	
3902	19.5100			74	
3903	19.5150			76	
3904	19.5200			78	
3905	19.5250			79	
3906	19.5300			80	
3907	19.5350			82	
3908	19.5400			83	
3909	19.5450			84	
3910	19.5500			85	
3911	19.5550			86	
3912	19.5600			87	
3913	19.5650			88	
3914	19.5700			88	
3915	19.5750			89	
3916	19.5800			90	
3917	19.5850			90	
3918	19.5900			90	
3919	19.5950			90	
3920	19.6000			91	
3921	19.6050			91	
3922	19.6100			91	
3923	19.6150			91	
3924	19.6200			91	
3925	19.6250			90	
3926	19.6300			90	
3927	19.6350			90	
3928	19.6400			89	
3929	19.6450			89	
3930	19.6500			88	
3931	19.6550			87	
3932	19.6600			86	
3933	19.6650			86	
3934	19.6700			85	
3935	19.6750			84	
3936	19.6800			82	
3937	19.6850			81	
3938	19.6900			80	
3939	19.6950			78	
3940	19.7000			77	
3941	19.7050			76	
3942	19.7100			74	
3943	19.7150			72	
3944	19.7200			71	
3945	19.7250			69	
3946	19.7300			67	
3947	19.7350			65	
3948	19.7400			63	
3949	19.7450			61	
3950	19.7500			59	
3951	19.7550			57	
3952	19.7600			55	
3953	19.7650			52	
3954	19.7700			50	
3955	19.7750			48	
3956	19.7800			46	
3957	19.7850			43	
3958	19.7900			40	
3959	19.7950			38	
3960	19.8000			36	
3961	19.8050			33	
3962	19.8100			30	
3963	19.8150			28	
3964	19.8200			25	
3965	19.8250			22	
3966	19.8300			20	
3967	19.8350			17	
3968	19.8400			14	
3969	19.8450			11	
3970	19.8500			9	
3971	19.8550			6	
3972	19.8600			3	
3973	19.8650			0	
3974	19.8700			-2	
3975	19.8750			-5	
3976	19.8800			-8	
3977	19.8850			-10	
3978	19.8900			-13	
3979	19.8950			-16	
3980	19.9000			-19	
3981	19.9050			-22	
3982	19.9100			-24	
3983	19.9150			-27	
3984	19.9200			-30	
3985	19.9250			-32	
3986	19.9300			-34	
3987	19.9350			-37	
3988	19.9400			-40	
3989	19.9450			-42	
3990	19.9500			-44	
3991	19.9550			-47	
3992	19.9600			-49	
3993	19.9650			-51	
3994	19.9700			-53	
3995	19.9750			-56	
3996	19.9800			-58	
3997	19.9850			-60	
3998	19.9900			-62	
3999	19.9950			-64	
4000	20.0000			-65	
4001	20.0050			-67	
4002	20.0100			-69	
4003	20.0150			-71	
4004	20.0200			-72	
4005	20.0250			-74	
4006	20.0300			-75	
4007	20.0350			-76	
4008	20.0400			-78	
4009	20.0450			-79	
4010	20.0500			-80	
4011	20.0550			-81	
4012	20.0600			-82	
4013	20.0650			-83	
4014	20.0700			-84	
4015	20.0750			-85	
4016	20.0800			-86	
4017	20.0850			-86	
4018	20.0900			-86	
4019	20.0950			-87	
4020	20.1000			-87	
4021	20.1050			-88	
4022	20.1100			-88	
4023	20.1150			-88	
4024	20.1200			-88	
4025	20.1250			-88	
4026	20.1300			-88	
4027	20.1350			-87	
4028	20.1400			-87	
4029	20.1450			-86	
4030	20.1500			-86	
4031	20.1550			-85	
4032	20.1600			-85	
4033	20.1650			-84	
4034	20.1700			-83	
4035	20.1750			-82	
4036	20.1800			-81	
4037	20.1850			-80	
4038	20.1900			-79	
4039	20.1950			-78	
4040	20.2000			-76	
4041	20.2050			-75	
4042	20.2100			-73	
4043	20.2150			-72	
4044	20.2200			-70	
4045	20.2250			-68	
4046	20.2300			-67	
4047	20.2350			-65	
4048	20.2400			-63	
4049	20.2450			-61	
4050	20.2500			-59	
4051	20.2550			-57	
4052	20.2600			-55	
4053	20.2650			-53	
4054	20.2700			-51	
4055	20.2750			-48	
4056	20.2800			-46	
4057	20.2850			-44	
4058	20.2900			-42	
4059	20.2950			-39	
4060	20.3000			-37	
4061	20.3050			-34	
4062	20.3100			-31	
4063	20.3150			-29	
4064	20.3200			-26	
4065	20.3250			-24	
4066	20.3300			-21	
4067	20.3350			-18	
4068	20.3400			-16	
4069	20.3450			-13	
4070	20.3500			-10	
4071	20.3550			-8	
4072	20.3600			-5	
4073	20.3650			-2	
4074	20.3700			1	
4075	20.3750			4	
4076	20.3800			6	
4077	20.3850			9	
4078	20.3900			12	
4079	20.3950			14	
4080	20.4000			17	
4081	20.4050			20	
4082	20.4100			23	
4083	20.4150			25	
4084	20.4200			28	
4085	20.4250			30	
4086	20.4300			33	
4087	20.4350			36	
4088	20.4400			38	
4089	20.4450			41	
4090	20.4500			43	
4091	20.4550			46	
4092	20.4600			48	
4093	20.4650			50	
4094	20.4700			52	
4095	20.4750			54	
4096	20.4800			57	
4097	20.4850			59	
4098	20.4900			61	
4099	20.4950			63	
4100	20.5000			65	
4101	20.5050			67	
4102	20.5100			69	
4103	20.5150			70	
4104	20.5200			72	
4105	20.5250			74	
4106	20.5300			75	
4107	20.5350			77	
4108	20.5400			78	
4109	20.5450			80	
4110	20.5500			81	
4111	20.5550			82	
4112	20.5600			83	
4113	20.5650			84	
4114	20.5700			85	
4115	20.5750			86	
4116	20.5800			86	
4117	20.5850			87	
4118	20.5900			88	
4119	20.5950			88	
4120	20.6000			89	
4121	20.6050			89	
4122	20.6100			90	
4123	20.6150			90	
4124	20.6200			90	
4125	20.6250			90	
4126	20.6300			90	
4127	20.6350			90	
4128	20.6400			90	
4129	20.6450			89	
4130	20.6500			89	
4131	20.6550			88	
4132	20.6600			88	
4133	20.6650			87	
4134	20.6700			86	
4135	20.6750			86	
4136	20.6800			85	
4137	20.6850			84	
4138	20.6900			83	
4139	20.6950			82	
4140	20.7000			80	
4141	20.7050			79	
4142	20.7100			78	
4143	20.7150			76	
4144	20.7200			75	
4145	20.7250			73	
4146	20.7300			72	
4147	20.7350			70	
4148	20.7400			68	
4149	20.7450			66	
4150	20.7500			64	
4151	20.7550			62	
4152	20.7600			60	
4153	20.7650			58	
4154	20.7700			56	
4155	20.7750			54	
4156	20.7800			52	
4157	20.7850			50	
4158	20.7900			48	
4159	20.7950			45	
4160	20.8000			43	
4161	20.8050			40	
4162	20.8100			38	
4163	20.8150			35	
4164	20.8200			32	
4165	20.8250			30	
4166	20.8300			28	
4167	20.8350			25	
4168	20.8400			22	
4169	20.8450			20	
4170	20.8500			17	
4171	20.8550			14	
4172	20.8600			12	
4173	20.8650			9	
4174	20.8700			6	
4175	20.8750			3	
4176	20.8800			0	
4177	20.8850			-2	
4178	20.8900			-5	
4179	20.8950			-8	
4180	20.9000			-10	
4181	20.9050			-13	
4182	20.9100			-16	
4183	20.9150			-18	
4184	20.9200			-21	
4185	20.9250			-24	
4186	20.9300			-26	
4187	20.9350			-29	
4188	20.9400			-32	
4189	20.9450			-34	
4190	20.9500			-37	
4191	20.9550			-39	
4192	20.9600			-42	
4193	20.9650			-44	
4194	20.9700			-46	
4195	20.9750			-48	
4196	20.9800			-51	
4197	20.9850			-53	
4198	20.9900			-55	
4199	20.9950			-57	
4200	21.0000			-59	
4201	21.0050			-61	
4202	21.0100			-63	
4203	21.0150			-65	
4204	21.0200			-66	
4205	21.0250			-68	
4206	21.0300			-70	
4207	21.0350			-72	
4208	21.0400			-73	
4209	21.0450			-74	
4210	21.0500			-76	
4211	21.0550			-77	
4212	21.0600			-78	
4213	21.0650			-80	
4214	21.0700			-80	
4215	21.0750			-82	
4216	21.0800			-82	
4217	21.0850			-83	
4218	21.0900			-84	
4219	21.0950			-85	
4220	21.1000			-85	
4221	21.1050			-86	
4222	21.1100			-86	
4223	21.1150			-86	
4224	21.1200			-87	
4225	21.1250			-87	
4226	21.1300			-87	
4227	21.1350			-87	
4228	21.1400			-87	
4229	21.1450			-87	
4230	21.1500			-86	
4231	21.1550			-86	
4232	21.1600			-86	
4233	21.1650			-85	
4234	21.1700			-85	
4235	21.1750			-84	
4236	21.1800			-83	
4237	21.1850			-82	
4238	21.1900			-82	
4239	21.1950			-80	
4240	21.2000			-80	
4241	21.2050			-78	
4242	21.2100			-77	
4243	21.2150			-76	
4244	21.2200			-74	
4245	21.2250			-73	
4246	21.2300			-71	
4247	21.2350			-70	
4248	21.2400			-68	
4249	21.2450			-66	
4250	21.2500			-64	
4251	21.2550			-63	
4252	21.2600			-61	
4253	21.2650			-59	
4254	21.2700			-57	
4255	21.2750			-55	
4256	21.2800			-53	
4257	21.2850			-50	
4258	21.2900			-48	
4259	21.2950			-46	
4260	21.3000			-44	
4261	21.3050			-41	
4262	21.3100			-39	
4263	21.3150			-36	
4264	21.3200			-34	
4265	21.3250			-31	
4266	21.3300			-29	
4267	21.3350			-26	
4268	21.3400			-24	
4269	21.3450			-21	
4270	21.3500			-18	
4271	21.3550			-16	
4272	21.3600			-13	
4273	21.3650			-10	
4274	21.3700			-8	
4275	21.3750			-5	
4276	21.3800			-2	
4277	21.3850			1	
4278	21.3900			4	
4279	21.3950			6	
4280	21.4000			9	
4281	21.4050			12	
4282	21.4100			14	
4283	21.4150			17	
4284	21.4200			20	
4285	21.4250			22	
4286	21.4300			25	
4287	21.4350			28	
4288	21.4400			30	
4289	21.4450			33	
4290	21.4500			35	
4291	21.4550			38	
4292	21.4600			40	
4293	21.4650			43	
4294	21.4700			45	
4295	21.4750			47	
4296	21.4800			50	
4297	21.4850			52	
4298	21.4900			54	
4299	21.4950			56	
4300	21.5000			58	
4301	21.5050			60	
4302	21.5100			62	
4303	21.5150			64	
4304	21.5200			66	
4305	21.5250			68	
4306	21.5300			70	
4307	21.5350			72	
4308	21.5400			73	
4309	21.5450			75	
4310	21.5500			76	
4311	21.5550			78	
4312	21.5600			79	
4313	21.5650			80	
4314	21.5700			81	
4315	21.5750			82	
4316	21.5800			83	
4317	21.5850			84	
4318	21.5900			85	
4319	21.5950			86	
4320	21.6000			87	
4321	21.6050			87	
4322	21.6100			88	
4323	21.6150			88	
4324	21.6200			89	
4325	21.6250			89	
4326	21.6300			89	
4327	21.6350			89	
4328	21.6400			89	
4329	21.6450			89	
4330	21.6500			89	
4331	21.6550			89	
4332	21.6600			89	
4333	21.6650			88	
4334	21.6700			88	
4335	21.6750			87	
4336	21.6800			87	
4337	21.6850			86	
4338	21.6900			85	
4339	21.6950			84	
4340	21.7000			83	
4341	21.7050			82	
4342	21.7100			81	
4343	21.7150			80	
4344	21.7200			79	
4345	21.7250			77	
4346	21.7300			76	
4347	21.7350			74	
4348	21.7400			73	
4349	21.7450			71	
4350	21.7500			70	
4351	21.7550			68	
4352	21.7600			66	
4353	21.7650			64	
4354	21.7700			62	
4355	21.7750			60	
4356	21.7800			58	
4357	21.7850			56	
4358	21.7900			54	
4359	21.7950			52	
4360	21.8000			50	
4361	21.8050			47	
4362	21.8100			45	
4363	21.8150			42	
4364	21.8200			40	
4365	21.8250			38	
4366	21.8300			35	
4367	21.8350			32	
4368	21.8400			30	
4369	21.8450			28	
4370	21.8500			25	
4371	21.8550			22	
4372	21.8600			20	
4373	21.8650			17	
4374	21.8700			14	
4375	21.8750			12	
4376	21.8800			9	
4377	21.8850			6	
4378	21.8900			4	
4379	21.8950			1	
4380	21.9000			-2	
4381	21.9050			-5	
4382	21.9100			-8	
4383	21.9150			-10	
4384	21.9200			-13	
4385	21.9250			-16	
4386	21.9300			-18	
4387	21.9350			-21	
4388	21.9400			-23	
4389	21.9450			-26	
4390	21.9500			-28	
4391	21.9550			-31	
4392	21.9600			-34	
4393	21.9650			-36	
4394	21.9700			-38	
4395	21.9750			-41	
4396	21.9800			-43	
4397	21.9850			-46	
4398	21.9900			-48	
4399	21.9950			-50	
4400	22.0000			-52	
4401	22.0050			-54	
4402	22.0100			-56	
4403	22.0150			-58	
4404	22.0200			-60	
4405	22.0250			-62	
4406	22.0300			-64	
4407	22.0350			-66	
4408	22.0400			-68	
4409	22.0450			-69	
4410	22.0500			-71	
4411	22.0550			-72	
4412	22.0600			-74	
4413	22.0650			-75	
4414	22.0700			-76	
4415	22.0750			-78	
4416	22.0800			-79	
4417	22.0850			-80	
4418	22.0900			-81	
4419	22.0950			-82	
4420	22.1000			-82	
4421	22.1050			-83	
4422	22.1100			-84	
4423	22.1150			-84	
4424	22.1200			-85	
4425	22.1250			-86	
4426	22.1300			-86	
4427	22.1350			-86	
4428	22.1400			-86	
4429	22.1450			-86	
4430	22.1500			-86	
4431	22.1550			-86	
4432	22.1600			-86	
4433	22.1650			-86	
4434	22.1700			-86	
4435	22.1750			-85	
4436	22.1800			-84	
4437	22.1850			-84	
4438	22.1900			-83	
4439	22.1950			-82	
4440	22.2000			-82	
4441	22.2050			-81	
4442	22.2100			-80	
4443	22.2150			-79	
4444	22.2200			-78	
4445	22.2250			-76	
4446	22.2300			-75	
4447	22.2350			-74	
4448	22.2400			-72	
4449	22.2450			-71	
4450	22.2500			-69	
4451	22.2550			-68	
4452	22.2600			-66	
4453	22.2650			-64	
4454	22.2700			-62	
4455	22.2750			-60	
4456	22.2800			-58	
4457	22.2850			-56	
4458	22.2900			-54	
4459	22.2950			-52	
4460	22.3000			-50	
4461	22.3050			-48	
4462	22.3100			-46	
4463	22.3150			-43	
4464	22.3200			-41	
4465	22.3250			-38	
4466	22.3300			-36	
4467	22.3350			-34	
4468	22.3400			-31	
4469	22.3450			-29	
4470	22.3500			-26	
4471	22.3550			-24	
4472	22.3600			-21	
4473	22.3650			-18	
4474	22.3700			-16	
4475	22.3750			-13	
4476	22.3800			-10	
4477	22.3850			-8	
4478	22.3900			-5	
4479	22.3950			-2	
4480	22.4000			0	
4481	22.4050			3	
4482	22.4100			6	
4483	22.4150			9	
4484	22.4200			11	
4485	22.4250			14	
4486	22.4300			17	
4487	22.4350			19	
4488	22.4400			22	
4489	22.4450			24	
4490	22.4500			27	
4491	22.4550			30	
4492	22.4600			32	
4493	22.4650			35	
4494	22.4700			37	
4495	22.4750			40	
4496	22.4800			42	
4497	22.4850			44	
4498	22.4900			47	
4499	22.4950			49	
4500	22.5000			51	
4501	22.5050			54	
4502	22.5100			56	
4503	22.5150			58	
4504	22.5200			60	
4505	22.5250			62	
4506	22.5300			64	
4507	22.5350			66	
4508	22.5400			67	
4509	22.5450			69	
4510	22.5500			71	
4511	22.5550			72	
4512	22.5600			74	
4513	22.5650			75	
4514	22.5700			77	
4515	22.5750			78	
4516	22.5800			79	
4517	22.5850			80	
4518	22.5900			82	
4519	22.5950			82	
4520	22.6000			84	
4521	22.6050			84	
4522	22.6100			85	
4523	22.6150			86	
4524	22.6200			86	
4525	22.6250			87	
4526	22.6300			88	
4527	22.6350			88	
4528	22.6400			88	
4529	22.6450			88	
4530	22.6500			88	
4531	22.6550			88	
4532	22.6600			88	
4533	22.6650			88	
4534	22.6700			88	
4535	22.6750			88	
4536	22.6800			88	
4537	22.6850			87	
4538	22.6900			86	
4539	22.6950			86	
4540	22.7000			85	
4541	22.7050			84	
4542	22.7100			84	
4543	22.7150			82	
4544	22.7200			82	
4545	22.7250			80	
4546	22.7300			79	
4547	22.7350			78	
4548	22.7400			77	
4549	22.7450			76	
4550	22.7500			74	
4551	22.7550			72	
4552	22.7600			71	
4553	22.7650			69	
4554	22.7700			68	
4555	22.7750			66	
4556	22.7800			64	
4557	22.7850			62	
4558	22.7900			60	
4559	22.7950			58	
4560	22.8000			56	
4561	22.8050			54	
4562	22.8100			51	
4563	22.8150			49	
4564	22.8200			47	
4565	22.8250			45	
4566	22.8300			42	
4567	22.8350			40	
4568	22.8400			38	
4569	22.8450			35	
4570	22.8500			32	
4571	22.8550			30	
4572	22.8600			28	
4573	22.8650			25	
4574	22.8700			22	
4575	22.8750			20	
4576	22.8800			17	
4577	22.8850			14	
4578	22.8900			12	
4579	22.8950			9	
4580	22.9000			6	
4581	22.9050			4	
4582	22.9100			1	
4583	22.9150			-2	
4584	22.9200			-4	
4585	22.9250			-7	
4586	22.9300			-10	
4587	22.9350			-12	
4588	22.9400			-15	
4589	22.9450			-18	
4590	22.9500			-20	
4591	22.9550			-23	
4592	22.9600			-26	
4593	22.9650			-28	
4594	22.9700			-30	
4595	22.9750			-33	
4596	22.9800			-36	
4597	22.9850			-38	
4598	22.9900			-40	
4599	22.9950			-42	
4600	23.0000			-45	
4601	23.0050			-47	
4602	23.0100			-50	
4603	23.0150			-52	
4604	23.0200			-54	
4605	23.0250			-56	
4606	23.0300			-58	
4607	23.0350			-60	
4608	23.0400			-62	
4609	23.0450			-63	
4610	23.0500			-65	
4611	23.0550			-67	
4612	23.0600			-68	
4613	23.0650			-70	
4614	23.0700			-72	
4615	23.0750			-73	
4616	23.0800			-74	
4617	23.0850			-76	
4618	23.0900			-77	
4619	23.0950			-78	
4620	23.1000			-79	
4621	23.1050			-80	
4622	23.1100			-81	
4623	23.1150			-82	
4624	23.1200			-82	
4625	23.1250			-83	
4626	23.1300			-84	
4627	23.1350			-84	
4628	23.1400			-84	
4629	23.1450			-85	
4630	23.1500			-85	
4631	23.1550			-85	
4632	23.1600			-85	
4633	23.1650			-85	
4634	23.1700			-85	
4635	23.1750			-85	
4636	23.1800			-85	
4637	23.1850			-84	
4638	23.1900			-84	
4639	23.1950			-84	
4640	23.2000			-83	
4641	23.2050			-82	
4642	23.2100			-82	
4643	23.2150			-81	
4644	23.2200			-80	
4645	23.2250			-79	
4646	23.2300			-78	
4647	23.2350			-77	
4648	23.2400			-76	
4649	23.2450			-74	
4650	23.2500			-73	
4651	23.2550			-72	
4652	23.2600			-70	
4653	23.2650			-69	
4654	23.2700			-67	
4655	23.2750			-65	
4656	23.2800			-64	
4657	23.2850			-62	
4658	23.2900			-60	
4659	23.2950			-58	
4660	23.3000			-56	
4661	23.3050			-54	
4662	23.3100			-52	
4663	23.3150			-50	
4664	23.3200			-48	
4665	23.3250			-45	
4666	23.3300			-43	
4667	23.3350			-41	
4668	23.3400			-38	
4669	23.3450			-36	
4670	23.3500			-34	
4671	23.3550			-31	
4672	23.3600			-28	
4673	23.3650			-26	
4674	23.3700			-24	
4675	23.3750			-21	
4676	23.3800			-18	
4677	23.3850			-16	
4678	23.3900			-13	
4679	23.3950			-10	
4680	23.4000			-8	
4681	23.4050			-5	
4682	23.4100			-2	
4683	23.4150			0	
4684	23.4200			3	
4685	23.4250			6	
4686	23.4300			8	
4687	23.4350			11	
4688	23.4400			14	
4689	23.4450			16	
4690	23.4500			19	
4691	23.4550			22	
4692	23.4600			24	
4693	23.4650			27	
4694	23.4700			29	
4695	23.4750			32	
4696	23.4800			34	
4697	23.4850			37	
4698	23.4900			39	
4699	23.4950			42	
4700	23.5000			44	
4701	23.5050			46	
4702	23.5100			48	
4703	23.5150			51	
4704	23.5200			53	
4705	23.5250			55	
4706	23.5300			57	
4707	23.5350			59	
4708	23.5400			61	
4709	23.5450			63	
4710	23.5500			65	
4711	23.5550			66	
4712	23.5600			68	
4713	23.5650			70	
4714	23.5700			72	
4715	23.5750			73	
4716	23.5800			74	
4717	23.5850			76	
4718	23.5900			77	
4719	23.5950			78	
4720	23.6000			80	
4721	23.6050			81	
4722	23.6100			82	
4723	23.6150			83	
4724	23.6200			84	
4725	23.6250			84	
4726	23.6300			85	
4727	23.6350			86	
4728	23.6400			86	
4729	23.6450			86	
4730	23.6500			87	
4731	23.6550			87	
4732	23.6600			88	
4733	23.6650			88	
4734	23.6700			88	
4735	23.6750			88	
4736	23.6800			88	
4737	23.6850			87	
4738	23.6900			87	
4739	23.6950			87	
4740	23.7000			86	
4741	23.7050			86	
4742	23.7100			85	
4743	23.7150			84	
4744	23.7200			84	
4745	23.7250			83	
4746	23.7300			82	
4747	23.7350			81	
4748	23.7400			80	
4749	23.7450			79	
4750	23.7500			78	
4751	23.7550			76	
4752	23.7600			75	
4753	23.7650			73	
4754	23.7700			72	
4755	23.7750			70	
4756	23.7800			69	
4757	23.7850			67	
4758	23.7900			65	
4759	23.7950			63	
4760	23.8000			62	
4761	23.8050			59	
4762	23.8100			57	
4763	23.8150			55	
4764	23.8200			53	
4765	23.8250			51	
4766	23.8300			49	
4767	23.8350			47	
4768	23.8400			44	
4769	23.8450			42	
4770	23.8500			40	
4771	23.8550			37	
4772	23.8600			35	
4773	23.8650			32	
4774	23.8700			30	
4775	23.8750			28	
4776	23.8800			25	
4777	23.8850			22	
4778	23.8900			20	
4779	23.8950			17	
4780	23.9000			14	
4781	23.9050			12	
4782	23.9100			9	
4783	23.9150			6	
4784	23.9200			4	
4785	23.9250			1	
4786	23.9300			-2	
4787	23.9350			-4	
4788	23.9400			-7	
4789	23.9450			-10	
4790	23.9500			-12	
4791	23.9550			-15	
4792	23.9600			-17	
4793	23.9650			-20	
4794	23.9700			-22	
4795	23.9750			-25	
4796	23.9800			-28	
4797	23.9850			-30	
4798	23.9900			-32	
4799	23.9950			-35	
4800	24.0000			-37	
4801	24.0050			-40	
4802	24.0100			-42	
4803	24.0150			-44	
4804	24.0200			-47	
4805	24.0250			-49	
4806	24.0300			-51	
4807	24.0350			-53	
4808	24.0400			-55	
4809	24.0450			-57	
4810	24.0500			-59	
4811	24.0550			-61	
4812	24.0600			-62	
4813	24.0650			-64	
4814	24.0700			-66	
4815	24.0750			-68	
4816	24.0800			-69	
4817	24.0850			-71	
4818	24.0900			-72	
4819	24.0950			-73	
4820	24.1000			-75	
4821	24.1050			-76	
4822	24.1100			-77	
4823	24.1150			-78	
4824	24.1200			-79	
4825	24.1250			-80	
4826	24.1300			-81	
4827	24.1350			-82	
4828	24.1400			-82	
4829	24.1450			-83	
4830	24.1500			-83	
4831	24.1550			-84	
4832	24.1600			-84	
4833	24.1650			-84	
4834	24.1700			-84	
4835	24.1750			-84	
4836	24.1800			-84	
4837	24.1850			-84	
4838	24.1900			-84	
4839	24.1950			-84	
4840	24.2000			-84	
4841	24.2050			-83	
4842	24.2100			-83	
4843	24.2150			-82	
4844	24.2200			-82	
4845	24.2250			-81	
4846	24.2300			-80	
4847	24.2350			-79	
4848	24.2400			-78	
4849	24.2450			-77	
4850	24.2500			-76	
4851	24.2550			-75	
4852	24.2600			-74	
4853	24.2650			-72	
4854	24.2700			-71	
4855	24.2750			-70	
4856	24.2800			-68	
4857	24.2850			-66	
4858	24.2900			-65	
4859	24.2950			-63	
4860	24.3000			-62	
4861	24.3050			-60	
4862	24.3100			-58	
4863	24.3150			-56	
4864	24.3200			-54	
4865	24.3250			-52	
4866	24.3300			-50	
4867	24.3350			-47	
4868	24.3400			-45	
4869	24.3450			-43	
4870	24.3500			-40	
4871	24.3550			-38	
4872	24.3600			-36	
4873	24.3650			-34	
4874	24.3700			-31	
4875	24.3750			-28	
4876	24.3800			-26	
4877	24.3850			-24	
4878	24.3900			-21	
4879	24.3950			-18	
4880	24.4000			-16	
4881	24.4050			-13	
4882	24.4100			-10	
4883	24.4150			-8	
4884	24.4200			-5	
4885	24.4250			-2	
4886	24.4300			0	
4887	24.4350			3	
4888	24.4400			5	
4889	24.4450			8	
4890	24.4500			10	
4891	24.4550			13	
4892	24.4600			16	
4893	24.4650			18	
4894	24.4700			21	
4895	24.4750			24	
4896	24.4800			26	
4897	24.4850			29	
4898	24.4900			31	
4899	24.4950			34	
4900	24.5000			36	
4901	24.5050			38	
4902	24.5100			41	
4903	24.5150			43	
4904	24.5200			46	
4905	24.5250			48	
4906	24.5300			50	
4907	24.5350			52	
4908	24.5400			54	
4909	24.5450			56	
4910	24.5500			58	
4911	24.5550			60	
4912	24.5600			62	
4913	24.5650			64	
4914	24.5700			66	
4915	24.5750			67	
4916	24.5800			69	
4917	24.5850			70	
4918	24.5900			72	
4919	24.5950			74	
4920	24.6000			75	
4921	24.6050			76	
4922	24.6100			78	
4923	24.6150			79	
4924	24.6200			80	
4925	24.6250			81	
4926	24.6300			82	
4927	24.6350			82	
4928	24.6400			83	
4929	24.6450			84	
4930	24.6500			85	
4931	24.6550			85	
4932	24.6600			86	
4933	24.6650			86	
4934	24.6700			86	
4935	24.6750			86	
4936	24.6800			87	
4937	24.6850			87	
4938	24.6900			87	
4939	24.6950			87	
4940	24.7000			86	
4941	24.7050			86	
4942	24.7100			86	
4943	24.7150			86	
4944	24.7200			85	
4945	24.7250			84	
4946	24.7300			84	
4947	24.7350			83	
4948	24.7400			82	
4949	24.7450			81	
4950	24.7500			80	
4951	24.7550			79	
4952	24.7600			78	
4953	24.7650			77	
4954	24.7700			76	
4955	24.7750			74	
4956	24.7800			73	
4957	24.7850			71	
4958	24.7900			70	
4959	24.7950			68	
4960	24.8000			66	
4961	24.8050			64	
4962	24.8100			63	
4963	24.8150			61	
4964	24.8200			59	
4965	24.8250			57	
4966	24.8300			55	
4967	24.8350			53	
4968	24.8400			51	
4969	24.8450			49	
4970	24.8500			46	
4971	24.8550			44	
4972	24.8600			42	
4973	24.8650			40	
4974	24.8700			37	
4975	24.8750			35	
4976	24.8800			32	
4977	24.8850			30	
4978	24.8900			28	
4979	24.8950			25	
4980	24.9000			22	
4981	24.9050			20	
4982	24.9100			17	
4983	24.9150			14	
4984	24.9200			12	
4985	24.9250			9	
4986	24.9300			6	
4987	24.9350			4	
4988	24.9400			1	
4989	24.9450			-1	
4990	24.9500			-4	
4991	24.9550			-6	
4992	24.9600			-9	
4993	24.9650			-12	
4994	24.9700			-14	
4995	24.9750			-17	
4996	24.9800			-20	
4997	24.9850			-22	
4998	24.9900			-24	
4999	24.9950			-27	
5000	25.0000			-30	
