#	time(s)	count A	count B	count C	count D
1	0.0050	3		-1	
2	0.0100	3		-2	
3	0.0150	3		-2	
4	0.0200	3		-2	
5	0.0250	3		-2	
6	0.0300	3		-2	
7	0.0350	2		-2	
8	0.0400	2		-3	
9	0.0450	2		-3	
10	0.0500	2		-3	
11	0.0550	2		-3	
12	0.0600	2		-3	
13	0.0650	2		-4	
14	0.0700	1		-4	
15	0.0750	1		-4	
16	0.0800	1		-4	
17	0.0850	1		-4	
18	0.0900	1		-4	
19	0.0950	1		-5	
20	0.1000	0		-5	
21	0.1050	0		-5	
22	0.1100	0		-5	
23	0.1150	0		-6	
24	0.1200	0		-6	
25	0.1250	0		-6	
26	0.1300	-1		-6	
27	0.1350	-1		-6	
28	0.1400	-1		-6	
29	0.1450	-1		-7	
30	0.1500	-1		-7	
31	0.1550	-1		-7	
32	0.1600	-2		-7	
33	0.1650	-2		-7	
34	0.1700	-2		-8	
35	0.1750	-2		-8	
36	0.1800	-2		-8	
37	0.1850	-2		-8	
38	0.1900	-3		-8	
39	0.1950	-3		-8	
40	0.2000	-3		-8	
41	0.2050	-3		-9	
42	0.2100	-3		-9	
43	0.2150	-4		-9	
44	0.2200	-4		-9	
45	0.2250	-4		-9	
46	0.2300	-4		-9	
47	0.2350	-4		-10	
48	0.2400	-4		-10	
49	0.2450	-4		-10	
50	0.2500	-5		-10	
51	0.2550	-5		-10	
52	0.2600	-5		-10	
53	0.2650	-5		-10	
54	0.2700	-5		-10	
55	0.2750	-6		-10	
56	0.2800	-6		-11	
57	0.2850	-6		-11	
58	0.2900	-6		-11	
59	0.2950	-6		-11	
60	0.3000	-6		-11	
61	0.3050	-6		-11	
62	0.3100	-6		-11	
63	0.3150	-7		-11	
64	0.3200	-7		-11	
65	0.3250	-7		-12	
66	0.3300	-7		-12	
67	0.3350	-7		-12	
68	0.3400	-7		-12	
69	0.3450	-7		-12	
70	0.3500	-8		-12	
71	0.3550	-8		-12	
72	0.3600	-8		-12	
73	0.3650	-8		-12	
74	0.3700	-8		-12	
75	0.3750	-8		-12	
76	0.3800	-8		-12	
77	0.3850	-8		-12	
78	0.3900	-8		-12	
79	0.3950	-8		-12	
80	0.4000	-8		-12	
81	0.4050	-9		-12	
82	0.4100	-9		-12	
83	0.4150	-9		-12	
84	0.4200	-9		-12	
85	0.4250	-9		-12	
86	0.4300	-9		-12	
87	0.4350	-9		-12	
88	0.4400	-9		-12	
89	0.4450	-9		-12	
90	0.4500	-9		-12	
91	0.4550	-9		-12	
92	0.4600	-9		-12	
93	0.4650	-9		-12	
94	0.4700	-9		-12	
95	0.4750	-9		-12	
96	0.4800	-9		-12	
97	0.4850	-9		-12	
98	0.4900	-9		-12	
99	0.4950	-9		-12	
100	0.5000	-9		-12	
101	0.5050	-9		-11	
102	0.5100	-9		-11	
103	0.5150	-9		-11	
104	0.5200	-9		-11	
105	0.5250	-9		-11	
106	0.5300	-9		-11	
107	0.5350	-9		-11	
108	0.5400	-9		-11	
109	0.5450	-9		-10	
110	0.5500	-9		-10	
111	0.5550	-9		-10	
112	0.5600	-9		-10	
113	0.5650	-9		-10	
114	0.5700	-9		-10	
115	0.5750	-9		-10	
116	0.5800	-9		-10	
117	0.5850	-9		-10	
118	0.5900	-9		-10	
119	0.5950	-9		-9	
120	0.6000	-9		-9	
121	0.6050	-8		-9	
122	0.6100	-8		-9	
123	0.6150	-8		-9	
124	0.6200	-8		-8	
125	0.6250	-8		-8	
126	0.6300	-8		-8	
127	0.6350	-8		-8	
128	0.6400	-8		-8	
129	0.6450	-8		-8	
130	0.6500	-8		-8	
131	0.6550	-8		-7	
132	0.6600	-7		-7	
133	0.6650	-7		-7	
134	0.6700	-7		-7	
135	0.6750	-7		-7	
136	0.6800	-7		-6	
137	0.6850	-7		-6	
138	0.6900	-7		-6	
139	0.6950	-6		-6	
140	0.7000	-6		-6	
141	0.7050	-6		-6	
142	0.7100	-6		-5	
143	0.7150	-6		-5	
144	0.7200	-6		-5	
145	0.7250	-6		-5	
146	0.7300	-6		-4	
147	0.7350	-5		-4	
148	0.7400	-5		-4	
149	0.7450	-5		-4	
150	0.7500	-5		-4	
151	0.7550	-5		-4	
152	0.7600	-5		-4	
153	0.7650	-4		-3	
154	0.7700	-4		-3	
155	0.7750	-4		-3	
156	0.7800	-4		-3	
157	0.7850	-4		-2	
158	0.7900	-4		-2	
159	0.7950	-3		-2	
160	0.8000	-3		-2	
161	0.8050	-3		-2	
162	0.8100	-3		-2	
163	0.8150	-3		-1	
164	0.8200	-2		-1	
165	0.8250	-2		-1	
166	0.8300	-2		-1	
167	0.8350	-2		-1	
168	0.8400	-2		0	
169	0.8450	-2		0	
170	0.8500	-2		0	
171	0.8550	-1		0	
172	0.8600	-1		0	
173	0.8650	-1		0	
174	0.8700	-1		0	
175	0.8750	-1		1	
176	0.8800	0		1	
177	0.8850	0		1	
178	0.8900	0		1	
179	0.8950	0		1	
180	0.9000	0		2	
181	0.9050	0		2	
182	0.9100	1		2	
183	0.9150	1		2	
184	0.9200	1		2	
185	0.9250	1		2	
186	0.9300	1		2	
187	0.9350	1		2	
188	0.9400	2		2	
189	0.9450	2		3	
190	0.9500	2		3	
191	0.9550	2		3	
192	0.9600	2		3	
193	0.9650	2		3	
194	0.9700	2		3	
195	0.9750	2		3	
196	0.9800	3		3	
197	0.9850	3		4	
198	0.9900	3		4	
199	0.9950	3		4	
200	1.0000	3		4	
201	1.0050	3		4	
202	1.0100	3		4	
203	1.0150	4		4	
204	1.0200	4		4	
205	1.0250	4		4	
206	1.0300	4		4	
207	1.0350	4		4	
208	1.0400	4		4	
209	1.0450	4		4	
210	1.0500	4		4	
211	1.0550	4		4	
212	1.0600	4		4	
213	1.0650	4		4	
214	1.0700	5		4	
215	1.0750	5		4	
216	1.0800	5		4	
217	1.0850	5		4	
218	1.0900	5		4	
219	1.0950	5		4	
220	1.1000	5		4	
221	1.1050	5		4	
222	1.1100	5		4	
223	1.1150	5		4	
224	1.1200	5		4	
225	1.1250	5		4	
226	1.1300	5		4	
227	1.1350	5		4	
228	1.1400	5		4	
229	1.1450	5		4	
230	1.1500	6		4	
231	1.1550	6		4	
232	1.1600	6		4	
233	1.1650	6		4	
234	1.1700	6		4	
235	1.1750	6		4	
236	1.1800	6		4	
237	1.1850	6		4	
238	1.1900	6		3	
239	1.1950	6		3	
240	1.2000	6		3	
241	1.2050	6		3	
242	1.2100	5		3	
243	1.2150	5		3	
244	1.2200	5		3	
245	1.2250	5		3	
246	1.2300	5		2	
247	1.2350	5		2	
248	1.2400	5		2	
249	1.2450	5		2	
250	1.2500	5		2	
251	1.2550	5		2	
252	1.2600	5		2	
253	1.2650	5		2	
254	1.2700	5		2	
255	1.2750	5		1	
256	1.2800	5		1	
257	1.2850	4		1	
258	1.2900	4		1	
259	1.2950	4		1	
260	1.3000	4		0	
261	1.3050	4		0	
262	1.3100	4		0	
263	1.3150	4		0	
264	1.3200	4		0	
265	1.3250	4		0	
266	1.3300	4		0	
267	1.3350	4		-1	
268	1.3400	3		-1	
269	1.3450	3		-1	
270	1.3500	3		-1	
271	1.3550	3		-1	
272	1.3600	3		-2	
273	1.3650	3		-2	
274	1.3700	3		-2	
275	1.3750	2		-2	
276	1.3800	2		-2	
277	1.3850	2		-2	
278	1.3900	2		-3	
279	1.3950	2		-3	
280	1.4000	2		-3	
281	1.4050	2		-3	
282	1.4100	1		-4	
283	1.4150	1		-4	
284	1.4200	1		-4	
285	1.4250	1		-4	
286	1.4300	1		-4	
287	1.4350	1		-4	
288	1.4400	0		-5	
289	1.4450	0		-5	
290	1.4500	0		-5	
291	1.4550	0		-5	
292	1.4600	0		-6	
293	1.4650	0		-6	
294	1.4700	-1		-6	
295	1.4750	-1		-6	
296	1.4800	-1		-6	
297	1.4850	-1		-6	
298	1.4900	-1		-6	
299	1.4950	-1		-7	
300	1.5000	-2		-7	
301	1.5050	-2		-7	
302	1.5100	-2		-7	
303	1.5150	-2		-8	
304	1.5200	-2		-8	
305	1.5250	-2		-8	
306	1.5300	-3		-8	
307	1.5350	-3		-8	
308	1.5400	-3		-8	
309	1.5450	-3		-8	
310	1.5500	-3		-8	
311	1.5550	-4		-9	
312	1.5600	-4		-9	
313	1.5650	-4		-9	
314	1.5700	-4		-9	
315	1.5750	-4		-9	
316	1.5800	-4		-10	
317	1.5850	-4		-10	
318	1.5900	-5		-10	
319	1.5950	-5		-10	
320	1.6000	-5		-10	
321	1.6050	-5		-10	
322	1.6100	-5		-10	
323	1.6150	-5		-10	
324	1.6200	-6		-10	
325	1.6250	-6		-11	
326	1.6300	-6		-11	
327	1.6350	-6		-11	
328	1.6400	-6		-11	
329	1.6450	-6		-11	
330	1.6500	-6		-11	
331	1.6550	-7		-11	
332	1.6600	-7		-11	
333	1.6650	-7		-12	
334	1.6700	-7		-12	
335	1.6750	-7		-12	
336	1.6800	-7		-12	
337	1.6850	-7		-12	
338	1.6900	-8		-12	
339	1.6950	-8		-12	
340	1.7000	-8		-12	
341	1.7050	-8		-12	
342	1.7100	-8		-12	
343	1.7150	-8		-12	
344	1.7200	-8		-12	
345	1.7250	-8		-12	
346	1.7300	-8		-12	
347	1.7350	-8		-12	
348	1.7400	-8		-12	
349	1.7450	-8		-12	
350	1.7500	-9		-12	
351	1.7550	-9		-12	
352	1.7600	-9		-12	
353	1.7650	-9		-12	
354	1.7700	-9		-12	
355	1.7750	-9		-12	
356	1.7800	-9		-12	
357	1.7850	-9		-12	
358	1.7900	-9		-12	
359	1.7950	-9		-12	
360	1.8000	-9		-12	
361	1.8050	-9		-12	
362	1.8100	-9		-12	
363	1.8150	-9		-12	
364	1.8200	-9		-12	
365	1.8250	-9		-12	
366	1.8300	-9		-12	
367	1.8350	-9		-12	
368	1.8400	-9		-12	
369	1.8450	-9		-12	
370	1.8500	-9		-12	
371	1.8550	-9		-12	
372	1.8600	-9		-12	
373	1.8650	-9		-11	
374	1.8700	-9		-11	
375	1.8750	-9		-11	
376	1.8800	-9		-11	
377	1.8850	-9		-11	
378	1.8900	-9		-11	
379	1.8950	-9		-11	
380	1.9000	-9		-11	
381	1.9050	-9		-10	
382	1.9100	-9		-10	
383	1.9150	-9		-10	
384	1.9200	-9		-10	
385	1.9250	-9		-10	
386	1.9300	-9		-10	
387	1.9350	-9		-10	
388	1.9400	-9		-10	
389	1.9450	-8		-10	
390	1.9500	-8		-9	
391	1.9550	-8		-9	
392	1.9600	-8		-9	
393	1.9650	-8		-9	
394	1.9700	-8		-9	
395	1.9750	-8		-8	
396	1.9800	-8		-8	
397	1.9850	-8		-8	
398	1.9900	-8		-8	
399	1.9950	-8		-8	
400	2.0000	-8		-8	
401	2.0050	-7		-8	
402	2.0100	-7		-7	
403	2.0150	-7		-7	
404	2.0200	-7		-7	
405	2.0250	-7		-7	
406	2.0300	-7		-6	
407	2.0350	-6		-6	
408	2.0400	-6		-6	
409	2.0450	-6		-6	
410	2.0500	-6		-6	
411	2.0550	-6		-6	
412	2.0600	-6		-5	
413	2.0650	-6		-5	
414	2.0700	-6		-5	
415	2.0750	-5		-5	
416	2.0800	-5		-4	
417	2.0850	-5		-4	
418	2.0900	-5		-4	
419	2.0950	-5		-4	
420	2.1000	-5		-4	
421	2.1050	-4		-4	
422	2.1100	-4		-3	
423	2.1150	-4		-3	
424	2.1200	-4		-3	
425	2.1250	-4		-3	
426	2.1300	-4		-2	
427	2.1350	-3		-2	
428	2.1400	-3		-2	
429	2.1450	-3		-2	
430	2.1500	-3		-2	
431	2.1550	-3		-2	
432	2.1600	-2		-1	
433	2.1650	-2		-1	
434	2.1700	-2		-1	
435	2.1750	-2		-1	
436	2.1800	-2		0	
437	2.1850	-2		0	
438	2.1900	-2		0	
439	2.1950	-1		0	
440	2.2000	-1		0	
441	2.2050	-1		0	
442	2.2100	-1		0	
443	2.2150	-1		1	
444	2.2200	0		1	
445	2.2250	0		1	
446	2.2300	0		1	
447	2.2350	0		1	
448	2.2400	0		2	
449	2.2450	0		2	
450	2.2500	0		2	
451	2.2550	1		2	
452	2.2600	1		2	
453	2.2650	1		2	
454	2.2700	1		2	
455	2.2750	1		2	
456	2.2800	2		3	
457	2.2850	2		3	
458	2.2900	2		3	
459	2.2950	2		3	
460	2.3000	2		3	
461	2.3050	2		3	
462	2.3100	2		3	
463	2.3150	2		4	
464	2.3200	3		4	
465	2.3250	3		4	
466	2.3300	3		4	
467	2.3350	3		4	
468	2.3400	3		4	
469	2.3450	3		4	
470	2.3500	3		4	
471	2.3550	4		4	
472	2.3600	4		4	
473	2.3650	4		4	
474	2.3700	4		4	
475	2.3750	4		4	
476	2.3800	4		4	
477	2.3850	4		4	
478	2.3900	4		4	
479	2.3950	4		4	
480	2.4000	4		5	
481	2.4050	4		5	
482	2.4100	5		5	
483	2.4150	5		5	
484	2.4200	5		5	
485	2.4250	5		5	
486	2.4300	5		5	
487	2.4350	5		5	
488	2.4400	5		5	
489	2.4450	5		5	
490	2.4500	5		5	
491	2.4550	5		5	
492	2.4600	5		5	
493	2.4650	5		4	
494	2.4700	5		4	
495	2.4750	5		4	
496	2.4800	5		4	
497	2.4850	6		4	
498	2.4900	6		4	
499	2.4950	6		4	
500	2.5000	6		4	
501	2.5050	6		4	
502	2.5100	6		4	
503	2.5150	6		4	
504	2.5200	6		4	
505	2.5250	6		4	
506	2.5300	6		4	
507	2.5350	6		4	
508	2.5400	6		4	
509	2.5450	6		4	
510	2.5500	5		3	
511	2.5550	5		3	
512	2.5600	5		3	
513	2.5650	5		3	
514	2.5700	5		3	
515	2.5750	5		3	
516	2.5800	5		2	
517	2.5850	5		2	
518	2.5900	5		2	
519	2.5950	5		2	
520	2.6000	5		2	
521	2.6050	5		2	
522	2.6100	5		2	
523	2.6150	5		2	
524	2.6200	5		1	
525	2.6250	4		1	
526	2.6300	4		1	
527	2.6350	4		1	
528	2.6400	4		1	
529	2.6450	4		0	
530	2.6500	4		0	
531	2.6550	4		0	
532	2.6600	4		0	
533	2.6650	4		0	
534	2.6700	4		0	
535	2.6750	4		0	
536	2.6800	3		-1	
537	2.6850	3		-1	
538	2.6900	3		-1	
539	2.6950	3		-1	
540	2.7000	3		-2	
541	2.7050	3		-2	
542	2.7100	3		-2	
543	2.7150	2		-2	
544	2.7200	2		-2	
545	2.7250	2		-2	
546	2.7300	2		-3	
547	2.7350	2		-3	
548	2.7400	2		-3	
549	2.7450	2		-3	
550	2.7500	1		-4	
551	2.7550	1		-4	
552	2.7600	1		-4	
553	2.7650	1		-4	
554	2.7700	1		-4	
555	2.7750	1		-4	
556	2.7800	0		-5	
557	2.7850	0		-5	
558	2.7900	0		-5	
559	2.7950	0		-5	
560	2.8000	0		-6	
561	2.8050	0		-6	
562	2.8100	0		-6	
563	2.8150	-1		-6	
564	2.8200	-1		-6	
565	2.8250	-1		-6	
566	2.8300	-1		-7	
567	2.8350	-1		-7	
568	2.8400	-2		-7	
569	2.8450	-2		-7	
570	2.8500	-2		-7	
571	2.8550	-2		-8	
572	2.8600	-2		-8	
573	2.8650	-2		-8	
574	2.8700	-3		-8	
575	2.8750	-3		-8	
576	2.8800	-3		-8	
577	2.8850	-3		-8	
578	2.8900	-3		-9	
579	2.8950	-4		-9	
580	2.9000	-4		-9	
581	2.9050	-4		-9	
582	2.9100	-4		-9	
583	2.9150	-4		-10	
584	2.9200	-4		-10	
585	2.9250	-4		-10	
586	2.9300	-5		-10	
587	2.9350	-5		-10	
588	2.9400	-5		-10	
589	2.9450	-5		-10	
590	2.9500	-5		-10	
591	2.9550	-5		-10	
592	2.9600	-6		-11	
593	2.9650	-6		-11	
594	2.9700	-6		-11	
595	2.9750	-6		-11	
596	2.9800	-6		-11	
597	2.9850	-6		-11	
598	2.9900	-6		-11	
599	2.9950	-6		-12	
600	3.0000	-7		-12	
601	3.0050	-7		-12	
602	3.0100	-7		-12	
603	3.0150	-7		-12	
604	3.0200	-7		-12	
605	3.0250	-7		-12	
606	3.0300	-7		-12	
607	3.0350	-8		-12	
608	3.0400	-8		-12	
609	3.0450	-8		-12	
610	3.0500	-8		-12	
611	3.0550	-8		-12	
612	3.0600	-8		-12	
613	3.0650	-8		-12	
614	3.0700	-8		-12	
615	3.0750	-8		-12	
616	3.0800	-8		-12	
617	3.0850	-8		-12	
618	3.0900	-9		-12	
619	3.0950	-9		-12	
620	3.1000	-9		-12	
621	3.1050	-9		-12	
622	3.1100	-9		-12	
623	3.1150	-9		-12	
624	3.1200	-9		-12	
625	3.1250	-9		-12	
626	3.1300	-9		-12	
627	3.1350	-9		-12	
628	3.1400	-9		-12	
629	3.1450	-9		-12	
630	3.1500	-9		-12	
631	3.1550	-9		-12	
632	3.1600	-9		-12	
633	3.1650	-9		-12	
634	3.1700	-9		-12	
635	3.1750	-9		-12	
636	3.1800	-9		-12	
637	3.1850	-9		-12	
638	3.1900	-9		-12	
639	3.1950	-9		-12	
640	3.2000	-9		-11	
641	3.2050	-9		-11	
642	3.2100	-9		-11	
643	3.2150	-9		-11	
644	3.2200	-9		-11	
645	3.2250	-9		-11	
646	3.2300	-9		-11	
647	3.2350	-9		-10	
648	3.2400	-9		-10	
649	3.2450	-9		-10	
650	3.2500	-9		-10	
651	3.2550	-9		-10	
652	3.2600	-9		-10	
653	3.2650	-9		-10	
654	3.2700	-9		-10	
655	3.2750	-9		-10	
656	3.2800	-9		-9	
657	3.2850	-8		-9	
658	3.2900	-8		-9	
659	3.2950	-8		-9	
660	3.3000	-8		-9	
661	3.3050	-8		-8	
662	3.3100	-8		-8	
663	3.3150	-8		-8	
664	3.3200	-8		-8	
665	3.3250	-8		-8	
666	3.3300	-8		-8	
667	3.3350	-8		-8	
668	3.3400	-8		-7	
669	3.3450	-7		-7	
670	3.3500	-7		-7	
671	3.3550	-7		-7	
672	3.3600	-7		-7	
673	3.3650	-7		-6	
674	3.3700	-7		-6	
675	3.3750	-7		-6	
676	3.3800	-6		-6	
677	3.3850	-6		-6	
678	3.3900	-6		-6	
679	3.3950	-6		-5	
680	3.4000	-6		-5	
681	3.4050	-6		-5	
682	3.4100	-6		-5	
683	3.4150	-5		-4	
684	3.4200	-5		-4	
685	3.4250	-5		-4	
686	3.4300	-5		-4	
687	3.4350	-5		-4	
688	3.4400	-5		-4	
689	3.4450	-4		-3	
690	3.4500	-4		-3	
691	3.4550	-4		-3	
692	3.4600	-4		-3	
693	3.4650	-4		-2	
694	3.4700	-4		-2	
695	3.4750	-4		-2	
696	3.4800	-3		-2	
697	3.4850	-3		-2	
698	3.4900	-3		-2	
699	3.4950	-3		-1	
700	3.5000	-3		-1	
701	3.5050	-2		-1	
702	3.5100	-2		-1	
703	3.5150	-2		-1	
704	3.5200	-2		0	
705	3.5250	-2		0	
706	3.5300	-2		0	
707	3.5350	-1		0	
708	3.5400	-1		0	
709	3.5450	-1		0	
710	3.5500	-1		0	
711	3.5550	-1		1	
712	3.5600	0		1	
713	3.5650	0		1	
714	3.5700	0		1	
715	3.5750	0		1	
716	3.5800	0		2	
717	3.5850	0		2	
718	3.5900	0		2	
719	3.5950	1		2	
720	3.6000	1		2	
721	3.6050	1		2	
722	3.6100	1		2	
723	3.6150	1		2	
724	3.6200	1		3	
725	3.6250	2		3	
726	3.6300	2		3	
727	3.6350	2		3	
728	3.6400	2		3	
729	3.6450	2		3	
730	3.6500	2		3	
731	3.6550	2		4	
732	3.6600	3		4	
733	3.6650	3		4	
734	3.6700	3		4	
735	3.6750	3		4	
736	3.6800	3		4	
737	3.6850	3		4	
738	3.6900	3		4	
739	3.6950	4		4	
740	3.7000	4		4	
741	3.7050	4		4	
742	3.7100	4		4	
743	3.7150	4		4	
744	3.7200	4		4	
745	3.7250	4		4	
746	3.7300	4		4	
747	3.7350	4		4	
748	3.7400	4		4	
749	3.7450	4		4	
750	3.7500	5		4	
751	3.7550	5		4	
752	3.7600	5		4	
753	3.7650	5		4	
754	3.7700	5		4	
755	3.7750	5		4	
756	3.7800	5		4	
757	3.7850	5		4	
758	3.7900	5		4	
759	3.7950	5		4	
760	3.8000	5		4	
761	3.8050	5		4	
762	3.8100	5		4	
763	3.8150	5		4	
764	3.8200	5		4	
765	3.8250	5		4	
766	3.8300	6		4	
767	3.8350	6		4	
768	3.8400	6		4	
769	3.8450	6		4	
770	3.8500	6		4	
771	3.8550	6		4	
772	3.8600	6		4	
773	3.8650	6		4	
774	3.8700	6		4	
775	3.8750	6		4	
776	3.8800	6		3	
777	3.8850	6		3	
778	3.8900	6		3	
779	3.8950	5		3	
780	3.9000	5		3	
781	3.9050	5		3	
782	3.9100	5		3	
783	3.9150	5		2	
784	3.9200	5		2	
785	3.9250	5		2	
786	3.9300	5		2	
787	3.9350	5		2	
788	3.9400	5		2	
789	3.9450	5		2	
790	3.9500	5		2	
791	3.9550	5		2	
792	3.9600	5		1	
793	3.9650	5		1	
794	3.9700	4		1	
795	3.9750	4		1	
796	3.9800	4		1	
797	3.9850	4		0	
798	3.9900	4		0	
799	3.9950	4		0	
800	4.0000	4		0	
801	4.0050	4		0	
802	4.0100	4		0	
803	4.0150	4		-1	
804	4.0200	4		-1	
805	4.0250	3		-1	
806	4.0300	3		-1	
807	4.0350	3		-1	
808	4.0400	3		-2	
809	4.0450	3		-2	
810	4.0500	3		-2	
811	4.0550	3		-2	
812	4.0600	2		-2	
813	4.0650	2		-2	
814	4.0700	2		-3	
815	4.0750	2		-3	
816	4.0800	2		-3	
817	4.0850	2		-3	
818	4.0900	2		-4	
819	4.0950	1		-4	
820	4.1000	1		-4	
821	4.1050	1		-4	
822	4.1100	1		-4	
823	4.1150	1		-4	
824	4.1200	1		-4	
825	4.1250	0		-5	
826	4.1300	0		-5	
827	4.1350	0		-5	
828	4.1400	0		-5	
829	4.1450	0		-6	
830	4.1500	0		-6	
831	4.1550	-1		-6	
832	4.1600	-1		-6	
833	4.1650	-1		-6	
834	4.1700	-1		-6	
835	4.1750	-1		-7	
836	4.1800	-1		-7	
837	4.1850	-2		-7	
838	4.1900	-2		-7	
839	4.1950	-2		-7	
840	4.2000	-2		-8	
841	4.2050	-2		-8	
842	4.2100	-2		-8	
843	4.2150	-3		-8	
844	4.2200	-3		-8	
845	4.2250	-3		-8	
846	4.2300	-3		-8	
847	4.2350	-3		-9	
848	4.2400	-4		-9	
849	4.2450	-4		-9	
850	4.2500	-4		-9	
851	4.2550	-4		-9	
852	4.2600	-4		-10	
853	4.2650	-4		-10	
854	4.2700	-4		-10	
855	4.2750	-5		-10	
856	4.2800	-5		-10	
857	4.2850	-5		-10	
858	4.2900	-5		-10	
859	4.2950	-5		-10	
860	4.3000	-6		-10	
861	4.3050	-6		-10	
862	4.3100	-6		-11	
863	4.3150	-6		-11	
864	4.3200	-6		-11	
865	4.3250	-6		-11	
866	4.3300	-6		-11	
867	4.3350	-6		-11	
868	4.3400	-7		-11	
869	4.3450	-7		-11	
870	4.3500	-7		-12	
871	4.3550	-7		-12	
872	4.3600	-7		-12	
873	4.3650	-7		-12	
874	4.3700	-7		-12	
875	4.3750	-8		-12	
876	4.3800	-8		-12	
877	4.3850	-8		-12	
878	4.3900	-8		-12	
879	4.3950	-8		-12	
880	4.4000	-8		-12	
881	4.4050	-8		-12	
882	4.4100	-8		-12	
883	4.4150	-8		-12	
884	4.4200	-8		-12	
885	4.4250	-8		-12	
886	4.4300	-9		-12	
887	4.4350	-9		-12	
888	4.4400	-9		-12	
889	4.4450	-9		-12	
890	4.4500	-9		-12	
891	4.4550	-9		-12	
892	4.4600	-9		-12	
893	4.4650	-9		-12	
894	4.4700	-9		-12	
895	4.4750	-9		-12	
896	4.4800	-9		-12	
897	4.4850	-9		-12	
898	4.4900	-9		-12	
899	4.4950	-9		-12	
900	4.5000	-9		-12	
901	4.5050	-9		-12	
902	4.5100	-9		-12	
903	4.5150	-9		-12	
904	4.5200	-9		-12	
905	4.5250	-9		-12	
906	4.5300	-9		-11	
907	4.5350	-9		-11	
908	4.5400	-9		-11	
909	4.5450	-9		-11	
910	4.5500	-9		-11	
911	4.5550	-9		-11	
912	4.5600	-9		-11	
913	4.5650	-9		-11	
914	4.5700	-9		-11	
915	4.5750	-9		-10	
916	4.5800	-9		-10	
917	4.5850	-9		-10	
918	4.5900	-9		-10	
919	4.5950	-9		-10	
920	4.6000	-9		-10	
921	4.6050	-9		-10	
922	4.6100	-9		-10	
923	4.6150	-9		-10	
924	4.6200	-9		-9	
925	4.6250	-8		-9	
926	4.6300	-8		-9	
927	4.6350	-8		-9	
928	4.6400	-8		-9	
929	4.6450	-8		-8	
930	4.6500	-8		-8	
931	4.6550	-8		-8	
932	4.6600	-8		-8	
933	4.6650	-8		-8	
934	4.6700	-8		-8	
935	4.6750	-8		-8	
936	4.6800	-8		-8	
937	4.6850	-7		-7	
938	4.6900	-7		-7	
939	4.6950	-7		-7	
940	4.7000	-7		-7	
941	4.7050	-7		-6	
942	4.7100	-7		-6	
943	4.7150	-7		-6	
944	4.7200	-6		-6	
945	4.7250	-6		-6	
946	4.7300	-6		-6	
947	4.7350	-6		-6	
948	4.7400	-6		-5	
949	4.7450	-6		-5	
950	4.7500	-6		-5	
951	4.7550	-6		-5	
952	4.7600	-5		-4	
953	4.7650	-5		-4	
954	4.7700	-5		-4	
955	4.7750	-5		-4	
956	4.7800	-5		-4	
957	4.7850	-4		-4	
958	4.7900	-4		-3	
959	4.7950	-4		-3	
960	4.8000	-4		-3	
961	4.8050	-4		-3	
962	4.8100	-4		-2	
963	4.8150	-4		-2	
964	4.8200	-3		-2	
965	4.8250	-3		-2	
966	4.8300	-3		-2	
967	4.8350	-3		-2	
968	4.8400	-3		-1	
969	4.8450	-2		-1	
970	4.8500	-2		-1	
971	4.8550	-2		-1	
972	4.8600	-2		-1	
973	4.8650	-2		0	
974	4.8700	-2		0	
975	4.8750	-2		0	
976	4.8800	-1		0	
977	4.8850	-1		0	
978	4.8900	-1		0	
979	4.8950	-1		0	
980	4.9000	-1		1	
981	4.9050	0		1	
982	4.9100	0		1	
983	4.9150	0		1	
984	4.9200	0		1	
985	4.9250	0		2	
986	4.9300	0		2	
987	4.9350	1		2	
988	4.9400	1		2	
989	4.9450	1		2	
990	4.9500	1		2	
991	4.9550	1		2	
992	4.9600	1		2	
993	4.9650	2		3	
994	4.9700	2		3	
995	4.9750	2		3	
996	4.9800	2		3	
997	4.9850	2		3	
998	4.9900	2		3	
999	4.9950	2		3	
1000	5.0000	2		4	
1001	5.0050	3		4	
1002	5.0100	3		4	
1003	5.0150	3		4	
1004	5.0200	3		4	
1005	5.0250	3		4	
1006	5.0300	3		4	
1007	5.0350	3		4	
1008	5.0400	4		4	
1009	5.0450	4		4	
1010	5.0500	4		4	
1011	5.0550	4		4	
1012	5.0600	4		4	
1013	5.0650	4		4	
1014	5.0700	4		4	
1015	5.0750	4		4	
1016	5.0800	4		4	
1017	5.0850	4		4	
1018	5.0900	4		4	
1019	5.0950	5		4	
1020	5.1000	5		4	
1021	5.1050	5		4	
1022	5.1100	5		4	
1023	5.1150	5		4	
1024	5.1200	5		4	
1025	5.1250	5		4	
1026	5.1300	5		4	
1027	5.1350	5		4	
1028	5.1400	5		4	
1029	5.1450	5		4	
1030	5.1500	5		4	
1031	5.1550	5		4	
1032	5.1600	5		4	
1033	5.1650	5		4	
1034	5.1700	6		4	
1035	5.1750	6		4	
1036	5.1800	6		4	
1037	5.1850	6		4	
1038	5.1900	6		4	
1039	5.1950	6		4	
1040	5.2000	6		4	
1041	5.2050	6		4	
1042	5.2100	6		4	
1043	5.2150	6		4	
1044	5.2200	6		4	
1045	5.2250	6		3	
1046	5.2300	6		3	
1047	5.2350	5		3	
1048	5.2400	5		3	
1049	5.2450	5		3	
1050	5.2500	5		3	
1051	5.2550	5		3	
1052	5.2600	5		2	
1053	5.2650	5		2	
1054	5.2700	5		2	
1055	5.2750	5		2	
1056	5.2800	5		2	
1057	5.2850	5		2	
1058	5.2900	5		2	
1059	5.2950	5		2	
1060	5.3000	5		2	
1061	5.3050	5		1	
1062	5.3100	4		1	
1063	5.3150	4		1	
1064	5.3200	4		1	
1065	5.3250	4		1	
1066	5.3300	4		0	
1067	5.3350	4		0	
1068	5.3400	4		0	
1069	5.3450	4		0	
1070	5.3500	4		0	
1071	5.3550	4		0	
1072	5.3600	4		0	
1073	5.3650	3		-1	
1074	5.3700	3		-1	
1075	5.3750	3		-1	
1076	5.3800	3		-1	
1077	5.3850	3		-2	
1078	5.3900	3		-2	
1079	5.3950	3		-2	
1080	5.4000	2		-2	
1081	5.4050	2		-2	
1082	5.4100	2		-2	
1083	5.4150	2		-2	
1084	5.4200	2		-3	
1085	5.4250	2		-3	
1086	5.4300	2		-3	
1087	5.4350	1		-3	
1088	5.4400	1		-4	
1089	5.4450	1		-4	
1090	5.4500	1		-4	
1091	5.4550	1		-4	
1092	5.4600	1		-4	
1093	5.4650	0		-4	
1094	5.4700	0		-5	
1095	5.4750	0		-5	
1096	5.4800	0		-5	
1097	5.4850	0		-5	
1098	5.4900	0		-6	
1099	5.4950	-1		-6	
1100	5.5000	-1		-6	
1101	5.5050	-1		-6	
1102	5.5100	-1		-6	
1103	5.5150	-1		-6	
1104	5.5200	-1		-7	
1105	5.5250	-2		-7	
1106	5.5300	-2		-7	
1107	5.5350	-2		-7	
1108	5.5400	-2		-7	
1109	5.5450	-2		-8	
1110	5.5500	-2		-8	
1111	5.5550	-3		-8	
1112	5.5600	-3		-8	
1113	5.5650	-3		-8	
1114	5.5700	-3		-8	
1115	5.5750	-3		-8	
1116	5.5800	-4		-9	
1117	5.5850	-4		-9	
1118	5.5900	-4		-9	
1119	5.5950	-4		-9	
1120	5.6000	-4		-9	
1121	5.6050	-4		-10	
1122	5.6100	-4		-10	
1123	5.6150	-5		-10	
1124	5.6200	-5		-10	
1125	5.6250	-5		-10	
1126	5.6300	-5		-10	
1127	5.6350	-5		-10	
1128	5.6400	-6		-10	
1129	5.6450	-6		-10	
1130	5.6500	-6		-10	
1131	5.6550	-6		-11	
1132	5.6600	-6		-11	
1133	5.6650	-6		-11	
1134	5.6700	-6		-11	
1135	5.6750	-6		-11	
1136	5.6800	-7		-11	
1137	5.6850	-7		-11	
1138	5.6900	-7		-11	
1139	5.6950	-7		-12	
1140	5.7000	-7		-12	
1141	5.7050	-7		-12	
1142	5.7100	-7		-12	
1143	5.7150	-8		-12	
1144	5.7200	-8		-12	
1145	5.7250	-8		-12	
1146	5.7300	-8		-12	
1147	5.7350	-8		-12	
1148	5.7400	-8		-12	
1149	5.7450	-8		-12	
1150	5.7500	-8		-12	
1151	5.7550	-8		-12	
1152	5.7600	-8		-12	
1153	5.7650	-8		-12	
1154	5.7700	-9		-12	
1155	5.7750	-9		-12	
1156	5.7800	-9		-12	
1157	5.7850	-9		-12	
1158	5.7900	-9		-12	
1159	5.7950	-9		-12	
1160	5.8000	-9		-12	
1161	5.8050	-9		-12	
1162	5.8100	-9		-12	
1163	5.8150	-9		-12	
1164	5.8200	-9		-12	
1165	5.8250	-9		-12	
1166	5.8300	-9		-12	
1167	5.8350	-9		-12	
1168	5.8400	-9		-12	
1169	5.8450	-9		-12	
1170	5.8500	-9		-12	
1171	5.8550	-9		-12	
1172	5.8600	-9		-12	
1173	5.8650	-9		-12	
1174	5.8700	-9		-12	
1175	5.8750	-9		-12	
1176	5.8800	-9		-12	
1177	5.8850	-9		-11	
1178	5.8900	-9		-11	
1179	5.8950	-9		-11	
1180	5.9000	-9		-11	
1181	5.9050	-9		-11	
1182	5.9100	-9		-11	
1183	5.9150	-9		-11	
1184	5.9200	-9		-11	
1185	5.9250	-9		-10	
1186	5.9300	-9		-10	
1187	5.9350	-9		-10	
1188	5.9400	-9		-10	
1189	5.9450	-9		-10	
1190	5.9500	-9		-10	
1191	5.9550	-9		-10	
1192	5.9600	-9		-10	
1193	5.9650	-9		-10	
1194	5.9700	-8		-9	
1195	5.9750	-8		-9	
1196	5.9800	-8		-9	
1197	5.9850	-8		-9	
1198	5.9900	-8		-9	
1199	5.9950	-8		-8	
1200	6.0000	-8		-8	
1201	6.0050	-8		-8	
1202	6.0100	-8		-8	
1203	6.0150	-8		-8	
1204	6.0200	-8		-8	
1205	6.0250	-7		-8	
1206	6.0300	-7		-7	
1207	6.0350	-7		-7	
1208	6.0400	-7		-7	
1209	6.0450	-7		-7	
1210	6.0500	-7		-7	
1211	6.0550	-7		-6	
1212	6.0600	-6		-6	
1213	6.0650	-6		-6	
1214	6.0700	-6		-6	
1215	6.0750	-6		-6	
1216	6.0800	-6		-6	
1217	6.0850	-6		-5	
1218	6.0900	-6		-5	
1219	6.0950	-6		-5	
1220	6.1000	-5		-5	
1221	6.1050	-5		-4	
1222	6.1100	-5		-4	
1223	6.1150	-5		-4	
1224	6.1200	-5		-4	
1225	6.1250	-4		-4	
1226	6.1300	-4		-4	
1227	6.1350	-4		-3	
1228	6.1400	-4		-3	
1229	6.1450	-4		-3	
1230	6.1500	-4		-3	
1231	6.1550	-4		-2	
1232	6.1600	-3		-2	
1233	6.1650	-3		-2	
1234	6.1700	-3		-2	
1235	6.1750	-3		-2	
1236	6.1800	-3		-2	
1237	6.1850	-2		-1	
1238	6.1900	-2		-1	
1239	6.1950	-2		-1	
1240	6.2000	-2		-1	
1241	6.2050	-2		-1	
1242	6.2100	-2		0	
1243	6.2150	-2		0	
1244	6.2200	-1		0	
1245	6.2250	-1		0	
1246	6.2300	-1		0	
1247	6.2350	-1		0	
1248	6.2400	-1		0	
1249	6.2450	0		1	
1250	6.2500	0		1	
1251	6.2550	0		1	
1252	6.2600	0		1	
1253	6.2650	0		2	
1254	6.2700	0		2	
1255	6.2750	0		2	
1256	6.2800	1		2	
1257	6.2850	1		2	
1258	6.2900	1		2	
1259	6.2950	1		2	
1260	6.3000	1		2	
1261	6.3050	2		2	
1262	6.3100	2		3	
1263	6.3150	2		3	
1264	6.3200	2		3	
1265	6.3250	2		3	
1266	6.3300	2		3	
1267	6.3350	2		3	
1268	6.3400	2		3	
1269	6.3450	3		4	
1270	6.3500	3		4	
1271	6.3550	3		4	
1272	6.3600	3		4	
1273	6.3650	3		4	
1274	6.3700	3		4	
1275	6.3750	4		4	
1276	6.3800	4		4	
1277	6.3850	4		4	
1278	6.3900	4		4	
1279	6.3950	4		4	
1280	6.4000	4		4	
1281	6.4050	4		4	
1282	6.4100	4		4	
1283	6.4150	4		4	
1284	6.4200	4		4	
1285	6.4250	4		4	
1286	6.4300	4		4	
1287	6.4350	5		4	
1288	6.4400	5		4	
1289	6.4450	5		4	
1290	6.4500	5		4	
1291	6.4550	5		4	
1292	6.4600	5		4	
1293	6.4650	5		4	
1294	6.4700	5		4	
1295	6.4750	5		4	
1296	6.4800	5		4	
1297	6.4850	5		4	
1298	6.4900	5		4	
1299	6.4950	5		4	
1300	6.5000	5		4	
1301	6.5050	5		4	
1302	6.5100	5		4	
1303	6.5150	6		4	
1304	6.5200	6		4	
1305	6.5250	6		4	
1306	6.5300	6		4	
1307	6.5350	6		4	
1308	6.5400	6		4	
1309	6.5450	6		4	
1310	6.5500	6		4	
1311	6.5550	6		4	
1312	6.5600	6		4	
1313	6.5650	6		4	
1314	6.5700	6		4	
1315	6.5750	5		3	
1316	6.5800	5		3	
1317	6.5850	5		3	
1318	6.5900	5		3	
1319	6.5950	5		3	
1320	6.6000	5		3	
1321	6.6050	5		2	
1322	6.6100	5		2	
1323	6.6150	5		2	
1324	6.6200	5		2	
1325	6.6250	5		2	
1326	6.6300	5		2	
1327	6.6350	5		2	
1328	6.6400	5		2	
1329	6.6450	5		2	
1330	6.6500	4		1	
1331	6.6550	4		1	
1332	6.6600	4		1	
1333	6.6650	4		1	
1334	6.6700	4		1	
1335	6.6750	4		0	
1336	6.6800	4		0	
1337	6.6850	4		0	
1338	6.6900	4		0	
1339	6.6950	4		0	
1340	6.7000	4		0	
1341	6.7050	3		0	
1342	6.7100	3		-1	
1343	6.7150	3		-1	
1344	6.7200	3		-1	
1345	6.7250	3		-1	
1346	6.7300	3		-2	
1347	6.7350	3		-2	
1348	6.7400	2		-2	
1349	6.7450	2		-2	
1350	6.7500	2		-2	
1351	6.7550	2		-2	
1352	6.7600	2		-3	
1353	6.7650	2		-3	
1354	6.7700	2		-3	
1355	6.7750	1		-3	
1356	6.7800	1		-4	
1357	6.7850	1		-4	
1358	6.7900	1		-4	
1359	6.7950	1		-4	
1360	6.8000	1		-4	
1361	6.8050	0		-4	
1362	6.8100	0		-5	
1363	6.8150	0		-5	
1364	6.8200	0		-5	
1365	6.8250	0		-5	
1366	6.8300	0		-6	
1367	6.8350	-1		-6	
1368	6.8400	-1		-6	
1369	6.8450	-1		-6	
1370	6.8500	-1		-6	
1371	6.8550	-1		-6	
1372	6.8600	-1		-6	
1373	6.8650	-2		-7	
1374	6.8700	-2		-7	
1375	6.8750	-2		-7	
1376	6.8800	-2		-7	
1377	6.8850	-2		-8	
1378	6.8900	-2		-8	
1379	6.8950	-3		-8	
1380	6.9000	-3		-8	
1381	6.9050	-3		-8	
1382	6.9100	-3		-8	
1383	6.9150	-3		-8	
1384	6.9200	-4		-9	
1385	6.9250	-4		-9	
1386	6.9300	-4		-9	
1387	6.9350	-4		-9	
1388	6.9400	-4		-9	
1389	6.9450	-4		-10	
1390	6.9500	-4		-10	
1391	6.9550	-5		-10	
1392	6.9600	-5		-10	
1393	6.9650	-5		-10	
1394	6.9700	-5		-10	
1395	6.9750	-5		-10	
1396	6.9800	-5		-10	
1397	6.9850	-6		-10	
1398	6.9900	-6		-10	
1399	6.9950	-6		-11	
1400	7.0000	-6		-11	
1401	7.0050	-6		-11	
1402	7.0100	-6		-11	
1403	7.0150	-6		-11	
1404	7.0200	-7		-11	
1405	7.0250	-7		-11	
1406	7.0300	-7		-11	
1407	7.0350	-7		-12	
1408	7.0400	-7		-12	
1409	7.0450	-7		-12	
1410	7.0500	-7		-12	
1411	7.0550	-8		-12	
1412	7.0600	-8		-12	
1413	7.0650	-8		-12	
1414	7.0700	-8		-12	
1415	7.0750	-8		-12	
1416	7.0800	-8		-12	
1417	7.0850	-8		-12	
1418	7.0900	-8		-12	
1419	7.0950	-8		-12	
1420	7.1000	-8		-12	
1421	7.1050	-8		-12	
1422	7.1100	-8		-12	
1423	7.1150	-9		-12	
1424	7.1200	-9		-12	
1425	7.1250	-9		-12	
1426	7.1300	-9		-12	
1427	7.1350	-9		-12	
1428	7.1400	-9		-12	
1429	7.1450	-9		-12	
1430	7.1500	-9		-12	
1431	7.1550	-9		-12	
1432	7.1600	-9		-12	
1433	7.1650	-9		-12	
1434	7.1700	-9		-12	
1435	7.1750	-9		-12	
1436	7.1800	-9		-12	
1437	7.1850	-9		-12	
1438	7.1900	-9		-12	
1439	7.1950	-9		-12	
1440	7.2000	-9		-12	
1441	7.2050	-9		-12	
1442	7.2100	-9		-12	
1443	7.2150	-9		-12	
1444	7.2200	-9		-12	
1445	7.2250	-9		-11	
1446	7.2300	-9		-11	
1447	7.2350	-9		-11	
1448	7.2400	-9		-11	
1449	7.2450	-9		-11	
1450	7.2500	-9		-11	
1451	7.2550	-9		-11	
1452	7.2600	-9		-11	
1453	7.2650	-9		-10	
1454	7.2700	-9		-10	
1455	7.2750	-9		-10	
1456	7.2800	-9		-10	
1457	7.2850	-9		-10	
1458	7.2900	-9		-10	
1459	7.2950	-9		-10	
1460	7.3000	-9		-10	
1461	7.3050	-9		-10	
1462	7.3100	-8		-9	
1463	7.3150	-8		-9	
1464	7.3200	-8		-9	
1465	7.3250	-8		-9	
1466	7.3300	-8		-9	
1467	7.3350	-8		-8	
1468	7.3400	-8		-8	
1469	7.3450	-8		-8	
1470	7.3500	-8		-8	
1471	7.3550	-8		-8	
1472	7.3600	-8		-8	
1473	7.3650	-7		-8	
1474	7.3700	-7		-7	
1475	7.3750	-7		-7	
1476	7.3800	-7		-7	
1477	7.3850	-7		-7	
1478	7.3900	-7		-7	
1479	7.3950	-7		-6	
1480	7.4000	-7		-6	
1481	7.4050	-6		-6	
1482	7.4100	-6		-6	
1483	7.4150	-6		-6	
1484	7.4200	-6		-6	
1485	7.4250	-6		-5	
1486	7.4300	-6		-5	
1487	7.4350	-6		-5	
1488	7.4400	-5		-5	
1489	7.4450	-5		-4	
1490	7.4500	-5		-4	
1491	7.4550	-5		-4	
1492	7.4600	-5		-4	
1493	7.4650	-5		-4	
1494	7.4700	-4		-4	
1495	7.4750	-4		-3	
1496	7.4800	-4		-3	
1497	7.4850	-4		-3	
1498	7.4900	-4		-3	
1499	7.4950	-4		-2	
1500	7.5000	-4		-2	
1501	7.5050	-3		-2	
1502	7.5100	-3		-2	
1503	7.5150	-3		-2	
1504	7.5200	-3		-2	
1505	7.5250	-2		-2	
1506	7.5300	-2		-1	
1507	7.5350	-2		-1	
1508	7.5400	-2		-1	
1509	7.5450	-2		-1	
1510	7.5500	-2		0	
1511	7.5550	-2		0	
1512	7.5600	-1		0	
1513	7.5650	-1		0	
1514	7.5700	-1		0	
1515	7.5750	-1		0	
1516	7.5800	-1		0	
1517	7.5850	0		1	
1518	7.5900	0		1	
1519	7.5950	0		1	
1520	7.6000	0		1	
1521	7.6050	0		1	
1522	7.6100	0		2	
1523	7.6150	0		2	
1524	7.6200	1		2	
1525	7.6250	1		2	
1526	7.6300	1		2	
1527	7.6350	1		2	
1528	7.6400	1		2	
1529	7.6450	1		2	
1530	7.6500	2		2	
1531	7.6550	2		3	
1532	7.6600	2		3	
1533	7.6650	2		3	
1534	7.6700	2		3	
1535	7.6750	2		3	
1536	7.6800	2		3	
1537	7.6850	3		3	
1538	7.6900	3		4	
1539	7.6950	3		4	
1540	7.7000	3		4	
1541	7.7050	3		4	
1542	7.7100	3		4	
1543	7.7150	3		4	
1544	7.7200	4		4	
1545	7.7250	4		4	
1546	7.7300	4		4	
1547	7.7350	4		4	
1548	7.7400	4		4	
1549	7.7450	4		4	
1550	7.7500	4		4	
1551	7.7550	4		4	
1552	7.7600	4		4	
1553	7.7650	4		4	
1554	7.7700	4		4	
1555	7.7750	5		4	
1556	7.7800	5		4	
1557	7.7850	5		4	
1558	7.7900	5		4	
1559	7.7950	5		4	
1560	7.8000	5		4	
1561	7.8050	5		4	
1562	7.8100	5		4	
1563	7.8150	5		4	
1564	7.8200	5		4	
1565	7.8250	5		4	
1566	7.8300	5		4	
1567	7.8350	5		4	
1568	7.8400	5		4	
1569	7.8450	5		4	
1570	7.8500	5		4	
1571	7.8550	6		4	
1572	7.8600	6		4	
1573	7.8650	6		4	
1574	7.8700	6		4	
1575	7.8750	6		4	
1576	7.8800	6		4	
1577	7.8850	6		4	
1578	7.8900	6		4	
1579	7.8950	6		4	
1580	7.9000	6		4	
1581	7.9050	6		4	
1582	7.9100	6		4	
1583	7.9150	6		3	
1584	7.9200	5		3	
1585	7.9250	5		3	
1586	7.9300	5		3	
1587	7.9350	5		3	
1588	7.9400	5		3	
1589	7.9450	5		3	
1590	7.9500	5		2	
1591	7.9550	5		2	
1592	7.9600	5		2	
1593	7.9650	5		2	
1594	7.9700	5		2	
1595	7.9750	5		2	
1596	7.9800	5		2	
1597	7.9850	5		2	
1598	7.9900	5		1	
1599	7.9950	4		1	
1600	8.0000	4		1	
1601	8.0050	4		1	
1602	8.0100	4		1	
1603	8.0150	4		0	
1604	8.0200	4		0	
1605	8.0250	4		0	
1606	8.0300	4		0	
1607	8.0350	4		0	
1608	8.0400	4		0	
1609	8.0450	3		0	
1610	8.0500	3		-1	
1611	8.0550	3		-1	
1612	8.0600	3		-1	
1613	8.0650	3		-1	
1614	8.0700	3		-1	
1615	8.0750	3		-2	
1616	8.0800	2		-2	
1617	8.0850	2		-2	
1618	8.0900	2		-2	
1619	8.0950	2		-2	
1620	8.1000	2		-2	
1621	8.1050	2		-3	
1622	8.1100	2		-3	
1623	8.1150	2		-3	
1624	8.1200	1		-3	
1625	8.1250	1		-4	
1626	8.1300	1		-4	
1627	8.1350	1		-4	
1628	8.1400	1		-4	
1629	8.1450	0		-4	
1630	8.1500	0		-4	
1631	8.1550	0		-5	
1632	8.1600	0		-5	
1633	8.1650	0		-5	
1634	8.1700	0		-5	
1635	8.1750	0		-6	
1636	8.1800	-1		-6	
1637	8.1850	-1		-6	
1638	8.1900	-1		-6	
1639	8.1950	-1		-6	
1640	8.2000	-1		-6	
1641	8.2050	-2		-6	
1642	8.2100	-2		-7	
1643	8.2150	-2		-7	
1644	8.2200	-2		-7	
1645	8.2250	-2		-7	
1646	8.2300	-2		-8	
1647	8.2350	-3		-8	
1648	8.2400	-3		-8	
1649	8.2450	-3		-8	
1650	8.2500	-3		-8	
1651	8.2550	-3		-8	
1652	8.2600	-3		-8	
1653	8.2650	-4		-9	
1654	8.2700	-4		-9	
1655	8.2750	-4		-9	
1656	8.2800	-4		-9	
1657	8.2850	-4		-9	
1658	8.2900	-4		-10	
1659	8.2950	-5		-10	
1660	8.3000	-5		-10	
1661	8.3050	-5		-10	
1662	8.3100	-5		-10	
1663	8.3150	-5		-10	
1664	8.3200	-5		-10	
1665	8.3250	-6		-10	
1666	8.3300	-6		-10	
1667	8.3350	-6		-10	
1668	8.3400	-6		-11	
1669	8.3450	-6		-11	
1670	8.3500	-6		-11	
1671	8.3550	-6		-11	
1672	8.3600	-6		-11	
1673	8.3650	-7		-11	
1674	8.3700	-7		-11	
1675	8.3750	-7		-12	
1676	8.3800	-7		-12	
1677	8.3850	-7		-12	
1678	8.3900	-7		-12	
1679	8.3950	-7		-12	
1680	8.4000	-8		-12	
1681	8.4050	-8		-12	
1682	8.4100	-8		-12	
1683	8.4150	-8		-12	
1684	8.4200	-8		-12	
1685	8.4250	-8		-12	
1686	8.4300	-8		-12	
1687	8.4350	-8		-12	
1688	8.4400	-8		-12	
1689	8.4450	-8		-12	
1690	8.4500	-8		-12	
1691	8.4550	-9		-12	
1692	8.4600	-9		-12	
1693	8.4650	-9		-12	
1694	8.4700	-9		-12	
1695	8.4750	-9		-12	
1696	8.4800	-9		-12	
1697	8.4850	-9		-12	
1698	8.4900	-9		-12	
1699	8.4950	-9		-12	
1700	8.5000	-9		-12	
1701	8.5050	-9		-12	
1702	8.5100	-9		-12	
1703	8.5150	-9		-12	
1704	8.5200	-9		-12	
1705	8.5250	-9		-12	
1706	8.5300	-9		-12	
1707	8.5350	-9		-12	
1708	8.5400	-9		-12	
1709	8.5450	-9		-12	
1710	8.5500	-9		-12	
1711	8.5550	-9		-12	
1712	8.5600	-9		-12	
1713	8.5650	-9		-12	
1714	8.5700	-9		-11	
1715	8.5750	-9		-11	
1716	8.5800	-9		-11	
1717	8.5850	-9		-11	
1718	8.5900	-9		-11	
1719	8.5950	-9		-11	
1720	8.6000	-9		-11	
1721	8.6050	-9		-11	
1722	8.6100	-9		-10	
1723	8.6150	-9		-10	
1724	8.6200	-9		-10	
1725	8.6250	-9		-10	
1726	8.6300	-9		-10	
1727	8.6350	-9		-10	
1728	8.6400	-9		-10	
1729	8.6450	-9		-10	
1730	8.6500	-8		-10	
1731	8.6550	-8		-9	
1732	8.6600	-8		-9	
1733	8.6650	-8		-9	
1734	8.6700	-8		-9	
1735	8.6750	-8		-9	
1736	8.6800	-8		-8	
1737	8.6850	-8		-8	
1738	8.6900	-8		-8	
1739	8.6950	-8		-8	
1740	8.7000	-8		-8	
1741	8.7050	-7		-8	
1742	8.7100	-7		-8	
1743	8.7150	-7		-7	
1744	8.7200	-7		-7	
1745	8.7250	-7		-7	
1746	8.7300	-7		-7	
1747	8.7350	-7		-6	
1748	8.7400	-7		-6	
1749	8.7450	-6		-6	
1750	8.7500	-6		-6	
1751	8.7550	-6		-6	
1752	8.7600	-6		-6	
1753	8.7650	-6		-6	
1754	8.7700	-6		-5	
1755	8.7750	-6		-5	
1756	8.7800	-6		-5	
1757	8.7850	-5		-5	
1758	8.7900	-5		-4	
1759	8.7950	-5		-4	
1760	8.8000	-5		-4	
1761	8.8050	-5		-4	
1762	8.8100	-4		-4	
1763	8.8150	-4		-4	
1764	8.8200	-4		-3	
1765	8.8250	-4		-3	
1766	8.8300	-4		-3	
1767	8.8350	-4		-3	
1768	8.8400	-4		-2	
1769	8.8450	-3		-2	
1770	8.8500	-3		-2	
1771	8.8550	-3		-2	
1772	8.8600	-3		-2	
1773	8.8650	-3		-2	
1774	8.8700	-2		-1	
1775	8.8750	-2		-1	
1776	8.8800	-2		-1	
1777	8.8850	-2		-1	
1778	8.8900	-2		0	
1779	8.8950	-2		0	
1780	8.9000	-1		0	
1781	8.9050	-1		0	
1782	8.9100	-1		0	
1783	8.9150	-1		0	
1784	8.9200	-1		0	
1785	8.9250	-1		1	
1786	8.9300	0		1	
1787	8.9350	0		1	
1788	8.9400	0		1	
1789	8.9450	0		1	
1790	8.9500	0		2	
1791	8.9550	0		2	
1792	8.9600	1		2	
1793	8.9650	1		2	
1794	8.9700	1		2	
1795	8.9750	1		2	
1796	8.9800	1		2	
1797	8.9850	1		2	
1798	8.9900	2		3	
1799	8.9950	2		3	
1800	9.0000	2		3	
1801	9.0050	2		3	
1802	9.0100	2		3	
1803	9.0150	2		3	
1804	9.0200	2		3	
1805	9.0250	3		4	
1806	9.0300	3		4	
1807	9.0350	3		4	
1808	9.0400	3		4	
1809	9.0450	3		4	
1810	9.0500	3		4	
1811	9.0550	3		4	
1812	9.0600	4		4	
1813	9.0650	4		4	
1814	9.0700	4		4	
1815	9.0750	4		4	
1816	9.0800	4		4	
1817	9.0850	4		4	
1818	9.0900	4		4	
1819	9.0950	4		4	
1820	9.1000	4		4	
1821	9.1050	4		4	
1822	9.1100	4		4	
1823	9.1150	5		5	
1824	9.1200	5		5	
1825	9.1250	5		5	
1826	9.1300	5		5	
1827	9.1350	5		5	
1828	9.1400	5		5	
1829	9.1450	5		5	
1830	9.1500	5		5	
1831	9.1550	5		5	
1832	9.1600	5		5	
1833	9.1650	5		5	
1834	9.1700	5		4	
1835	9.1750	5		4	
1836	9.1800	5		4	
1837	9.1850	5		4	
1838	9.1900	5		4	
1839	9.1950	6		4	
1840	9.2000	6		4	
1841	9.2050	6		4	
1842	9.2100	6		4	
1843	9.2150	6		4	
1844	9.2200	6		4	
1845	9.2250	6		4	
1846	9.2300	6		4	
1847	9.2350	6		4	
1848	9.2400	6		4	
1849	9.2450	6		4	
1850	9.2500	6		4	
1851	9.2550	6		4	
1852	9.2600	5		3	
1853	9.2650	5		3	
1854	9.2700	5		3	
1855	9.2750	5		3	
1856	9.2800	5		3	
1857	9.2850	5		3	
1858	9.2900	5		2	
1859	9.2950	5		2	
1860	9.3000	5		2	
1861	9.3050	5		2	
1862	9.3100	5		2	
1863	9.3150	5		2	
1864	9.3200	5		2	
1865	9.3250	5		2	
1866	9.3300	5		2	
1867	9.3350	4		1	
1868	9.3400	4		1	
1869	9.3450	4		1	
1870	9.3500	4		1	
1871	9.3550	4		0	
1872	9.3600	4		0	
1873	9.3650	4		0	
1874	9.3700	4		0	
1875	9.3750	4		0	
1876	9.3800	4		0	
1877	9.3850	4		0	
1878	9.3900	3		-1	
1879	9.3950	3		-1	
1880	9.4000	3		-1	
1881	9.4050	3		-1	
1882	9.4100	3		-2	
1883	9.4150	3		-2	
1884	9.4200	3		-2	
1885	9.4250	2		-2	
1886	9.4300	2		-2	
1887	9.4350	2		-2	
1888	9.4400	2		-3	
1889	9.4450	2		-3	
1890	9.4500	2		-3	
1891	9.4550	2		-3	
1892	9.4600	1		-4	
1893	9.4650	1		-4	
1894	9.4700	1		-4	
1895	9.4750	1		-4	
1896	9.4800	1		-4	
1897	9.4850	1		-4	
1898	9.4900	0		-5	
1899	9.4950	0		-5	
1900	9.5000	0		-5	
1901	9.5050	0		-5	
1902	9.5100	0		-6	
1903	9.5150	0		-6	
1904	9.5200	-1		-6	
1905	9.5250	-1		-6	
1906	9.5300	-1		-6	
1907	9.5350	-1		-6	
1908	9.5400	-1		-7	
1909	9.5450	-1		-7	
1910	9.5500	-2		-7	
1911	9.5550	-2		-7	
1912	9.5600	-2		-7	
1913	9.5650	-2		-8	
1914	9.5700	-2		-8	
1915	9.5750	-2		-8	
1916	9.5800	-3		-8	
1917	9.5850	-3		-8	
1918	9.5900	-3		-8	
1919	9.5950	-3		-8	
1920	9.6000	-3		-9	
1921	9.6050	-4		-9	
1922	9.6100	-4		-9	
1923	9.6150	-4		-9	
1924	9.6200	-4		-9	
1925	9.6250	-4		-10	
1926	9.6300	-4		-10	
1927	9.6350	-4		-10	
1928	9.6400	-5		-10	
1929	9.6450	-5		-10	
1930	9.6500	-5		-10	
1931	9.6550	-5		-10	
1932	9.6600	-5		-10	
1933	9.6650	-6		-11	
1934	9.6700	-6		-11	
1935	9.6750	-6		-11	
1936	9.6800	-6		-11	
1937	9.6850	-6		-11	
1938	9.6900	-6		-11	
1939	9.6950	-6		-11	
1940	9.7000	-6		-11	
1941	9.7050	-7		-12	
1942	9.7100	-7		-12	
1943	9.7150	-7		-12	
1944	9.7200	-7		-12	
1945	9.7250	-7		-12	
1946	9.7300	-7		-12	
1947	9.7350	-7		-12	
1948	9.7400	-8		-12	
1949	9.7450	-8		-12	
1950	9.7500	-8		-12	
1951	9.7550	-8		-12	
1952	9.7600	-8		-12	
1953	9.7650	-8		-12	
1954	9.7700	-8		-12	
1955	9.7750	-8		-12	
1956	9.7800	-8		-12	
1957	9.7850	-8		-12	
1958	9.7900	-8		-12	
1959	9.7950	-9		-12	
1960	9.8000	-9		-12	
1961	9.8050	-9		-12	
1962	9.8100	-9		-12	
1963	9.8150	-9		-12	
1964	9.8200	-9		-12	
1965	9.8250	-9		-12	
1966	9.8300	-9		-12	
1967	9.8350	-9		-12	
1968	9.8400	-9		-12	
1969	9.8450	-9		-12	
1970	9.8500	-9		-12	
1971	9.8550	-9		-12	
1972	9.8600	-9		-12	
1973	9.8650	-9		-12	
1974	9.8700	-9		-12	
1975	9.8750	-9		-12	
1976	9.8800	-9		-12	
1977	9.8850	-9		-12	
1978	9.8900	-9		-12	
1979	9.8950	-9		-12	
1980	9.9000	-9		-12	
1981	9.9050	-9		-12	
1982	9.9100	-9		-12	
1983	9.9150	-9		-11	
1984	9.9200	-9		-11	
1985	9.9250	-9		-11	
1986	9.9300	-9		-11	
1987	9.9350	-9		-11	
1988	9.9400	-9		-11	
1989	9.9450	-9		-11	
1990	9.9500	-9		-10	
1991	9.9550	-9		-10	
1992	9.9600	-9		-10	
1993	9.9650	-9		-10	
1994	9.9700	-9		-10	
1995	9.9750	-9		-10	
1996	9.9800	-9		-10	
1997	9.9850	-9		-10	
1998	9.9900	-8		-10	
1999	9.9950	-8		-9	
2000	10.0000	-8		-9	
2001	10.0050	-8		-9	
2002	10.0100	-8		-9	
2003	10.0150	-8		-8	
2004	10.0200	-8		-8	
2005	10.0250	-8		-8	
2006	10.0300	-8		-8	
2007	10.0350	-8		-8	
2008	10.0400	-8		-8	
2009	10.0450	-8		-8	
2010	10.0500	-7		-7	
2011	10.0550	-7		-7	
2012	10.0600	-7		-7	
2013	10.0650	-7		-7	
2014	10.0700	-7		-7	
2015	10.0750	-7		-6	
2016	10.0800	-7		-6	
2017	10.0850	-6		-6	
2018	10.0900	-6		-6	
2019	10.0950	-6		-6	
2020	10.1000	-6		-6	
2021	10.1050	-6		-5	
2022	10.1100	-6		-5	
2023	10.1150	-6		-5	
2024	10.1200	-6		-5	
2025	10.1250	-5		-4	
2026	10.1300	-5		-4	
2027	10.1350	-5		-4	
2028	10.1400	-5		-4	
2029	10.1450	-5		-4	
2030	10.1500	-4		-4	
2031	10.1550	-4		-3	
2032	10.1600	-4		-3	
2033	10.1650	-4		-3	
2034	10.1700	-4		-3	
2035	10.1750	-4		-2	
2036	10.1800	-4		-2	
2037	10.1850	-3		-2	
2038	10.1900	-3		-2	
2039	10.1950	-3		-2	
2040	10.2000	-3		-2	
2041	10.2050	-3		-1	
2042	10.2100	-2		-1	
2043	10.2150	-2		-1	
2044	10.2200	-2		-1	
2045	10.2250	-2		0	
2046	10.2300	-2		0	
2047	10.2350	-2		0	
2048	10.2400	-2		0	
2049	10.2450	-1		0	
2050	10.2500	-1		0	
2051	10.2550	-1		0	
2052	10.2600	-1		1	
2053	10.2650	-1		1	
2054	10.2700	0		1	
2055	10.2750	0		1	
2056	10.2800	0		1	
2057	10.2850	0		2	
2058	10.2900	0		2	
2059	10.2950	0		2	
2060	10.3000	1		2	
2061	10.3050	1		2	
2062	10.3100	1		2	
2063	10.3150	1		2	
2064	10.3200	1		2	
2065	10.3250	1		3	
2066	10.3300	2		3	
2067	10.3350	2		3	
2068	10.3400	2		3	
2069	10.3450	2		3	
2070	10.3500	2		3	
2071	10.3550	2		3	
2072	10.3600	2		4	
2073	10.3650	2		4	
2074	10.3700	3		4	
2075	10.3750	3		4	
2076	10.3800	3		4	
2077	10.3850	3		4	
2078	10.3900	3		4	
2079	10.3950	3		4	
2080	10.4000	3		4	
2081	10.4050	4		4	
2082	10.4100	4		4	
2083	10.4150	4		4	
2084	10.4200	4		4	
2085	10.4250	4		4	
2086	10.4300	4		4	
2087	10.4350	4		4	
2088	10.4400	4		4	
2089	10.4450	4		4	
2090	10.4500	4		4	
2091	10.4550	4		4	
2092	10.4600	5		4	
2093	10.4650	5		4	
2094	10.4700	5		4	
2095	10.4750	5		4	
2096	10.4800	5		4	
2097	10.4850	5		4	
2098	10.4900	5		4	
2099	10.4950	5		4	
2100	10.5000	5		4	
2101	10.5050	5		4	
2102	10.5100	5		4	
2103	10.5150	5		4	
2104	10.5200	5		4	
2105	10.5250	5		4	
2106	10.5300	5		4	
2107	10.5350	6		4	
2108	10.5400	6		4	
2109	10.5450	6		4	
2110	10.5500	6		4	
2111	10.5550	6		4	
2112	10.5600	6		4	
2113	10.5650	6		4	
2114	10.5700	6		4	
2115	10.5750	6		4	
2116	10.5800	6		4	
2117	10.5850	6		4	
2118	10.5900	6		3	
2119	10.5950	6		3	
2120	10.6000	6		3	
2121	10.6050	5		3	
2122	10.6100	5		3	
2123	10.6150	5		3	
2124	10.6200	5		3	
2125	10.6250	5		2	
2126	10.6300	5		2	
2127	10.6350	5		2	
2128	10.6400	5		2	
2129	10.6450	5		2	
2130	10.6500	5		2	
2131	10.6550	5		2	
2132	10.6600	5		2	
2133	10.6650	5		1	
2134	10.6700	5		1	
2135	10.6750	5		1	
2136	10.6800	4		1	
2137	10.6850	4		1	
2138	10.6900	4		0	
2139	10.6950	4		0	
2140	10.7000	4		0	
2141	10.7050	4		0	
2142	10.7100	4		0	
2143	10.7150	4		0	
2144	10.7200	4		0	
2145	10.7250	4		-1	
2146	10.7300	3		-1	
2147	10.7350	3		-1	
2148	10.7400	3		-1	
2149	10.7450	3		-2	
2150	10.7500	3		-2	
2151	10.7550	3		-2	
2152	10.7600	3		-2	
2153	10.7650	2		-2	
2154	10.7700	2		-2	
2155	10.7750	2		-2	
2156	10.7800	2		-3	
2157	10.7850	2		-3	
2158	10.7900	2		-3	
2159	10.7950	2		-3	
2160	10.8000	1		-4	
2161	10.8050	1		-4	
2162	10.8100	1		-4	
2163	10.8150	1		-4	
2164	10.8200	1		-4	
2165	10.8250	1		-4	
2166	10.8300	0		-5	
2167	10.8350	0		-5	
2168	10.8400	0		-5	
2169	10.8450	0		-5	
2170	10.8500	0		-6	
2171	10.8550	0		-6	
2172	10.8600	0		-6	
2173	10.8650	-1		-6	
2174	10.8700	-1		-6	
2175	10.8750	-1		-6	
2176	10.8800	-1		-7	
2177	10.8850	-1		-7	
2178	10.8900	-2		-7	
2179	10.8950	-2		-7	
2180	10.9000	-2		-7	
2181	10.9050	-2		-8	
2182	10.9100	-2		-8	
2183	10.9150	-2		-8	
2184	10.9200	-3		-8	
2185	10.9250	-3		-8	
2186	10.9300	-3		-8	
2187	10.9350	-3		-8	
2188	10.9400	-3		-9	
2189	10.9450	-4		-9	
2190	10.9500	-4		-9	
2191	10.9550	-4		-9	
2192	10.9600	-4		-9	
2193	10.9650	-4		-9	
2194	10.9700	-4		-10	
2195	10.9750	-4		-10	
2196	10.9800	-5		-10	
2197	10.9850	-5		-10	
2198	10.9900	-5		-10	
2199	10.9950	-5		-10	
2200	11.0000	-5		-10	
2201	11.0050	-5		-10	
2202	11.0100	-6		-10	
2203	11.0150	-6		-11	
2204	11.0200	-6		-11	
2205	11.0250	-6		-11	
2206	11.0300	-6		-11	
2207	11.0350	-6		-11	
2208	11.0400	-6		-11	
2209	11.0450	-7		-11	
2210	11.0500	-7		-11	
2211	11.0550	-7		-11	
2212	11.0600	-7		-12	
2213	11.0650	-7		-12	
2214	11.0700	-7		-12	
2215	11.0750	-7		-12	
2216	11.0800	-8		-12	
2217	11.0850	-8		-12	
2218	11.0900	-8		-12	
2219	11.0950	-8		-12	
2220	11.1000	-8		-12	
2221	11.1050	-8		-12	
2222	11.1100	-8		-12	
2223	11.1150	-8		-12	
2224	11.1200	-8		-12	
2225	11.1250	-8		-12	
2226	11.1300	-8		-12	
2227	11.1350	-8		-12	
2228	11.1400	-9		-12	
2229	11.1450	-9		-12	
2230	11.1500	-9		-12	
2231	11.1550	-9		-12	
2232	11.1600	-9		-12	
2233	11.1650	-9		-12	
2234	11.1700	-9		-12	
2235	11.1750	-9		-12	
2236	11.1800	-9		-12	
2237	11.1850	-9		-12	
2238	11.1900	-9		-12	
2239	11.1950	-9		-12	
2240	11.2000	-9		-12	
2241	11.2050	-9		-12	
2242	11.2100	-9		-12	
2243	11.2150	-9		-12	
2244	11.2200	-9		-12	
2245	11.2250	-9		-12	
2246	11.2300	-9		-12	
2247	11.2350	-9		-12	
2248	11.2400	-9		-11	
2249	11.2450	-9		-11	
2250	11.2500	-9		-11	
2251	11.2550	-9		-11	
2252	11.2600	-9		-11	
2253	11.2650	-9		-11	
2254	11.2700	-9		-11	
2255	11.2750	-9		-11	
2256	11.2800	-9		-10	
2257	11.2850	-9		-10	
2258	11.2900	-9		-10	
2259	11.2950	-9		-10	
2260	11.3000	-9		-10	
2261	11.3050	-9		-10	
2262	11.3100	-9		-10	
2263	11.3150	-9		-10	
2264	11.3200	-9		-10	
2265	11.3250	-9		-10	
2266	11.3300	-9		-9	
2267	11.3350	-8		-9	
2268	11.3400	-8		-9	
2269	11.3450	-8		-9	
2270	11.3500	-8		-9	
2271	11.3550	-8		-8	
2272	11.3600	-8		-8	
2273	11.3650	-8		-8	
2274	11.3700	-8		-8	
2275	11.3750	-8		-8	
2276	11.3800	-8		-8	
2277	11.3850	-8		-8	
2278	11.3900	-7		-8	
2279	11.3950	-7		-7	
2280	11.4000	-7		-7	
2281	11.4050	-7		-7	
2282	11.4100	-7		-7	
2283	11.4150	-7		-6	
2284	11.4200	-7		-6	
2285	11.4250	-6		-6	
2286	11.4300	-6		-6	
2287	11.4350	-6		-6	
2288	11.4400	-6		-6	
2289	11.4450	-6		-6	
2290	11.4500	-6		-5	
2291	11.4550	-6		-5	
2292	11.4600	-6		-5	
2293	11.4650	-5		-5	
2294	11.4700	-5		-4	
2295	11.4750	-5		-4	
2296	11.4800	-5		-4	
2297	11.4850	-5		-4	
2298	11.4900	-5		-4	
2299	11.4950	-4		-4	
2300	11.5000	-4		-3	
2301	11.5050	-4		-3	
2302	11.5100	-4		-3	
2303	11.5150	-4		-3	
2304	11.5200	-4		-2	
2305	11.5250	-3		-2	
2306	11.5300	-3		-2	
2307	11.5350	-3		-2	
2308	11.5400	-3		-2	
2309	11.5450	-3		-2	
2310	11.5500	-2		-2	
2311	11.5550	-2		-1	
2312	11.5600	-2		-1	
2313	11.5650	-2		-1	
2314	11.5700	-2		-1	
2315	11.5750	-2		0	
2316	11.5800	-2		0	
2317	11.5850	-1		0	
2318	11.5900	-1		0	
2319	11.5950	-1		0	
2320	11.6000	-1		0	
2321	11.6050	-1		0	
2322	11.6100	0		1	
2323	11.6150	0		1	
2324	11.6200	0		1	
2325	11.6250	0		1	
2326	11.6300	0		1	
2327	11.6350	0		2	
2328	11.6400	0		2	
2329	11.6450	1		2	
2330	11.6500	1		2	
2331	11.6550	1		2	
2332	11.6600	1		2	
2333	11.6650	1		2	
2334	11.6700	2		2	
2335	11.6750	2		2	
2336	11.6800	2		3	
2337	11.6850	2		3	
2338	11.6900	2		3	
2339	11.6950	2		3	
2340	11.7000	2		3	
2341	11.7050	2		3	
2342	11.7100	3		3	
2343	11.7150	3		4	
2344	11.7200	3		4	
2345	11.7250	3		4	
2346	11.7300	3		4	
2347	11.7350	3		4	
2348	11.7400	3		4	
2349	11.7450	4		4	
2350	11.7500	4		4	
2351	11.7550	4		4	
2352	11.7600	4		4	
2353	11.7650	4		4	
2354	11.7700	4		4	
2355	11.7750	4		4	
2356	11.7800	4		4	
2357	11.7850	4		4	
2358	11.7900	4		4	
2359	11.7950	4		4	
2360	11.8000	5		4	
2361	11.8050	5		4	
2362	11.8100	5		4	
2363	11.8150	5		4	
2364	11.8200	5		4	
2365	11.8250	5		4	
2366	11.8300	5		4	
2367	11.8350	5		4	
2368	11.8400	5		4	
2369	11.8450	5		4	
2370	11.8500	5		4	
2371	11.8550	5		4	
2372	11.8600	5		4	
2373	11.8650	5		4	
2374	11.8700	5		4	
2375	11.8750	6		4	
2376	11.8800	6		4	
2377	11.8850	6		4	
2378	11.8900	6		4	
2379	11.8950	6		4	
2380	11.9000	6		4	
2381	11.9050	6		4	
2382	11.9100	6		4	
2383	11.9150	6		4	
2384	11.9200	6		4	
2385	11.9250	6		4	
2386	11.9300	6		3	
2387	11.9350	6		3	
2388	11.9400	6		3	
2389	11.9450	5		3	
2390	11.9500	5		3	
2391	11.9550	5		3	
2392	11.9600	5		3	
2393	11.9650	5		2	
2394	11.9700	5		2	
2395	11.9750	5		2	
2396	11.9800	5		2	
2397	11.9850	5		2	
2398	11.9900	5		2	
2399	11.9950	5		2	
2400	12.0000	5		2	
2401	12.0050	5		2	
2402	12.0100	5		1	
2403	12.0150	5		1	
2404	12.0200	4		1	
2405	12.0250	4		1	
2406	12.0300	4		1	
2407	12.0350	4		0	
2408	12.0400	4		0	
2409	12.0450	4		0	
2410	12.0500	4		0	
2411	12.0550	4		0	
2412	12.0600	4		0	
2413	12.0650	4		0	
2414	12.0700	3		-1	
2415	12.0750	3		-1	
2416	12.0800	3		-1	
2417	12.0850	3		-1	
2418	12.0900	3		-1	
2419	12.0950	3		-2	
2420	12.1000	3		-2	
2421	12.1050	2		-2	
2422	12.1100	2		-2	
2423	12.1150	2		-2	
2424	12.1200	2		-2	
2425	12.1250	2		-3	
2426	12.1300	2		-3	
2427	12.1350	2		-3	
2428	12.1400	2		-3	
2429	12.1450	1		-4	
2430	12.1500	1		-4	
2431	12.1550	1		-4	
2432	12.1600	1		-4	
2433	12.1650	1		-4	
2434	12.1700	0		-4	
2435	12.1750	0		-5	
2436	12.1800	0		-5	
2437	12.1850	0		-5	
2438	12.1900	0		-5	
2439	12.1950	0		-6	
2440	12.2000	0		-6	
2441	12.2050	-1		-6	
2442	12.2100	-1		-6	
2443	12.2150	-1		-6	
2444	12.2200	-1		-6	
2445	12.2250	-1		-6	
2446	12.2300	-2		-7	
2447	12.2350	-2		-7	
2448	12.2400	-2		-7	
2449	12.2450	-2		-7	
2450	12.2500	-2		-8	
2451	12.2550	-2		-8	
2452	12.2600	-3		-8	
2453	12.2650	-3		-8	
2454	12.2700	-3		-8	
2455	12.2750	-3		-8	
2456	12.2800	-3		-8	
2457	12.2850	-3		-9	
2458	12.2900	-4		-9	
2459	12.2950	-4		-9	
2460	12.3000	-4		-9	
2461	12.3050	-4		-9	
2462	12.3100	-4		-10	
2463	12.3150	-4		-10	
2464	12.3200	-5		-10	
2465	12.3250	-5		-10	
2466	12.3300	-5		-10	
2467	12.3350	-5		-10	
2468	12.3400	-5		-10	
2469	12.3450	-5		-10	
2470	12.3500	-6		-10	
2471	12.3550	-6		-10	
2472	12.3600	-6		-11	
2473	12.3650	-6		-11	
2474	12.3700	-6		-11	
2475	12.3750	-6		-11	
2476	12.3800	-6		-11	
2477	12.3850	-6		-11	
2478	12.3900	-7		-11	
2479	12.3950	-7		-11	
2480	12.4000	-7		-12	
2481	12.4050	-7		-12	
2482	12.4100	-7		-12	
2483	12.4150	-7		-12	
2484	12.4200	-7		-12	
2485	12.4250	-8		-12	
2486	12.4300	-8		-12	
2487	12.4350	-8		-12	
2488	12.4400	-8		-12	
2489	12.4450	-8		-12	
2490	12.4500	-8		-12	
2491	12.4550	-8		-12	
2492	12.4600	-8		-12	
2493	12.4650	-8		-12	
2494	12.4700	-8		-12	
2495	12.4750	-8		-12	
2496	12.4800	-9		-12	
2497	12.4850	-9		-12	
2498	12.4900	-9		-12	
2499	12.4950	-9		-12	
2500	12.5000	-9		-12	
2501	12.5050	-9		-12	
2502	12.5100	-9		-12	
2503	12.5150	-9		-12	
2504	12.5200	-9		-12	
2505	12.5250	-9		-12	
2506	12.5300	-9		-12	
2507	12.5350	-9		-12	
2508	12.5400	-9		-12	
2509	12.5450	-9		-12	
2510	12.5500	-9		-12	
2511	12.5550	-9		-12	
2512	12.5600	-9		-12	
2513	12.5650	-9		-12	
2514	12.5700	-9		-12	
2515	12.5750	-9		-12	
2516	12.5800	-9		-12	
2517	12.5850	-9		-12	
2518	12.5900	-9		-12	
2519	12.5950	-9		-11	
2520	12.6000	-9		-11	
2521	12.6050	-9		-11	
2522	12.6100	-9		-11	
2523	12.6150	-9		-11	
2524	12.6200	-9		-11	
2525	12.6250	-9		-11	
2526	12.6300	-9		-10	
2527	12.6350	-9		-10	
2528	12.6400	-9		-10	
2529	12.6450	-9		-10	
2530	12.6500	-9		-10	
2531	12.6550	-9		-10	
2532	12.6600	-9		-10	
2533	12.6650	-9		-10	
2534	12.6700	-9		-10	
2535	12.6750	-8		-10	
2536	12.6800	-8		-9	
2537	12.6850	-8		-9	
2538	12.6900	-8		-9	
2539	12.6950	-8		-9	
2540	12.7000	-8		-9	
2541	12.7050	-8		-8	
2542	12.7100	-8		-8	
2543	12.7150	-8		-8	
2544	12.7200	-8		-8	
2545	12.7250	-8		-8	
2546	12.7300	-8		-8	
2547	12.7350	-7		-8	
2548	12.7400	-7		-7	
2549	12.7450	-7		-7	
2550	12.7500	-7		-7	
2551	12.7550	-7		-7	
2552	12.7600	-7		-6	
2553	12.7650	-7		-6	
2554	12.7700	-6		-6	
2555	12.7750	-6		-6	
2556	12.7800	-6		-6	
2557	12.7850	-6		-6	
2558	12.7900	-6		-6	
2559	12.7950	-6		-5	
2560	12.8000	-6		-5	
2561	12.8050	-5		-5	
2562	12.8100	-5		-4	
2563	12.8150	-5		-4	
2564	12.8200	-5		-4	
2565	12.8250	-5		-4	
2566	12.8300	-5		-4	
2567	12.8350	-4		-4	
2568	12.8400	-4		-4	
2569	12.8450	-4		-3	
2570	12.8500	-4		-3	
2571	12.8550	-4		-3	
2572	12.8600	-4		-3	
2573	12.8650	-4		-2	
2574	12.8700	-3		-2	
2575	12.8750	-3		-2	
2576	12.8800	-3		-2	
2577	12.8850	-3		-2	
2578	12.8900	-3		-2	
2579	12.8950	-2		-1	
2580	12.9000	-2		-1	
2581	12.9050	-2		-1	
2582	12.9100	-2		-1	
2583	12.9150	-2		0	
2584	12.9200	-2		0	
2585	12.9250	-1		0	
2586	12.9300	-1		0	
2587	12.9350	-1		0	
2588	12.9400	-1		0	
2589	12.9450	-1		0	
2590	12.9500	0		1	
2591	12.9550	0		1	
2592	12.9600	0		1	
2593	12.9650	0		1	
2594	12.9700	0		1	
2595	12.9750	0		2	
2596	12.9800	0		2	
2597	12.9850	1		2	
2598	12.9900	1		2	
2599	12.9950	1		2	
2600	13.0000	1		2	
2601	13.0050	1		2	
2602	13.0100	1		2	
2603	13.0150	2		3	
2604	13.0200	2		3	
2605	13.0250	2		3	
2606	13.0300	2		3	
2607	13.0350	2		3	
2608	13.0400	2		3	
2609	13.0450	2		3	
2610	13.0500	3		4	
2611	13.0550	3		4	
2612	13.0600	3		4	
2613	13.0650	3		4	
2614	13.0700	3		4	
2615	13.0750	3		4	
2616	13.0800	3		4	
2617	13.0850	4		4	
2618	13.0900	4		4	
2619	13.0950	4		4	
2620	13.1000	4		4	
2621	13.1050	4		4	
2622	13.1100	4		4	
2623	13.1150	4		4	
2624	13.1200	4		4	
2625	13.1250	4		4	
2626	13.1300	4		4	
2627	13.1350	4		4	
2628	13.1400	5		4	
2629	13.1450	5		4	
2630	13.1500	5		5	
2631	13.1550	5		5	
2632	13.1600	5		5	
2633	13.1650	5		5	
2634	13.1700	5		5	
2635	13.1750	5		5	
2636	13.1800	5		5	
2637	13.1850	5		4	
2638	13.1900	5		4	
2639	13.1950	5		4	
2640	13.2000	5		4	
2641	13.2050	5		4	
2642	13.2100	5		4	
2643	13.2150	5		4	
2644	13.2200	6		4	
2645	13.2250	6		4	
2646	13.2300	6		4	
2647	13.2350	6		4	
2648	13.2400	6		4	
2649	13.2450	6		4	
2650	13.2500	6		4	
2651	13.2550	6		4	
2652	13.2600	6		4	
2653	13.2650	6		4	
2654	13.2700	6		4	
2655	13.2750	6		4	
2656	13.2800	6		3	
2657	13.2850	6		3	
2658	13.2900	5		3	
2659	13.2950	5		3	
2660	13.3000	5		3	
2661	13.3050	5		3	
2662	13.3100	5		3	
2663	13.3150	5		2	
2664	13.3200	5		2	
2665	13.3250	5		2	
2666	13.3300	5		2	
2667	13.3350	5		2	
2668	13.3400	5		2	
2669	13.3450	5		2	
2670	13.3500	5		2	
2671	13.3550	5		1	
2672	13.3600	4		1	
2673	13.3650	4		1	
2674	13.3700	4		1	
2675	13.3750	4		1	
2676	13.3800	4		0	
2677	13.3850	4		0	
2678	13.3900	4		0	
2679	13.3950	4		0	
2680	13.4000	4		0	
2681	13.4050	4		0	
2682	13.4100	4		0	
2683	13.4150	3		-1	
2684	13.4200	3		-1	
2685	13.4250	3		-1	
2686	13.4300	3		-1	
2687	13.4350	3		-2	
2688	13.4400	3		-2	
2689	13.4450	3		-2	
2690	13.4500	2		-2	
2691	13.4550	2		-2	
2692	13.4600	2		-2	
2693	13.4650	2		-3	
2694	13.4700	2		-3	
2695	13.4750	2		-3	
2696	13.4800	2		-3	
2697	13.4850	1		-4	
2698	13.4900	1		-4	
2699	13.4950	1		-4	
2700	13.5000	1		-4	
2701	13.5050	1		-4	
2702	13.5100	1		-4	
2703	13.5150	0		-5	
2704	13.5200	0		-5	
2705	13.5250	0		-5	
2706	13.5300	0		-5	
2707	13.5350	0		-6	
2708	13.5400	0		-6	
2709	13.5450	-1		-6	
2710	13.5500	-1		-6	
2711	13.5550	-1		-6	
2712	13.5600	-1		-6	
2713	13.5650	-1		-7	
2714	13.5700	-1		-7	
2715	13.5750	-2		-7	
2716	13.5800	-2		-7	
2717	13.5850	-2		-7	
2718	13.5900	-2		-8	
2719	13.5950	-2		-8	
2720	13.6000	-2		-8	
2721	13.6050	-3		-8	
2722	13.6100	-3		-8	
2723	13.6150	-3		-8	
2724	13.6200	-3		-8	
2725	13.6250	-3		-9	
2726	13.6300	-4		-9	
2727	13.6350	-4		-9	
2728	13.6400	-4		-9	
2729	13.6450	-4		-9	
2730	13.6500	-4		-10	
2731	13.6550	-4		-10	
2732	13.6600	-4		-10	
2733	13.6650	-5		-10	
2734	13.6700	-5		-10	
2735	13.6750	-5		-10	
2736	13.6800	-5		-10	
2737	13.6850	-5		-10	
2738	13.6900	-6		-10	
2739	13.6950	-6		-11	
2740	13.7000	-6		-11	
2741	13.7050	-6		-11	
2742	13.7100	-6		-11	
2743	13.7150	-6		-11	
2744	13.7200	-6		-11	
2745	13.7250	-6		-11	
2746	13.7300	-7		-12	
2747	13.7350	-7		-12	
2748	13.7400	-7		-12	
2749	13.7450	-7		-12	
2750	13.7500	-7		-12	
2751	13.7550	-7		-12	
2752	13.7600	-7		-12	
2753	13.7650	-8		-12	
2754	13.7700	-8		-12	
2755	13.7750	-8		-12	
2756	13.7800	-8		-12	
2757	13.7850	-8		-12	
2758	13.7900	-8		-12	
2759	13.7950	-8		-12	
2760	13.8000	-8		-12	
2761	13.8050	-8		-12	
2762	13.8100	-8		-12	
2763	13.8150	-8		-12	
2764	13.8200	-9		-12	
2765	13.8250	-9		-12	
2766	13.8300	-9		-12	
2767	13.8350	-9		-12	
2768	13.8400	-9		-12	
2769	13.8450	-9		-12	
2770	13.8500	-9		-12	
2771	13.8550	-9		-12	
2772	13.8600	-9		-12	
2773	13.8650	-9		-12	
2774	13.8700	-9		-12	
2775	13.8750	-9		-12	
2776	13.8800	-9		-12	
2777	13.8850	-9		-12	
2778	13.8900	-9		-12	
2779	13.8950	-9		-12	
2780	13.9000	-9		-12	
2781	13.9050	-9		-12	
2782	13.9100	-9		-12	
2783	13.9150	-9		-12	
2784	13.9200	-9		-12	
2785	13.9250	-9		-12	
2786	13.9300	-9		-12	
2787	13.9350	-9		-11	
2788	13.9400	-9		-11	
2789	13.9450	-9		-11	
2790	13.9500	-9		-11	
2791	13.9550	-9		-11	
2792	13.9600	-9		-11	
2793	13.9650	-9		-11	
2794	13.9700	-9		-11	
2795	13.9750	-9		-10	
2796	13.9800	-9		-10	
2797	13.9850	-9		-10	
2798	13.9900	-9		-10	
2799	13.9950	-9		-10	
2800	14.0000	-9		-10	
2801	14.0050	-9		-10	
2802	14.0100	-9		-10	
2803	14.0150	-8		-10	
2804	14.0200	-8		-9	
2805	14.0250	-8		-9	
2806	14.0300	-8		-9	
2807	14.0350	-8		-9	
2808	14.0400	-8		-9	
2809	14.0450	-8		-8	
2810	14.0500	-8		-8	
2811	14.0550	-8		-8	
2812	14.0600	-8		-8	
2813	14.0650	-8		-8	
2814	14.0700	-8		-8	
2815	14.0750	-7		-8	
2816	14.0800	-7		-7	
2817	14.0850	-7		-7	
2818	14.0900	-7		-7	
2819	14.0950	-7		-7	
2820	14.1000	-7		-6	
2821	14.1050	-7		-6	
2822	14.1100	-6		-6	
2823	14.1150	-6		-6	
2824	14.1200	-6		-6	
2825	14.1250	-6		-6	
2826	14.1300	-6		-5	
2827	14.1350	-6		-5	
2828	14.1400	-6		-5	
2829	14.1450	-6		-5	
2830	14.1500	-5		-4	
2831	14.1550	-5		-4	
2832	14.1600	-5		-4	
2833	14.1650	-5		-4	
2834	14.1700	-5		-4	
2835	14.1750	-4		-4	
2836	14.1800	-4		-3	
2837	14.1850	-4		-3	
2838	14.1900	-4		-3	
2839	14.1950	-4		-3	
2840	14.2000	-4		-2	
2841	14.2050	-4		-2	
2842	14.2100	-3		-2	
2843	14.2150	-3		-2	
2844	14.2200	-3		-2	
2845	14.2250	-3		-2	
2846	14.2300	-3		-2	
2847	14.2350	-2		-1	
2848	14.2400	-2		-1	
2849	14.2450	-2		-1	
2850	14.2500	-2		-1	
2851	14.2550	-2		0	
2852	14.2600	-2		0	
2853	14.2650	-1		0	
2854	14.2700	-1		0	
2855	14.2750	-1		0	
2856	14.2800	-1		0	
2857	14.2850	-1		0	
2858	14.2900	-1		1	
2859	14.2950	0		1	
2860	14.3000	0		1	
2861	14.3050	0		1	
2862	14.3100	0		2	
2863	14.3150	0		2	
2864	14.3200	0		2	
2865	14.3250	1		2	
2866	14.3300	1		2	
2867	14.3350	1		2	
2868	14.3400	1		2	
2869	14.3450	1		2	
2870	14.3500	1		2	
2871	14.3550	2		3	
2872	14.3600	2		3	
2873	14.3650	2		3	
2874	14.3700	2		3	
2875	14.3750	2		3	
2876	14.3800	2		3	
2877	14.3850	2		4	
2878	14.3900	3		4	
2879	14.3950	3		4	
2880	14.4000	3		4	
2881	14.4050	3		4	
2882	14.4100	3		4	
2883	14.4150	3		4	
2884	14.4200	3		4	
2885	14.4250	3		4	
2886	14.4300	4		4	
2887	14.4350	4		4	
2888	14.4400	4		4	
2889	14.4450	4		4	
2890	14.4500	4		4	
2891	14.4550	4		4	
2892	14.4600	4		4	
2893	14.4650	4		4	
2894	14.4700	4		4	
2895	14.4750	4		4	
2896	14.4800	4		4	
2897	14.4850	5		4	
2898	14.4900	5		5	
2899	14.4950	5		5	
2900	14.5000	5		5	
2901	14.5050	5		5	
2902	14.5100	5		5	
2903	14.5150	5		5	
2904	14.5200	5		4	
2905	14.5250	5		4	
2906	14.5300	5		4	
2907	14.5350	5		4	
2908	14.5400	5		4	
2909	14.5450	5		4	
2910	14.5500	5		4	
2911	14.5550	5		4	
2912	14.5600	6		4	
2913	14.5650	6		4	
2914	14.5700	6		4	
2915	14.5750	6		4	
2916	14.5800	6		4	
2917	14.5850	6		4	
2918	14.5900	6		4	
2919	14.5950	6		4	
2920	14.6000	6		4	
2921	14.6050	6		4	
2922	14.6100	6		4	
2923	14.6150	6		4	
2924	14.6200	6		3	
2925	14.6250	6		3	
2926	14.6300	5		3	
2927	14.6350	5		3	
2928	14.6400	5		3	
2929	14.6450	5		3	
2930	14.6500	5		3	
2931	14.6550	5		2	
2932	14.6600	5		2	
2933	14.6650	5		2	
2934	14.6700	5		2	
2935	14.6750	5		2	
2936	14.6800	5		2	
2937	14.6850	5		2	
2938	14.6900	5		2	
2939	14.6950	5		1	
2940	14.7000	5		1	
2941	14.7050	4		1	
2942	14.7100	4		1	
2943	14.7150	4		1	
2944	14.7200	4		0	
2945	14.7250	4		0	
2946	14.7300	4		0	
2947	14.7350	4		0	
2948	14.7400	4		0	
2949	14.7450	4		0	
2950	14.7500	4		0	
2951	14.7550	3		-1	
2952	14.7600	3		-1	
2953	14.7650	3		-1	
2954	14.7700	3		-1	
2955	14.7750	3		-2	
2956	14.7800	3		-2	
2957	14.7850	3		-2	
2958	14.7900	2		-2	
2959	14.7950	2		-2	
2960	14.8000	2		-2	
2961	14.8050	2		-3	
2962	14.8100	2		-3	
2963	14.8150	2		-3	
2964	14.8200	2		-3	
2965	14.8250	1		-4	
2966	14.8300	1		-4	
2967	14.8350	1		-4	
2968	14.8400	1		-4	
2969	14.8450	1		-4	
2970	14.8500	1		-4	
2971	14.8550	0		-5	
2972	14.8600	0		-5	
2973	14.8650	0		-5	
2974	14.8700	0		-5	
2975	14.8750	0		-6	
2976	14.8800	0		-6	
2977	14.8850	-1		-6	
2978	14.8900	-1		-6	
2979	14.8950	-1		-6	
2980	14.9000	-1		-6	
2981	14.9050	-1		-6	
2982	14.9100	-1		-7	
2983	14.9150	-2		-7	
2984	14.9200	-2		-7	
2985	14.9250	-2		-7	
2986	14.9300	-2		-8	
2987	14.9350	-2		-8	
2988	14.9400	-2		-8	
2989	14.9450	-3		-8	
2990	14.9500	-3		-8	
2991	14.9550	-3		-8	
2992	14.9600	-3		-8	
2993	14.9650	-3		-9	
2994	14.9700	-4		-9	
2995	14.9750	-4		-9	
2996	14.9800	-4		-9	
2997	14.9850	-4		-9	
2998	14.9900	-4		-10	
2999	14.9950	-4		-10	
3000	15.0000	-4		-10	
3001	15.0050	-5		-10	
3002	15.0100	-5		-10	
3003	15.0150	-5		-10	
3004	15.0200	-5		-10	
3005	15.0250	-5		-10	
3006	15.0300	-6		-10	
3007	15.0350	-6		-10	
3008	15.0400	-6		-11	
3009	15.0450	-6		-11	
3010	15.0500	-6		-11	
3011	15.0550	-6		-11	
3012	15.0600	-6		-11	
3013	15.0650	-6		-11	
3014	15.0700	-7		-11	
3015	15.0750	-7		-11	
3016	15.0800	-7		-12	
3017	15.0850	-7		-12	
3018	15.0900	-7		-12	
3019	15.0950	-7		-12	
3020	15.1000	-7		-12	
3021	15.1050	-8		-12	
3022	15.1100	-8		-12	
3023	15.1150	-8		-12	
3024	15.1200	-8		-12	
3025	15.1250	-8		-12	
3026	15.1300	-8		-12	
3027	15.1350	-8		-12	
3028	15.1400	-8		-12	
3029	15.1450	-8		-12	
3030	15.1500	-8		-12	
3031	15.1550	-8		-12	
3032	15.1600	-8		-12	
3033	15.1650	-9		-12	
3034	15.1700	-9		-12	
3035	15.1750	-9		-12	
3036	15.1800	-9		-12	
3037	15.1850	-9		-12	
3038	15.1900	-9		-12	
3039	15.1950	-9		-12	
3040	15.2000	-9		-12	
3041	15.2050	-9		-12	
3042	15.2100	-9		-12	
3043	15.2150	-9		-12	
3044	15.2200	-9		-12	
3045	15.2250	-9		-12	
3046	15.2300	-9		-12	
3047	15.2350	-9		-12	
3048	15.2400	-9		-12	
3049	15.2450	-9		-12	
3050	15.2500	-9		-12	
3051	15.2550	-9		-12	
3052	15.2600	-9		-12	
3053	15.2650	-9		-11	
3054	15.2700	-9		-11	
3055	15.2750	-9		-11	
3056	15.2800	-9		-11	
3057	15.2850	-9		-11	
3058	15.2900	-9		-11	
3059	15.2950	-9		-11	
3060	15.3000	-9		-11	
3061	15.3050	-9		-10	
3062	15.3100	-9		-10	
3063	15.3150	-9		-10	
3064	15.3200	-9		-10	
3065	15.3250	-9		-10	
3066	15.3300	-9		-10	
3067	15.3350	-9		-10	
3068	15.3400	-9		-10	
3069	15.3450	-9		-10	
3070	15.3500	-9		-10	
3071	15.3550	-8		-9	
3072	15.3600	-8		-9	
3073	15.3650	-8		-9	
3074	15.3700	-8		-9	
3075	15.3750	-8		-9	
3076	15.3800	-8		-8	
3077	15.3850	-8		-8	
3078	15.3900	-8		-8	
3079	15.3950	-8		-8	
3080	15.4000	-8		-8	
3081	15.4050	-8		-8	
3082	15.4100	-8		-8	
3083	15.4150	-7		-7	
3084	15.4200	-7		-7	
3085	15.4250	-7		-7	
3086	15.4300	-7		-7	
3087	15.4350	-7		-7	
3088	15.4400	-7		-6	
3089	15.4450	-7		-6	
3090	15.4500	-6		-6	
3091	15.4550	-6		-6	
3092	15.4600	-6		-6	
3093	15.4650	-6		-6	
3094	15.4700	-6		-5	
3095	15.4750	-6		-5	
3096	15.4800	-6		-5	
3097	15.4850	-6		-5	
3098	15.4900	-5		-4	
3099	15.4950	-5		-4	
3100	15.5000	-5		-4	
3101	15.5050	-5		-4	
3102	15.5100	-5		-4	
3103	15.5150	-4		-4	
3104	15.5200	-4		-4	
3105	15.5250	-4		-3	
3106	15.5300	-4		-3	
3107	15.5350	-4		-3	
3108	15.5400	-4		-3	
3109	15.5450	-4		-2	
3110	15.5500	-3		-2	
3111	15.5550	-3		-2	
3112	15.5600	-3		-2	
3113	15.5650	-3		-2	
3114	15.5700	-3		-2	
3115	15.5750	-2		-1	
3116	15.5800	-2		-1	
3117	15.5850	-2		-1	
3118	15.5900	-2		-1	
3119	15.5950	-2		-1	
3120	15.6000	-2		0	
3121	15.6050	-1		0	
3122	15.6100	-1		0	
3123	15.6150	-1		0	
3124	15.6200	-1		0	
3125	15.6250	-1		0	
3126	15.6300	-1		0	
3127	15.6350	0		1	
3128	15.6400	0		1	
3129	15.6450	0		1	
3130	15.6500	0		1	
3131	15.6550	0		1	
3132	15.6600	0		2	
3133	15.6650	1		2	
3134	15.6700	1		2	
3135	15.6750	1		2	
3136	15.6800	1		2	
3137	15.6850	1		2	
3138	15.6900	1		2	
3139	15.6950	2		2	
3140	15.7000	2		2	
3141	15.7050	2		3	
3142	15.7100	2		3	
3143	15.7150	2		3	
3144	15.7200	2		3	
3145	15.7250	2		3	
3146	15.7300	2		3	
3147	15.7350	3		3	
3148	15.7400	3		3	
3149	15.7450	3		4	
3150	15.7500	3		4	
3151	15.7550	3		4	
3152	15.7600	3		4	
3153	15.7650	3		4	
3154	15.7700	4		4	
3155	15.7750	4		4	
3156	15.7800	4		4	
3157	15.7850	4		4	
3158	15.7900	4		4	
3159	15.7950	4		4	
3160	15.8000	4		4	
3161	15.8050	4		4	
3162	15.8100	4		4	
3163	15.8150	4		4	
3164	15.8200	5		4	
3165	15.8250	5		4	
3166	15.8300	5		4	
3167	15.8350	5		4	
3168	15.8400	5		4	
3169	15.8450	5		4	
3170	15.8500	5		4	
3171	15.8550	5		4	
3172	15.8600	5		4	
3173	15.8650	5		4	
3174	15.8700	5		4	
3175	15.8750	5		4	
3176	15.8800	5		4	
3177	15.8850	5		4	
3178	15.8900	5		4	
3179	15.8950	6		4	
3180	15.9000	6		4	
3181	15.9050	6		4	
3182	15.9100	6		4	
3183	15.9150	6		4	
3184	15.9200	6		4	
3185	15.9250	6		4	
3186	15.9300	6		4	
3187	15.9350	6		4	
3188	15.9400	6		4	
3189	15.9450	6		4	
3190	15.9500	6		4	
3191	15.9550	6		3	
3192	15.9600	6		3	
3193	15.9650	6		3	
3194	15.9700	5		3	
3195	15.9750	5		3	
3196	15.9800	5		3	
3197	15.9850	5		3	
3198	15.9900	5		2	
3199	15.9950	5		2	
3200	16.0000	5		2	
3201	16.0050	5		2	
3202	16.0100	5		2	
3203	16.0150	5		2	
3204	16.0200	5		2	
3205	16.0250	5		2	
3206	16.0300	5		2	
3207	16.0350	5		1	
3208	16.0400	5		1	
3209	16.0450	4		1	
3210	16.0500	4		1	
3211	16.0550	4		1	
3212	16.0600	4		0	
3213	16.0650	4		0	
3214	16.0700	4		0	
3215	16.0750	4		0	
3216	16.0800	4		0	
3217	16.0850	4		0	
3218	16.0900	4		0	
3219	16.0950	3		-1	
3220	16.1000	3		-1	
3221	16.1050	3		-1	
3222	16.1100	3		-1	
3223	16.1150	3		-1	
3224	16.1200	3		-2	
3225	16.1250	3		-2	
3226	16.1300	2		-2	
3227	16.1350	2		-2	
3228	16.1400	2		-2	
3229	16.1450	2		-2	
3230	16.1500	2		-3	
3231	16.1550	2		-3	
3232	16.1600	2		-3	
3233	16.1650	1		-3	
3234	16.1700	1		-4	
3235	16.1750	1		-4	
3236	16.1800	1		-4	
3237	16.1850	1		-4	
3238	16.1900	1		-4	
3239	16.1950	0		-4	
3240	16.2000	0		-4	
3241	16.2050	0		-5	
3242	16.2100	0		-5	
3243	16.2150	0		-5	
3244	16.2200	0		-5	
3245	16.2250	0		-6	
3246	16.2300	-1		-6	
3247	16.2350	-1		-6	
3248	16.2400	-1		-6	
3249	16.2450	-1		-6	
3250	16.2500	-1		-6	
3251	16.2550	-2		-7	
3252	16.2600	-2		-7	
3253	16.2650	-2		-7	
3254	16.2700	-2		-7	
3255	16.2750	-2		-8	
3256	16.2800	-2		-8	
3257	16.2850	-3		-8	
3258	16.2900	-3		-8	
3259	16.2950	-3		-8	
3260	16.3000	-3		-8	
3261	16.3050	-3		-8	
3262	16.3100	-4		-9	
3263	16.3150	-4		-9	
3264	16.3200	-4		-9	
3265	16.3250	-4		-9	
3266	16.3300	-4		-9	
3267	16.3350	-4		-9	
3268	16.3400	-4		-10	
3269	16.3450	-5		-10	
3270	16.3500	-5		-10	
3271	16.3550	-5		-10	
3272	16.3600	-5		-10	
3273	16.3650	-5		-10	
3274	16.3700	-5		-10	
3275	16.3750	-6		-10	
3276	16.3800	-6		-10	
3277	16.3850	-6		-11	
3278	16.3900	-6		-11	
3279	16.3950	-6		-11	
3280	16.4000	-6		-11	
3281	16.4050	-6		-11	
3282	16.4100	-7		-11	
3283	16.4150	-7		-11	
3284	16.4200	-7		-12	
3285	16.4250	-7		-12	
3286	16.4300	-7		-12	
3287	16.4350	-7		-12	
3288	16.4400	-7		-12	
3289	16.4450	-7		-12	
3290	16.4500	-8		-12	
3291	16.4550	-8		-12	
3292	16.4600	-8		-12	
3293	16.4650	-8		-12	
3294	16.4700	-8		-12	
3295	16.4750	-8		-12	
3296	16.4800	-8		-12	
3297	16.4850	-8		-12	
3298	16.4900	-8		-12	
3299	16.4950	-8		-12	
3300	16.5000	-8		-12	
3301	16.5050	-9		-12	
3302	16.5100	-9		-12	
3303	16.5150	-9		-12	
3304	16.5200	-9		-12	
3305	16.5250	-9		-12	
3306	16.5300	-9		-12	
3307	16.5350	-9		-12	
3308	16.5400	-9		-12	
3309	16.5450	-9		-12	
3310	16.5500	-9		-12	
3311	16.5550	-9		-12	
3312	16.5600	-9		-12	
3313	16.5650	-9		-12	
3314	16.5700	-9		-12	
3315	16.5750	-9		-12	
3316	16.5800	-9		-12	
3317	16.5850	-9		-12	
3318	16.5900	-9		-12	
3319	16.5950	-9		-12	
3320	16.6000	-9		-12	
3321	16.6050	-9		-12	
3322	16.6100	-9		-12	
3323	16.6150	-9		-12	
3324	16.6200	-9		-11	
3325	16.6250	-9		-11	
3326	16.6300	-9		-11	
3327	16.6350	-9		-11	
3328	16.6400	-9		-11	
3329	16.6450	-9		-11	
3330	16.6500	-9		-11	
3331	16.6550	-9		-11	
3332	16.6600	-9		-10	
3333	16.6650	-9		-10	
3334	16.6700	-9		-10	
3335	16.6750	-9		-10	
3336	16.6800	-9		-10	
3337	16.6850	-9		-10	
3338	16.6900	-9		-10	
3339	16.6950	-8		-10	
3340	16.7000	-8		-10	
3341	16.7050	-8		-9	
3342	16.7100	-8		-9	
3343	16.7150	-8		-9	
3344	16.7200	-8		-9	
3345	16.7250	-8		-9	
3346	16.7300	-8		-8	
3347	16.7350	-8		-8	
3348	16.7400	-8		-8	
3349	16.7450	-8		-8	
3350	16.7500	-8		-8	
3351	16.7550	-7		-8	
3352	16.7600	-7		-8	
3353	16.7650	-7		-7	
3354	16.7700	-7		-7	
3355	16.7750	-7		-7	
3356	16.7800	-7		-7	
3357	16.7850	-7		-6	
3358	16.7900	-6		-6	
3359	16.7950	-6		-6	
3360	16.8000	-6		-6	
3361	16.8050	-6		-6	
3362	16.8100	-6		-6	
3363	16.8150	-6		-6	
3364	16.8200	-6		-5	
3365	16.8250	-6		-5	
3366	16.8300	-5		-5	
3367	16.8350	-5		-5	
3368	16.8400	-5		-4	
3369	16.8450	-5		-4	
3370	16.8500	-5		-4	
3371	16.8550	-4		-4	
3372	16.8600	-4		-4	
3373	16.8650	-4		-4	
3374	16.8700	-4		-3	
3375	16.8750	-4		-3	
3376	16.8800	-4		-3	
3377	16.8850	-4		-3	
3378	16.8900	-3		-2	
3379	16.8950	-3		-2	
3380	16.9000	-3		-2	
3381	16.9050	-3		-2	
3382	16.9100	-3		-2	
3383	16.9150	-2		-2	
3384	16.9200	-2		-1	
3385	16.9250	-2		-1	
3386	16.9300	-2		-1	
3387	16.9350	-2		-1	
3388	16.9400	-2		0	
3389	16.9450	-2		0	
3390	16.9500	-1		0	
3391	16.9550	-1		0	
3392	16.9600	-1		0	
3393	16.9650	-1		0	
3394	16.9700	-1		0	
3395	16.9750	0		1	
3396	16.9800	0		1	
3397	16.9850	0		1	
3398	16.9900	0		1	
3399	16.9950	0		1	
3400	17.0000	0		2	
3401	17.0050	1		2	
3402	17.0100	1		2	
3403	17.0150	1		2	
3404	17.0200	1		2	
3405	17.0250	1		2	
3406	17.0300	1		2	
3407	17.0350	2		2	
3408	17.0400	2		3	
3409	17.0450	2		3	
3410	17.0500	2		3	
3411	17.0550	2		3	
3412	17.0600	2		3	
3413	17.0650	2		3	
3414	17.0700	2		3	
3415	17.0750	3		4	
3416	17.0800	3		4	
3417	17.0850	3		4	
3418	17.0900	3		4	
3419	17.0950	3		4	
3420	17.1000	3		4	
3421	17.1050	4		4	
3422	17.1100	4		4	
3423	17.1150	4		4	
3424	17.1200	4		4	
3425	17.1250	4		4	
3426	17.1300	4		4	
3427	17.1350	4		4	
3428	17.1400	4		4	
3429	17.1450	4		4	
3430	17.1500	4		4	
3431	17.1550	4		4	
3432	17.1600	5		4	
3433	17.1650	5		4	
3434	17.1700	5		4	
3435	17.1750	5		4	
3436	17.1800	5		4	
3437	17.1850	5		5	
3438	17.1900	5		5	
3439	17.1950	5		5	
3440	17.2000	5		5	
3441	17.2050	5		4	
3442	17.2100	5		4	
3443	17.2150	5		4	
3444	17.2200	5		4	
3445	17.2250	5		4	
3446	17.2300	5		4	
3447	17.2350	5		4	
3448	17.2400	6		4	
3449	17.2450	6		4	
3450	17.2500	6		4	
3451	17.2550	6		4	
3452	17.2600	6		4	
3453	17.2650	6		4	
3454	17.2700	6		4	
3455	17.2750	6		4	
3456	17.2800	6		4	
3457	17.2850	6		4	
3458	17.2900	6		4	
3459	17.2950	6		4	
3460	17.3000	6		4	
3461	17.3050	6		3	
3462	17.3100	5		3	
3463	17.3150	5		3	
3464	17.3200	5		3	
3465	17.3250	5		3	
3466	17.3300	5		3	
3467	17.3350	5		3	
3468	17.3400	5		2	
3469	17.3450	5		2	
3470	17.3500	5		2	
3471	17.3550	5		2	
3472	17.3600	5		2	
3473	17.3650	5		2	
3474	17.3700	5		2	
3475	17.3750	5		2	
3476	17.3800	5		1	
3477	17.3850	4		1	
3478	17.3900	4		1	
3479	17.3950	4		1	
3480	17.4000	4		1	
3481	17.4050	4		0	
3482	17.4100	4		0	
3483	17.4150	4		0	
3484	17.4200	4		0	
3485	17.4250	4		0	
3486	17.4300	4		0	
3487	17.4350	3		0	
3488	17.4400	3		-1	
3489	17.4450	3		-1	
3490	17.4500	3		-1	
3491	17.4550	3		-1	
3492	17.4600	3		-2	
3493	17.4650	3		-2	
3494	17.4700	2		-2	
3495	17.4750	2		-2	
3496	17.4800	2		-2	
3497	17.4850	2		-2	
3498	17.4900	2		-3	
3499	17.4950	2		-3	
3500	17.5000	2		-3	
3501	17.5050	1		-3	
3502	17.5100	1		-4	
3503	17.5150	1		-4	
3504	17.5200	1		-4	
3505	17.5250	1		-4	
3506	17.5300	1		-4	
3507	17.5350	0		-4	
3508	17.5400	0		-5	
3509	17.5450	0		-5	
3510	17.5500	0		-5	
3511	17.5550	0		-5	
3512	17.5600	0		-6	
3513	17.5650	0		-6	
3514	17.5700	-1		-6	
3515	17.5750	-1		-6	
3516	17.5800	-1		-6	
3517	17.5850	-1		-6	
3518	17.5900	-1		-6	
3519	17.5950	-2		-7	
3520	17.6000	-2		-7	
3521	17.6050	-2		-7	
3522	17.6100	-2		-7	
3523	17.6150	-2		-8	
3524	17.6200	-2		-8	
3525	17.6250	-3		-8	
3526	17.6300	-3		-8	
3527	17.6350	-3		-8	
3528	17.6400	-3		-8	
3529	17.6450	-3		-8	
3530	17.6500	-4		-9	
3531	17.6550	-4		-9	
3532	17.6600	-4		-9	
3533	17.6650	-4		-9	
3534	17.6700	-4		-9	
3535	17.6750	-4		-10	
3536	17.6800	-4		-10	
3537	17.6850	-5		-10	
3538	17.6900	-5		-10	
3539	17.6950	-5		-10	
3540	17.7000	-5		-10	
3541	17.7050	-5		-10	
3542	17.7100	-5		-10	
3543	17.7150	-6		-10	
3544	17.7200	-6		-11	
3545	17.7250	-6		-11	
3546	17.7300	-6		-11	
3547	17.7350	-6		-11	
3548	17.7400	-6		-11	
3549	17.7450	-6		-11	
3550	17.7500	-7		-11	
3551	17.7550	-7		-11	
3552	17.7600	-7		-12	
3553	17.7650	-7		-12	
3554	17.7700	-7		-12	
3555	17.7750	-7		-12	
3556	17.7800	-7		-12	
3557	17.7850	-8		-12	
3558	17.7900	-8		-12	
3559	17.7950	-8		-12	
3560	17.8000	-8		-12	
3561	17.8050	-8		-12	
3562	17.8100	-8		-12	
3563	17.8150	-8		-12	
3564	17.8200	-8		-12	
3565	17.8250	-8		-12	
3566	17.8300	-8		-12	
3567	17.8350	-8		-12	
3568	17.8400	-8		-12	
3569	17.8450	-9		-12	
3570	17.8500	-9		-12	
3571	17.8550	-9		-12	
3572	17.8600	-9		-12	
3573	17.8650	-9		-12	
3574	17.8700	-9		-12	
3575	17.8750	-9		-12	
3576	17.8800	-9		-12	
3577	17.8850	-9		-12	
3578	17.8900	-9		-12	
3579	17.8950	-9		-12	
3580	17.9000	-9		-12	
3581	17.9050	-9		-12	
3582	17.9100	-9		-12	
3583	17.9150	-9		-12	
3584	17.9200	-9		-12	
3585	17.9250	-9		-12	
3586	17.9300	-9		-12	
3587	17.9350	-9		-12	
3588	17.9400	-9		-12	
3589	17.9450	-9		-12	
3590	17.9500	-9		-12	
3591	17.9550	-9		-11	
3592	17.9600	-9		-11	
3593	17.9650	-9		-11	
3594	17.9700	-9		-11	
3595	17.9750	-9		-11	
3596	17.9800	-9		-11	
3597	17.9850	-9		-11	
3598	17.9900	-9		-11	
3599	17.9950	-9		-10	
3600	18.0000	-9		-10	
3601	18.0050	-9		-10	
3602	18.0100	-9		-10	
3603	18.0150	-9		-10	
3604	18.0200	-9		-10	
3605	18.0250	-9		-10	
3606	18.0300	-9		-10	
3607	18.0350	-8		-10	
3608	18.0400	-8		-9	
3609	18.0450	-8		-9	
3610	18.0500	-8		-9	
3611	18.0550	-8		-9	
3612	18.0600	-8		-9	
3613	18.0650	-8		-8	
3614	18.0700	-8		-8	
3615	18.0750	-8		-8	
3616	18.0800	-8		-8	
3617	18.0850	-8		-8	
3618	18.0900	-8		-8	
3619	18.0950	-7		-8	
3620	18.1000	-7		-7	
3621	18.1050	-7		-7	
3622	18.1100	-7		-7	
3623	18.1150	-7		-7	
3624	18.1200	-7		-7	
3625	18.1250	-7		-6	
3626	18.1300	-6		-6	
3627	18.1350	-6		-6	
3628	18.1400	-6		-6	
3629	18.1450	-6		-6	
3630	18.1500	-6		-6	
3631	18.1550	-6		-5	
3632	18.1600	-6		-5	
3633	18.1650	-6		-5	
3634	18.1700	-5		-5	
3635	18.1750	-5		-4	
3636	18.1800	-5		-4	
3637	18.1850	-5		-4	
3638	18.1900	-5		-4	
3639	18.1950	-5		-4	
3640	18.2000	-4		-4	
3641	18.2050	-4		-3	
3642	18.2100	-4		-3	
3643	18.2150	-4		-3	
3644	18.2200	-4		-3	
3645	18.2250	-4		-2	
3646	18.2300	-3		-2	
3647	18.2350	-3		-2	
3648	18.2400	-3		-2	
3649	18.2450	-3		-2	
3650	18.2500	-3		-2	
3651	18.2550	-2		-2	
3652	18.2600	-2		-1	
3653	18.2650	-2		-1	
3654	18.2700	-2		-1	
3655	18.2750	-2		-1	
3656	18.2800	-2		0	
3657	18.2850	-2		0	
3658	18.2900	-1		0	
3659	18.2950	-1		0	
3660	18.3000	-1		0	
3661	18.3050	-1		0	
3662	18.3100	-1		0	
3663	18.3150	0		1	
3664	18.3200	0		1	
3665	18.3250	0		1	
3666	18.3300	0		1	
3667	18.3350	0		1	
3668	18.3400	0		2	
3669	18.3450	0		2	
3670	18.3500	1		2	
3671	18.3550	1		2	
3672	18.3600	1		2	
3673	18.3650	1		2	
3674	18.3700	1		2	
3675	18.3750	2		2	
3676	18.3800	2		2	
3677	18.3850	2		3	
3678	18.3900	2		3	
3679	18.3950	2		3	
3680	18.4000	2		3	
3681	18.4050	2		3	
3682	18.4100	2		3	
3683	18.4150	3		3	
3684	18.4200	3		4	
3685	18.4250	3		4	
3686	18.4300	3		4	
3687	18.4350	3		4	
3688	18.4400	3		4	
3689	18.4450	3		4	
3690	18.4500	4		4	
3691	18.4550	4		4	
3692	18.4600	4		4	
3693	18.4650	4		4	
3694	18.4700	4		4	
3695	18.4750	4		4	
3696	18.4800	4		4	
3697	18.4850	4		4	
3698	18.4900	4		4	
3699	18.4950	4		4	
3700	18.5000	4		4	
3701	18.5050	5		4	
3702	18.5100	5		4	
3703	18.5150	5		4	
3704	18.5200	5		4	
3705	18.5250	5		4	
3706	18.5300	5		4	
3707	18.5350	5		4	
3708	18.5400	5		4	
3709	18.5450	5		4	
3710	18.5500	5		4	
3711	18.5550	5		4	
3712	18.5600	5		4	
3713	18.5650	5		4	
3714	18.5700	5		4	
3715	18.5750	5		4	
3716	18.5800	5		4	
3717	18.5850	6		4	
3718	18.5900	6		4	
3719	18.5950	6		4	
3720	18.6000	6		4	
3721	18.6050	6		4	
3722	18.6100	6		4	
3723	18.6150	6		4	
3724	18.6200	6		4	
3725	18.6250	6		4	
3726	18.6300	6		4	
3727	18.6350	6		4	
3728	18.6400	6		3	
3729	18.6450	6		3	
3730	18.6500	5		3	
3731	18.6550	5		3	
3732	18.6600	5		3	
3733	18.6650	5		3	
3734	18.6700	5		3	
3735	18.6750	5		2	
3736	18.6800	5		2	
3737	18.6850	5		2	
3738	18.6900	5		2	
3739	18.6950	5		2	
3740	18.7000	5		2	
3741	18.7050	5		2	
3742	18.7100	5		2	
3743	18.7150	5		2	
3744	18.7200	5		1	
3745	18.7250	4		1	
3746	18.7300	4		1	
3747	18.7350	4		1	
3748	18.7400	4		1	
3749	18.7450	4		0	
3750	18.7500	4		0	
3751	18.7550	4		0	
3752	18.7600	4		0	
3753	18.7650	4		0	
3754	18.7700	4		0	
3755	18.7750	4		0	
3756	18.7800	3		-1	
3757	18.7850	3		-1	
3758	18.7900	3		-1	
3759	18.7950	3		-1	
3760	18.8000	3		-2	
3761	18.8050	3		-2	
3762	18.8100	3		-2	
3763	18.8150	2		-2	
3764	18.8200	2		-2	
3765	18.8250	2		-2	
3766	18.8300	2		-2	
3767	18.8350	2		-3	
3768	18.8400	2		-3	
3769	18.8450	2		-3	
3770	18.8500	1		-3	
3771	18.8550	1		-4	
3772	18.8600	1		-4	
3773	18.8650	1		-4	
3774	18.8700	1		-4	
3775	18.8750	1		-4	
3776	18.8800	0		-4	
3777	18.8850	0		-5	
3778	18.8900	0		-5	
3779	18.8950	0		-5	
3780	18.9000	0		-5	
3781	18.9050	0		-6	
3782	18.9100	-1		-6	
3783	18.9150	-1		-6	
3784	18.9200	-1		-6	
3785	18.9250	-1		-6	
3786	18.9300	-1		-6	
3787	18.9350	-2		-7	
3788	18.9400	-2		-7	
3789	18.9450	-2		-7	
3790	18.9500	-2		-7	
3791	18.9550	-2		-7	
3792	18.9600	-2		-8	
3793	18.9650	-2		-8	
3794	18.9700	-3		-8	
3795	18.9750	-3		-8	
3796	18.9800	-3		-8	
3797	18.9850	-3		-8	
3798	18.9900	-3		-8	
3799	18.9950	-4		-9	
3800	19.0000	-4		-9	
3801	19.0050	-4		-9	
3802	19.0100	-4		-9	
3803	19.0150	-4		-9	
3804	19.0200	-4		-10	
3805	19.0250	-4		-10	
3806	19.0300	-5		-10	
3807	19.0350	-5		-10	
3808	19.0400	-5		-10	
3809	19.0450	-5		-10	
3810	19.0500	-5		-10	
3811	19.0550	-6		-10	
3812	19.0600	-6		-10	
3813	19.0650	-6		-10	
3814	19.0700	-6		-11	
3815	19.0750	-6		-11	
3816	19.0800	-6		-11	
3817	19.0850	-6		-11	
3818	19.0900	-6		-11	
3819	19.0950	-7		-11	
3820	19.1000	-7		-11	
3821	19.1050	-7		-11	
3822	19.1100	-7		-12	
3823	19.1150	-7		-12	
3824	19.1200	-7		-12	
3825	19.1250	-7		-12	
3826	19.1300	-8		-12	
3827	19.1350	-8		-12	
3828	19.1400	-8		-12	
3829	19.1450	-8		-12	
3830	19.1500	-8		-12	
3831	19.1550	-8		-12	
3832	19.1600	-8		-12	
3833	19.1650	-8		-12	
3834	19.1700	-8		-12	
3835	19.1750	-8		-12	
3836	19.1800	-8		-12	
3837	19.1850	-9		-12	
3838	19.1900	-9		-12	
3839	19.1950	-9		-12	
3840	19.2000	-9		-12	
3841	19.2050	-9		-12	
3842	19.2100	-9		-12	
3843	19.2150	-9		-12	
3844	19.2200	-9		-12	
3845	19.2250	-9		-12	
3846	19.2300	-9		-12	
3847	19.2350	-9		-12	
3848	19.2400	-9		-12	
3849	19.2450	-9		-12	
3850	19.2500	-9		-12	
3851	19.2550	-9		-12	
3852	19.2600	-9		-12	
3853	19.2650	-9		-12	
3854	19.2700	-9		-12	
3855	19.2750	-9		-12	
3856	19.2800	-9		-12	
3857	19.2850	-9		-12	
3858	19.2900	-9		-12	
3859	19.2950	-9		-11	
3860	19.3000	-9		-11	
3861	19.3050	-9		-11	
3862	19.3100	-9		-11	
3863	19.3150	-9		-11	
3864	19.3200	-9		-11	
3865	19.3250	-9		-11	
3866	19.3300	-9		-11	
3867	19.3350	-9		-10	
3868	19.3400	-9		-10	
3869	19.3450	-9		-10	
3870	19.3500	-9		-10	
3871	19.3550	-9		-10	
3872	19.3600	-9		-10	
3873	19.3650	-9		-10	
3874	19.3700	-9		-10	
3875	19.3750	-9		-10	
3876	19.3800	-9		-10	
3877	19.3850	-8		-9	
3878	19.3900	-8		-9	
3879	19.3950	-8		-9	
3880	19.4000	-8		-9	
3881	19.4050	-8		-9	
3882	19.4100	-8		-8	
3883	19.4150	-8		-8	
3884	19.4200	-8		-8	
3885	19.4250	-8		-8	
3886	19.4300	-8		-8	
3887	19.4350	-8		-8	
3888	19.4400	-7		-8	
3889	19.4450	-7		-7	
3890	19.4500	-7		-7	
3891	19.4550	-7		-7	
3892	19.4600	-7		-7	
3893	19.4650	-7		-7	
3894	19.4700	-7		-6	
3895	19.4750	-6		-6	
3896	19.4800	-6		-6	
3897	19.4850	-6		-6	
3898	19.4900	-6		-6	
3899	19.4950	-6		-6	
3900	19.5000	-6		-5	
3901	19.5050	-6		-5	
3902	19.5100	-6		-5	
3903	19.5150	-5		-5	
3904	19.5200	-5		-4	
3905	19.5250	-5		-4	
3906	19.5300	-5		-4	
3907	19.5350	-5		-4	
3908	19.5400	-4		-4	
3909	19.5450	-4		-4	
3910	19.5500	-4		-3	
3911	19.5550	-4		-3	
3912	19.5600	-4		-3	
3913	19.5650	-4		-3	
3914	19.5700	-4		-2	
3915	19.5750	-3		-2	
3916	19.5800	-3		-2	
3917	19.5850	-3		-2	
3918	19.5900	-3		-2	
3919	19.5950	-3		-2	
3920	19.6000	-2		-1	
3921	19.6050	-2		-1	
3922	19.6100	-2		-1	
3923	19.6150	-2		-1	
3924	19.6200	-2		-1	
3925	19.6250	-2		0	
3926	19.6300	-2		0	
3927	19.6350	-1		0	
3928	19.6400	-1		0	
3929	19.6450	-1		0	
3930	19.6500	-1		0	
3931	19.6550	-1		0	
3932	19.6600	0		1	
3933	19.6650	0		1	
3934	19.6700	0		1	
3935	19.6750	0		1	
3936	19.6800	0		2	
3937	19.6850	0		2	
3938	19.6900	0		2	
3939	19.6950	1		2	
3940	19.7000	1		2	
3941	19.7050	1		2	
3942	19.7100	1		2	
3943	19.7150	1		2	
3944	19.7200	2		2	
3945	19.7250	2		3	
3946	19.7300	2		3	
3947	19.7350	2		3	
3948	19.7400	2		3	
3949	19.7450	2		3	
3950	19.7500	2		3	
3951	19.7550	3		3	
3952	19.7600	3		4	
3953	19.7650	3		4	
3954	19.7700	3		4	
3955	19.7750	3		4	
3956	19.7800	3		4	
3957	19.7850	3		4	
3958	19.7900	3		4	
3959	19.7950	4		4	
3960	19.8000	4		4	
3961	19.8050	4		4	
3962	19.8100	4		4	
3963	19.8150	4		4	
3964	19.8200	4		4	
3965	19.8250	4		4	
3966	19.8300	4		4	
3967	19.8350	4		4	
3968	19.8400	4		4	
3969	19.8450	4		4	
3970	19.8500	5		4	
3971	19.8550	5		4	
3972	19.8600	5		4	
3973	19.8650	5		4	
3974	19.8700	5		4	
3975	19.8750	5		4	
3976	19.8800	5		4	
3977	19.8850	5		4	
3978	19.8900	5		4	
3979	19.8950	5		4	
3980	19.9000	5		4	
3981	19.9050	5		4	
3982	19.9100	5		4	
3983	19.9150	5		4	
3984	19.9200	5		4	
3985	19.9250	6		4	
3986	19.9300	6		4	
3987	19.9350	6		4	
3988	19.9400	6		4	
3989	19.9450	6		4	
3990	19.9500	6		4	
3991	19.9550	6		4	
3992	19.9600	6		4	
3993	19.9650	6		4	
3994	19.9700	6		4	
3995	19.9750	6		4	
3996	19.9800	6		4	
3997	19.9850	6		4	
3998	19.9900	5		3	
3999	19.9950	5		3	
4000	20.0000	5		3	
4001	20.0050	5		3	
4002	20.0100	5		3	
4003	20.0150	5		3	
4004	20.0200	5		2	
4005	20.0250	5		2	
4006	20.0300	5		2	
4007	20.0350	5		2	
4008	20.0400	5		2	
4009	20.0450	5		2	
4010	20.0500	5		2	
4011	20.0550	5		2	
4012	20.0600	5		2	
4013	20.0650	4		1	
4014	20.0700	4		1	
4015	20.0750	4		1	
4016	20.0800	4		1	
4017	20.0850	4		1	
4018	20.0900	4		0	
4019	20.0950	4		0	
4020	20.1000	4		0	
4021	20.1050	4		0	
4022	20.1100	4		0	
4023	20.1150	4		0	
4024	20.1200	3		0	
4025	20.1250	3		-1	
4026	20.1300	3		-1	
4027	20.1350	3		-1	
4028	20.1400	3		-1	
4029	20.1450	3		-2	
4030	20.1500	3		-2	
4031	20.1550	2		-2	
4032	20.1600	2		-2	
4033	20.1650	2		-2	
4034	20.1700	2		-2	
4035	20.1750	2		-3	
4036	20.1800	2		-3	
4037	20.1850	2		-3	
4038	20.1900	1		-3	
4039	20.1950	1		-4	
4040	20.2000	1		-4	
4041	20.2050	1		-4	
4042	20.2100	1		-4	
4043	20.2150	1		-4	
4044	20.2200	0		-4	
4045	20.2250	0		-5	
4046	20.2300	0		-5	
4047	20.2350	0		-5	
4048	20.2400	0		-5	
4049	20.2450	0		-6	
4050	20.2500	-1		-6	
4051	20.2550	-1		-6	
4052	20.2600	-1		-6	
4053	20.2650	-1		-6	
4054	20.2700	-1		-6	
4055	20.2750	-1		-6	
4056	20.2800	-2		-7	
4057	20.2850	-2		-7	
4058	20.2900	-2		-7	
4059	20.2950	-2		-7	
4060	20.3000	-2		-8	
4061	20.3050	-2		-8	
4062	20.3100	-3		-8	
4063	20.3150	-3		-8	
4064	20.3200	-3		-8	
4065	20.3250	-3		-8	
4066	20.3300	-3		-8	
4067	20.3350	-4		-9	
4068	20.3400	-4		-9	
4069	20.3450	-4		-9	
4070	20.3500	-4		-9	
4071	20.3550	-4		-9	
4072	20.3600	-4		-10	
4073	20.3650	-4		-10	
4074	20.3700	-5		-10	
4075	20.3750	-5		-10	
4076	20.3800	-5		-10	
4077	20.3850	-5		-10	
4078	20.3900	-5		-10	
4079	20.3950	-5		-10	
4080	20.4000	-6		-10	
4081	20.4050	-6		-11	
4082	20.4100	-6		-11	
4083	20.4150	-6		-11	
4084	20.4200	-6		-11	
4085	20.4250	-6		-11	
4086	20.4300	-6		-11	
4087	20.4350	-7		-11	
4088	20.4400	-7		-11	
4089	20.4450	-7		-12	
4090	20.4500	-7		-12	
4091	20.4550	-7		-12	
4092	20.4600	-7		-12	
4093	20.4650	-7		-12	
4094	20.4700	-8		-12	
4095	20.4750	-8		-12	
4096	20.4800	-8		-12	
4097	20.4850	-8		-12	
4098	20.4900	-8		-12	
4099	20.4950	-8		-12	
4100	20.5000	-8		-12	
4101	20.5050	-8		-12	
4102	20.5100	-8		-12	
4103	20.5150	-8		-12	
4104	20.5200	-8		-12	
4105	20.5250	-8		-12	
4106	20.5300	-9		-12	
4107	20.5350	-9		-12	
4108	20.5400	-9		-12	
4109	20.5450	-9		-12	
4110	20.5500	-9		-12	
4111	20.5550	-9		-12	
4112	20.5600	-9		-12	
4113	20.5650	-9		-12	
4114	20.5700	-9		-12	
4115	20.5750	-9		-12	
4116	20.5800	-9		-12	
4117	20.5850	-9		-12	
4118	20.5900	-9		-12	
4119	20.5950	-9		-12	
4120	20.6000	-9		-12	
4121	20.6050	-9		-12	
4122	20.6100	-9		-12	
4123	20.6150	-9		-12	
4124	20.6200	-9		-12	
4125	20.6250	-9		-12	
4126	20.6300	-9		-12	
4127	20.6350	-9		-12	
4128	20.6400	-9		-12	
4129	20.6450	-9		-11	
4130	20.6500	-9		-11	
4131	20.6550	-9		-11	
4132	20.6600	-9		-11	
4133	20.6650	-9		-11	
4134	20.6700	-9		-11	
4135	20.6750	-9		-11	
4136	20.6800	-9		-10	
4137	20.6850	-9		-10	
4138	20.6900	-9		-10	
4139	20.6950	-9		-10	
4140	20.7000	-9		-10	
4141	20.7050	-9		-10	
4142	20.7100	-9		-10	
4143	20.7150	-9		-10	
4144	20.7200	-9		-10	
4145	20.7250	-8		-9	
4146	20.7300	-8		-9	
4147	20.7350	-8		-9	
4148	20.7400	-8		-9	
4149	20.7450	-8		-9	
4150	20.7500	-8		-8	
4151	20.7550	-8		-8	
4152	20.7600	-8		-8	
4153	20.7650	-8		-8	
4154	20.7700	-8		-8	
4155	20.7750	-8		-8	
4156	20.7800	-7		-8	
4157	20.7850	-7		-8	
4158	20.7900	-7		-7	
4159	20.7950	-7		-7	
4160	20.8000	-7		-7	
4161	20.8050	-7		-7	
4162	20.8100	-7		-6	
4163	20.8150	-6		-6	
4164	20.8200	-6		-6	
4165	20.8250	-6		-6	
4166	20.8300	-6		-6	
4167	20.8350	-6		-6	
4168	20.8400	-6		-5	
4169	20.8450	-6		-5	
4170	20.8500	-6		-5	
4171	20.8550	-5		-5	
4172	20.8600	-5		-4	
4173	20.8650	-5		-4	
4174	20.8700	-5		-4	
4175	20.8750	-5		-4	
4176	20.8800	-4		-4	
4177	20.8850	-4		-4	
4178	20.8900	-4		-3	
4179	20.8950	-4		-3	
4180	20.9000	-4		-3	
4181	20.9050	-4		-3	
4182	20.9100	-4		-2	
4183	20.9150	-3		-2	
4184	20.9200	-3		-2	
4185	20.9250	-3		-2	
4186	20.9300	-3		-2	
4187	20.9350	-3		-2	
4188	20.9400	-2		-2	
4189	20.9450	-2		-1	
4190	20.9500	-2		-1	
4191	20.9550	-2		-1	
4192	20.9600	-2		-1	
4193	20.9650	-2		0	
4194	20.9700	-2		0	
4195	20.9750	-1		0	
4196	20.9800	-1		0	
4197	20.9850	-1		0	
4198	20.9900	-1		0	
4199	20.9950	-1		0	
4200	21.0000	0		1	
4201	21.0050	0		1	
4202	21.0100	0		1	
4203	21.0150	0		1	
4204	21.0200	0		2	
4205	21.0250	0		2	
4206	21.0300	1		2	
4207	21.0350	1		2	
4208	21.0400	1		2	
4209	21.0450	1		2	
4210	21.0500	1		2	
4211	21.0550	1		2	
4212	21.0600	2		2	
4213	21.0650	2		3	
4214	21.0700	2		3	
4215	21.0750	2		3	
4216	21.0800	2		3	
4217	21.0850	2		3	
4218	21.0900	2		3	
4219	21.0950	2		3	
4220	21.1000	3		4	
4221	21.1050	3		4	
4222	21.1100	3		4	
4223	21.1150	3		4	
4224	21.1200	3		4	
4225	21.1250	3		4	
4226	21.1300	3		4	
4227	21.1350	4		4	
4228	21.1400	4		4	
4229	21.1450	4		4	
4230	21.1500	4		4	
4231	21.1550	4		4	
4232	21.1600	4		4	
4233	21.1650	4		4	
4234	21.1700	4		4	
4235	21.1750	4		4	
4236	21.1800	4		4	
4237	21.1850	4		4	
4238	21.1900	5		4	
4239	21.1950	5		4	
4240	21.2000	5		4	
4241	21.2050	5		4	
4242	21.2100	5		4	
4243	21.2150	5		4	
4244	21.2200	5		4	
4245	21.2250	5		4	
4246	21.2300	5		4	
4247	21.2350	5		4	
4248	21.2400	5		4	
4249	21.2450	5		4	
4250	21.2500	5		4	
4251	21.2550	5		4	
4252	21.2600	5		4	
4253	21.2650	6		4	
4254	21.2700	6		4	
4255	21.2750	6		4	
4256	21.2800	6		4	
4257	21.2850	6		4	
4258	21.2900	6		4	
4259	21.2950	6		4	
4260	21.3000	6		4	
4261	21.3050	6		4	
4262	21.3100	6		4	
4263	21.3150	6		4	
4264	21.3200	6		4	
4265	21.3250	6		3	
4266	21.3300	5		3	
4267	21.3350	5		3	
4268	21.3400	5		3	
4269	21.3450	5		3	
4270	21.3500	5		3	
4271	21.3550	5		3	
4272	21.3600	5		2	
4273	21.3650	5		2	
4274	21.3700	5		2	
4275	21.3750	5		2	
4276	21.3800	5		2	
4277	21.3850	5		2	
4278	21.3900	5		2	
4279	21.3950	5		2	
4280	21.4000	5		2	
4281	21.4050	4		1	
4282	21.4100	4		1	
4283	21.4150	4		1	
4284	21.4200	4		1	
4285	21.4250	4		0	
4286	21.4300	4		0	
4287	21.4350	4		0	
4288	21.4400	4		0	
4289	21.4450	4		0	
4290	21.4500	4		0	
4291	21.4550	4		0	
4292	21.4600	3		-1	
4293	21.4650	3		-1	
4294	21.4700	3		-1	
4295	21.4750	3		-1	
4296	21.4800	3		-1	
4297	21.4850	3		-2	
4298	21.4900	3		-2	
4299	21.4950	2		-2	
4300	21.5000	2		-2	
4301	21.5050	2		-2	
4302	21.5100	2		-2	
4303	21.5150	2		-3	
4304	21.5200	2		-3	
4305	21.5250	2		-3	
4306	21.5300	1		-3	
4307	21.5350	1		-4	
4308	21.5400	1		-4	
4309	21.5450	1		-4	
4310	21.5500	1		-4	
4311	21.5550	1		-4	
4312	21.5600	0		-4	
4313	21.5650	0		-5	
4314	21.5700	0		-5	
4315	21.5750	0		-5	
4316	21.5800	0		-5	
4317	21.5850	0		-6	
4318	21.5900	-1		-6	
4319	21.5950	-1		-6	
4320	21.6000	-1		-6	
4321	21.6050	-1		-6	
4322	21.6100	-1		-6	
4323	21.6150	-1		-6	
4324	21.6200	-2		-7	
4325	21.6250	-2		-7	
4326	21.6300	-2		-7	
4327	21.6350	-2		-7	
4328	21.6400	-2		-8	
4329	21.6450	-2		-8	
4330	21.6500	-3		-8	
4331	21.6550	-3		-8	
4332	21.6600	-3		-8	
4333	21.6650	-3		-8	
4334	21.6700	-3		-8	
4335	21.6750	-4		-9	
4336	21.6800	-4		-9	
4337	21.6850	-4		-9	
4338	21.6900	-4		-9	
4339	21.6950	-4		-9	
4340	21.7000	-4		-10	
4341	21.7050	-4		-10	
4342	21.7100	-5		-10	
4343	21.7150	-5		-10	
4344	21.7200	-5		-10	
4345	21.7250	-5		-10	
4346	21.7300	-5		-10	
4347	21.7350	-5		-10	
4348	21.7400	-6		-10	
4349	21.7450	-6		-11	
4350	21.7500	-6		-11	
4351	21.7550	-6		-11	
4352	21.7600	-6		-11	
4353	21.7650	-6		-11	
4354	21.7700	-6		-11	
4355	21.7750	-7		-11	
4356	21.7800	-7		-11	
4357	21.7850	-7		-12	
4358	21.7900	-7		-12	
4359	21.7950	-7		-12	
4360	21.8000	-7		-12	
4361	21.8050	-7		-12	
4362	21.8100	-8		-12	
4363	21.8150	-8		-12	
4364	21.8200	-8		-12	
4365	21.8250	-8		-12	
4366	21.8300	-8		-12	
4367	21.8350	-8		-12	
4368	21.8400	-8		-12	
4369	21.8450	-8		-12	
4370	21.8500	-8		-12	
4371	21.8550	-8		-12	
4372	21.8600	-8		-12	
4373	21.8650	-8		-12	
4374	21.8700	-9		-12	
4375	21.8750	-9		-12	
4376	21.8800	-9		-12	
4377	21.8850	-9		-12	
4378	21.8900	-9		-12	
4379	21.8950	-9		-12	
4380	21.9000	-9		-12	
4381	21.9050	-9		-12	
4382	21.9100	-9		-12	
4383	21.9150	-9		-12	
4384	21.9200	-9		-12	
4385	21.9250	-9		-12	
4386	21.9300	-9		-12	
4387	21.9350	-9		-12	
4388	21.9400	-9		-12	
4389	21.9450	-9		-12	
4390	21.9500	-9		-12	
4391	21.9550	-9		-12	
4392	21.9600	-9		-12	
4393	21.9650	-9		-12	
4394	21.9700	-9		-12	
4395	21.9750	-9		-12	
4396	21.9800	-9		-11	
4397	21.9850	-9		-11	
4398	21.9900	-9		-11	
4399	21.9950	-9		-11	
4400	22.0000	-9		-11	
4401	22.0050	-9		-11	
4402	22.0100	-9		-11	
4403	22.0150	-9		-11	
4404	22.0200	-9		-10	
4405	22.0250	-9		-10	
4406	22.0300	-9		-10	
4407	22.0350	-9		-10	
4408	22.0400	-9		-10	
4409	22.0450	-9		-10	
4410	22.0500	-9		-10	
4411	22.0550	-9		-10	
4412	22.0600	-8		-10	
4413	22.0650	-8		-9	
4414	22.0700	-8		-9	
4415	22.0750	-8		-9	
4416	22.0800	-8		-9	
4417	22.0850	-8		-9	
4418	22.0900	-8		-8	
4419	22.0950	-8		-8	
4420	22.1000	-8		-8	
4421	22.1050	-8		-8	
4422	22.1100	-8		-8	
4423	22.1150	-8		-8	
4424	22.1200	-7		-8	
4425	22.1250	-7		-7	
4426	22.1300	-7		-7	
4427	22.1350	-7		-7	
4428	22.1400	-7		-7	
4429	22.1450	-7		-7	
4430	22.1500	-7		-6	
4431	22.1550	-6		-6	
4432	22.1600	-6		-6	
4433	22.1650	-6		-6	
4434	22.1700	-6		-6	
4435	22.1750	-6		-6	
4436	22.1800	-6		-5	
4437	22.1850	-6		-5	
4438	22.1900	-6		-5	
4439	22.1950	-5		-5	
4440	22.2000	-5		-4	
4441	22.2050	-5		-4	
4442	22.2100	-5		-4	
4443	22.2150	-5		-4	
4444	22.2200	-4		-4	
4445	22.2250	-4		-4	
4446	22.2300	-4		-3	
4447	22.2350	-4		-3	
4448	22.2400	-4		-3	
4449	22.2450	-4		-3	
4450	22.2500	-4		-2	
4451	22.2550	-3		-2	
4452	22.2600	-3		-2	
4453	22.2650	-3		-2	
4454	22.2700	-3		-2	
4455	22.2750	-3		-2	
4456	22.2800	-2		-1	
4457	22.2850	-2		-1	
4458	22.2900	-2		-1	
4459	22.2950	-2		-1	
4460	22.3000	-2		-1	
4461	22.3050	-2		0	
4462	22.3100	-1		0	
4463	22.3150	-1		0	
4464	22.3200	-1		0	
4465	22.3250	-1		0	
4466	22.3300	-1		0	
4467	22.3350	-1		0	
4468	22.3400	0		1	
4469	22.3450	0		1	
4470	22.3500	0		1	
4471	22.3550	0		1	
4472	22.3600	0		1	
4473	22.3650	0		2	
4474	22.3700	1		2	
4475	22.3750	1		2	
4476	22.3800	1		2	
4477	22.3850	1		2	
4478	22.3900	1		2	
4479	22.3950	1		2	
4480	22.4000	2		2	
4481	22.4050	2		3	
4482	22.4100	2		3	
4483	22.4150	2		3	
4484	22.4200	2		3	
4485	22.4250	2		3	
4486	22.4300	2		3	
4487	22.4350	2		3	
4488	22.4400	3		4	
4489	22.4450	3		4	
4490	22.4500	3		4	
4491	22.4550	3		4	
4492	22.4600	3		4	
4493	22.4650	3		4	
4494	22.4700	4		4	
4495	22.4750	4		4	
4496	22.4800	4		4	
4497	22.4850	4		4	
4498	22.4900	4		4	
4499	22.4950	4		4	
4500	22.5000	4		4	
4501	22.5050	4		4	
4502	22.5100	4		4	
4503	22.5150	4		4	
4504	22.5200	4		4	
4505	22.5250	5		4	
4506	22.5300	5		4	
4507	22.5350	5		4	
4508	22.5400	5		4	
4509	22.5450	5		4	
4510	22.5500	5		4	
4511	22.5550	5		4	
4512	22.5600	5		4	
4513	22.5650	5		4	
4514	22.5700	5		4	
4515	22.5750	5		4	
4516	22.5800	5		4	
4517	22.5850	5		4	
4518	22.5900	5		4	
4519	22.5950	5		4	
4520	22.6000	5		4	
4521	22.6050	6		4	
4522	22.6100	6		4	
4523	22.6150	6		4	
4524	22.6200	6		4	
4525	22.6250	6		4	
4526	22.6300	6		4	
4527	22.6350	6		4	
4528	22.6400	6		4	
4529	22.6450	6		4	
4530	22.6500	6		4	
4531	22.6550	6		4	
4532	22.6600	6		4	
4533	22.6650	6		3	
4534	22.6700	5		3	
4535	22.6750	5		3	
4536	22.6800	5		3	
4537	22.6850	5		3	
4538	22.6900	5		3	
4539	22.6950	5		3	
4540	22.7000	5		2	
4541	22.7050	5		2	
4542	22.7100	5		2	
4543	22.7150	5		2	
4544	22.7200	5		2	
4545	22.7250	5		2	
4546	22.7300	5		2	
4547	22.7350	5		2	
4548	22.7400	5		1	
4549	22.7450	4		1	
4550	22.7500	4		1	
4551	22.7550	4		1	
4552	22.7600	4		1	
4553	22.7650	4		0	
4554	22.7700	4		0	
4555	22.7750	4		0	
4556	22.7800	4		0	
4557	22.7850	4		0	
4558	22.7900	4		0	
4559	22.7950	4		0	
4560	22.8000	3		-1	
4561	22.8050	3		-1	
4562	22.8100	3		-1	
4563	22.8150	3		-1	
4564	22.8200	3		-1	
4565	22.8250	3		-2	
4566	22.8300	3		-2	
4567	22.8350	2		-2	
4568	22.8400	2		-2	
4569	22.8450	2		-2	
4570	22.8500	2		-2	
4571	22.8550	2		-3	
4572	22.8600	2		-3	
4573	22.8650	2		-3	
4574	22.8700	1		-3	
4575	22.8750	1		-4	
4576	22.8800	1		-4	
4577	22.8850	1		-4	
4578	22.8900	1		-4	
4579	22.8950	1		-4	
4580	22.9000	0		-4	
4581	22.9050	0		-5	
4582	22.9100	0		-5	
4583	22.9150	0		-5	
4584	22.9200	0		-5	
4585	22.9250	0		-5	
4586	22.9300	-1		-6	
4587	22.9350	-1		-6	
4588	22.9400	-1		-6	
4589	22.9450	-1		-6	
4590	22.9500	-1		-6	
4591	22.9550	-2		-6	
4592	22.9600	-2		-7	
4593	22.9650	-2		-7	
4594	22.9700	-2		-7	
4595	22.9750	-2		-7	
4596	22.9800	-2		-7	
4597	22.9850	-2		-8	
4598	22.9900	-3		-8	
4599	22.9950	-3		-8	
4600	23.0000	-3		-8	
4601	23.0050	-3		-8	
4602	23.0100	-3		-8	
4603	23.0150	-4		-8	
4604	23.0200	-4		-9	
4605	23.0250	-4		-9	
4606	23.0300	-4		-9	
4607	23.0350	-4		-9	
4608	23.0400	-4		-9	
4609	23.0450	-4		-10	
4610	23.0500	-5		-10	
4611	23.0550	-5		-10	
4612	23.0600	-5		-10	
4613	23.0650	-5		-10	
4614	23.0700	-5		-10	
4615	23.0750	-6		-10	
4616	23.0800	-6		-10	
4617	23.0850	-6		-10	
4618	23.0900	-6		-10	
4619	23.0950	-6		-11	
4620	23.1000	-6		-11	
4621	23.1050	-6		-11	
4622	23.1100	-6		-11	
4623	23.1150	-7		-11	
4624	23.1200	-7		-11	
4625	23.1250	-7		-11	
4626	23.1300	-7		-11	
4627	23.1350	-7		-12	
4628	23.1400	-7		-12	
4629	23.1450	-7		-12	
4630	23.1500	-8		-12	
4631	23.1550	-8		-12	
4632	23.1600	-8		-12	
4633	23.1650	-8		-12	
4634	23.1700	-8		-12	
4635	23.1750	-8		-12	
4636	23.1800	-8		-12	
4637	23.1850	-8		-12	
4638	23.1900	-8		-12	
4639	23.1950	-8		-12	
4640	23.2000	-8		-12	
4641	23.2050	-9		-12	
4642	23.2100	-9		-12	
4643	23.2150	-9		-12	
4644	23.2200	-9		-12	
4645	23.2250	-9		-12	
4646	23.2300	-9		-12	
4647	23.2350	-9		-12	
4648	23.2400	-9		-12	
4649	23.2450	-9		-12	
4650	23.2500	-9		-12	
4651	23.2550	-9		-12	
4652	23.2600	-9		-12	
4653	23.2650	-9		-12	
4654	23.2700	-9		-12	
4655	23.2750	-9		-12	
4656	23.2800	-9		-12	
4657	23.2850	-9		-12	
4658	23.2900	-9		-12	
4659	23.2950	-9		-12	
4660	23.3000	-9		-12	
4661	23.3050	-9		-12	
4662	23.3100	-9		-12	
4663	23.3150	-9		-11	
4664	23.3200	-9		-11	
4665	23.3250	-9		-11	
4666	23.3300	-9		-11	
4667	23.3350	-9		-11	
4668	23.3400	-9		-11	
4669	23.3450	-9		-11	
4670	23.3500	-9		-11	
4671	23.3550	-9		-11	
4672	23.3600	-9		-10	
4673	23.3650	-9		-10	
4674	23.3700	-9		-10	
4675	23.3750	-9		-10	
4676	23.3800	-9		-10	
4677	23.3850	-9		-10	
4678	23.3900	-9		-10	
4679	23.3950	-9		-10	
4680	23.4000	-8		-10	
4681	23.4050	-8		-9	
4682	23.4100	-8		-9	
4683	23.4150	-8		-9	
4684	23.4200	-8		-9	
4685	23.4250	-8		-9	
4686	23.4300	-8		-8	
4687	23.4350	-8		-8	
4688	23.4400	-8		-8	
4689	23.4450	-8		-8	
4690	23.4500	-8		-8	
4691	23.4550	-8		-8	
4692	23.4600	-7		-8	
4693	23.4650	-7		-8	
4694	23.4700	-7		-7	
4695	23.4750	-7		-7	
4696	23.4800	-7		-7	
4697	23.4850	-7		-7	
4698	23.4900	-7		-6	
4699	23.4950	-6		-6	
4700	23.5000	-6		-6	
4701	23.5050	-6		-6	
4702	23.5100	-6		-6	
4703	23.5150	-6		-6	
4704	23.5200	-6		-6	
4705	23.5250	-6		-5	
4706	23.5300	-6		-5	
4707	23.5350	-5		-5	
4708	23.5400	-5		-5	
4709	23.5450	-5		-4	
4710	23.5500	-5		-4	
4711	23.5550	-5		-4	
4712	23.5600	-4		-4	
4713	23.5650	-4		-4	
4714	23.5700	-4		-4	
4715	23.5750	-4		-3	
4716	23.5800	-4		-3	
4717	23.5850	-4		-3	
4718	23.5900	-4		-3	
4719	23.5950	-3		-2	
4720	23.6000	-3		-2	
4721	23.6050	-3		-2	
4722	23.6100	-3		-2	
4723	23.6150	-3		-2	
4724	23.6200	-2		-2	
4725	23.6250	-2		-2	
4726	23.6300	-2		-1	
4727	23.6350	-2		-1	
4728	23.6400	-2		-1	
4729	23.6450	-2		-1	
4730	23.6500	-2		0	
4731	23.6550	-1		0	
4732	23.6600	-1		0	
4733	23.6650	-1		0	
4734	23.6700	-1		0	
4735	23.6750	-1		0	
4736	23.6800	0		0	
4737	23.6850	0		1	
4738	23.6900	0		1	
4739	23.6950	0		1	
4740	23.7000	0		1	
4741	23.7050	0		1	
4742	23.7100	1		2	
4743	23.7150	1		2	
4744	23.7200	1		2	
4745	23.7250	1		2	
4746	23.7300	1		2	
4747	23.7350	1		2	
4748	23.7400	2		2	
4749	23.7450	2		2	
4750	23.7500	2		2	
4751	23.7550	2		3	
4752	23.7600	2		3	
4753	23.7650	2		3	
4754	23.7700	2		3	
4755	23.7750	2		3	
4756	23.7800	3		3	
4757	23.7850	3		3	
4758	23.7900	3		4	
4759	23.7950	3		4	
4760	23.8000	3		4	
4761	23.8050	3		4	
4762	23.8100	3		4	
4763	23.8150	4		4	
4764	23.8200	4		4	
4765	23.8250	4		4	
4766	23.8300	4		4	
4767	23.8350	4		4	
4768	23.8400	4		4	
4769	23.8450	4		4	
4770	23.8500	4		4	
4771	23.8550	4		4	
4772	23.8600	4		4	
4773	23.8650	4		4	
4774	23.8700	5		4	
4775	23.8750	5		4	
4776	23.8800	5		4	
4777	23.8850	5		4	
4778	23.8900	5		4	
4779	23.8950	5		4	
4780	23.9000	5		4	
4781	23.9050	5		4	
4782	23.9100	5		4	
4783	23.9150	5		4	
4784	23.9200	5		4	
4785	23.9250	5		4	
4786	23.9300	5		4	
4787	23.9350	5		4	
4788	23.9400	5		4	
4789	23.9450	6		4	
4790	23.9500	6		4	
4791	23.9550	6		4	
4792	23.9600	6		4	
4793	23.9650	6		4	
4794	23.9700	6		4	
4795	23.9750	6		4	
4796	23.9800	6		4	
4797	23.9850	6		4	
4798	23.9900	6		4	
4799	23.9950	6		4	
4800	24.0000	6		4	
4801	24.0050	6		3	
4802	24.0100	5		3	
4803	24.0150	5		3	
4804	24.0200	5		3	
4805	24.0250	5		3	
4806	24.0300	5		3	
4807	24.0350	5		3	
4808	24.0400	5		2	
4809	24.0450	5		2	
4810	24.0500	5		2	
4811	24.0550	5		2	
4812	24.0600	5		2	
4813	24.0650	5		2	
4814	24.0700	5		2	
4815	24.0750	5		2	
4816	24.0800	5		2	
4817	24.0850	4		1	
4818	24.0900	4		1	
4819	24.0950	4		1	
4820	24.1000	4		1	
4821	24.1050	4		1	
4822	24.1100	4		0	
4823	24.1150	4		0	
4824	24.1200	4		0	
4825	24.1250	4		0	
4826	24.1300	4		0	
4827	24.1350	4		0	
4828	24.1400	3		0	
4829	24.1450	3		-1	
4830	24.1500	3		-1	
4831	24.1550	3		-1	
4832	24.1600	3		-1	
4833	24.1650	3		-1	
4834	24.1700	3		-2	
4835	24.1750	2		-2	
4836	24.1800	2		-2	
4837	24.1850	2		-2	
4838	24.1900	2		-2	
4839	24.1950	2		-2	
4840	24.2000	2		-3	
4841	24.2050	2		-3	
4842	24.2100	1		-3	
4843	24.2150	1		-3	
4844	24.2200	1		-4	
4845	24.2250	1		-4	
4846	24.2300	1		-4	
4847	24.2350	1		-4	
4848	24.2400	0		-4	
4849	24.2450	0		-4	
4850	24.2500	0		-5	
4851	24.2550	0		-5	
4852	24.2600	0		-5	
4853	24.2650	0		-5	
4854	24.2700	-1		-5	
4855	24.2750	-1		-6	
4856	24.2800	-1		-6	
4857	24.2850	-1		-6	
4858	24.2900	-1		-6	
4859	24.2950	-1		-6	
4860	24.3000	-2		-6	
4861	24.3050	-2		-7	
4862	24.3100	-2		-7	
4863	24.3150	-2		-7	
4864	24.3200	-2		-7	
4865	24.3250	-2		-8	
4866	24.3300	-3		-8	
4867	24.3350	-3		-8	
4868	24.3400	-3		-8	
4869	24.3450	-3		-8	
4870	24.3500	-3		-8	
4871	24.3550	-4		-8	
4872	24.3600	-4		-8	
4873	24.3650	-4		-9	
4874	24.3700	-4		-9	
4875	24.3750	-4		-9	
4876	24.3800	-4		-9	
4877	24.3850	-4		-9	
4878	24.3900	-5		-10	
4879	24.3950	-5		-10	
4880	24.4000	-5		-10	
4881	24.4050	-5		-10	
4882	24.4100	-5		-10	
4883	24.4150	-6		-10	
4884	24.4200	-6		-10	
4885	24.4250	-6		-10	
4886	24.4300	-6		-10	
4887	24.4350	-6		-10	
4888	24.4400	-6		-11	
4889	24.4450	-6		-11	
4890	24.4500	-6		-11	
4891	24.4550	-7		-11	
4892	24.4600	-7		-11	
4893	24.4650	-7		-11	
4894	24.4700	-7		-11	
4895	24.4750	-7		-11	
4896	24.4800	-7		-12	
4897	24.4850	-7		-12	
4898	24.4900	-8		-12	
4899	24.4950	-8		-12	
4900	24.5000	-8		-12	
4901	24.5050	-8		-12	
4902	24.5100	-8		-12	
4903	24.5150	-8		-12	
4904	24.5200	-8		-12	
4905	24.5250	-8		-12	
4906	24.5300	-8		-12	
4907	24.5350	-8		-12	
4908	24.5400	-8		-12	
4909	24.5450	-9		-12	
4910	24.5500	-9		-12	
4911	24.5550	-9		-12	
4912	24.5600	-9		-12	
4913	24.5650	-9		-12	
4914	24.5700	-9		-12	
4915	24.5750	-9		-12	
4916	24.5800	-9		-12	
4917	24.5850	-9		-12	
4918	24.5900	-9		-12	
4919	24.5950	-9		-12	
4920	24.6000	-9		-12	
4921	24.6050	-9		-12	
4922	24.6100	-9		-12	
4923	24.6150	-9		-12	
4924	24.6200	-9		-12	
4925	24.6250	-9		-12	
4926	24.6300	-9		-12	
4927	24.6350	-9		-12	
4928	24.6400	-9		-12	
4929	24.6450	-9		-12	
4930	24.6500	-9		-12	
4931	24.6550	-9		-12	
4932	24.6600	-9		-12	
4933	24.6650	-9		-12	
4934	24.6700	-9		-11	
4935	24.6750	-9		-11	
4936	24.6800	-9		-11	
4937	24.6850	-9		-11	
4938	24.6900	-9		-11	
4939	24.6950	-9		-11	
4940	24.7000	-9		-11	
4941	24.7050	-9		-11	
4942	24.7100	-9		-10	
4943	24.7150	-9		-10	
4944	24.7200	-9		-10	
4945	24.7250	-9		-10	
4946	24.7300	-9		-10	
4947	24.7350	-9		-10	
4948	24.7400	-8		-10	
4949	24.7450	-8		-10	
4950	24.7500	-8		-10	
4951	24.7550	-8		-9	
4952	24.7600	-8		-9	
4953	24.7650	-8		-9	
4954	24.7700	-8		-9	
4955	24.7750	-8		-9	
4956	24.7800	-8		-8	
4957	24.7850	-8		-8	
4958	24.7900	-8		-8	
4959	24.7950	-8		-8	
4960	24.8000	-7		-8	
4961	24.8050	-7		-8	
4962	24.8100	-7		-8	
4963	24.8150	-7		-7	
4964	24.8200	-7		-7	
4965	24.8250	-7		-7	
4966	24.8300	-7		-7	
4967	24.8350	-6		-6	
4968	24.8400	-6		-6	
4969	24.8450	-6		-6	
4970	24.8500	-6		-6	
4971	24.8550	-6		-6	
4972	24.8600	-6		-6	
4973	24.8650	-6		-6	
4974	24.8700	-5		-5	
4975	24.8750	-5		-5	
4976	24.8800	-5		-5	
4977	24.8850	-5		-5	
4978	24.8900	-5		-4	
4979	24.8950	-5		-4	
4980	24.9000	-4		-4	
4981	24.9050	-4		-4	
4982	24.9100	-4		-4	
4983	24.9150	-4		-4	
4984	24.9200	-4		-3	
4985	24.9250	-4		-3	
4986	24.9300	-4		-3	
4987	24.9350	-3		-3	
4988	24.9400	-3		-2	
4989	24.9450	-3		-2	
4990	24.9500	-3		-2	
4991	24.9550	-3		-2	
4992	24.9600	-2		-2	
4993	24.9650	-2		-2	
4994	24.9700	-2		-1	
4995	24.9750	-2		-1	
4996	24.9800	-2		-1	
4997	24.9850	-2		-1	
4998	24.9900	-1		0	
4999	24.9950	-1		0	
5000	25.0000	-1		0	
