#	time(s)	count A	count B	count C	count D
1	0.0050	-7	-67	-61	
2	0.0100	-6	-67	-61	
3	0.0150	-6	-66	-60	
4	0.0200	-6	-66	-60	
5	0.0250	-6	-65	-59	
6	0.0300	-6	-65	-59	
7	0.0350	-6	-64	-58	
8	0.0400	-6	-64	-58	
9	0.0450	-6	-63	-57	
10	0.0500	-5	-63	-56	
11	0.0550	-5	-62	-56	
12	0.0600	-5	-62	-55	
13	0.0650	-5	-61	-54	
14	0.0700	-5	-60	-53	
15	0.0750	-4	-60	-52	
16	0.0800	-4	-59	-52	
17	0.0850	-4	-58	-51	
18	0.0900	-4	-57	-50	
19	0.0950	-4	-57	-49	
20	0.1000	-4	-56	-48	
21	0.1050	-4	-55	-47	
22	0.1100	-4	-54	-46	
23	0.1150	-4	-53	-45	
24	0.1200	-3	-52	-44	
25	0.1250	-3	-51	-43	
26	0.1300	-3	-50	-42	
27	0.1350	-3	-49	-41	
28	0.1400	-3	-48	-40	
29	0.1450	-3	-47	-39	
30	0.1500	-3	-46	-38	
31	0.1550	-2	-45	-37	
32	0.1600	-2	-44	-36	
33	0.1650	-2	-43	-34	
34	0.1700	-2	-42	-33	
35	0.1750	-2	-41	-32	
36	0.1800	-2	-40	-31	
37	0.1850	-2	-38	-30	
38	0.1900	-2	-37	-28	
39	0.1950	-2	-36	-27	
40	0.2000	-2	-35	-26	
41	0.2050	-2	-34	-24	
42	0.2100	-2	-32	-23	
43	0.2150	-1	-31	-22	
44	0.2200	-1	-30	-21	
45	0.2250	-1	-29	-19	
46	0.2300	-1	-27	-18	
47	0.2350	-1	-26	-17	
48	0.2400	-1	-25	-15	
49	0.2450	-1	-24	-14	
50	0.2500	-1	-22	-13	
51	0.2550	-1	-21	-11	
52	0.2600	-1	-20	-10	
53	0.2650	-1	-18	-9	
54	0.2700	0	-17	-7	
55	0.2750	0	-16	-6	
56	0.2800	0	-14	-4	
57	0.2850	0	-13	-3	
58	0.2900	0	-12	-2	
59	0.2950	0	-10	0	
60	0.3000	0	-9	1	
61	0.3050	0	-7	2	
62	0.3100	0	-6	4	
63	0.3150	0	-5	5	
64	0.3200	0	-3	6	
65	0.3250	0	-2	8	
66	0.3300	0	0	9	
67	0.3350	0	1	10	
68	0.3400	0	2	12	
69	0.3450	0	4	13	
70	0.3500	0	5	14	
71	0.3550	0	6	16	
72	0.3600	0	8	17	
73	0.3650	0	9	18	
74	0.3700	0	10	20	
75	0.3750	0	12	21	
76	0.3800	0	13	22	
77	0.3850	0	14	23	
78	0.3900	0	16	25	
79	0.3950	0	17	26	
80	0.4000	0	18	27	
81	0.4050	0	20	28	
82	0.4100	0	21	30	
83	0.4150	0	22	31	
84	0.4200	0	23	32	
85	0.4250	0	24	33	
86	0.4300	-1	26	34	
87	0.4350	-1	27	35	
88	0.4400	-1	28	36	
89	0.4450	-1	29	38	
90	0.4500	-1	30	38	
91	0.4550	-1	32	40	
92	0.4600	-1	33	40	
93	0.4650	-1	34	42	
94	0.4700	-1	35	42	
95	0.4750	-1	36	44	
96	0.4800	-2	37	44	
97	0.4850	-2	38	45	
98	0.4900	-2	39	46	
99	0.4950	-2	40	47	
100	0.5000	-2	41	48	
101	0.5050	-2	42	49	
102	0.5100	-2	43	50	
103	0.5150	-2	44	50	
104	0.5200	-2	45	51	
105	0.5250	-2	46	52	
106	0.5300	-2	46	53	
107	0.5350	-2	47	53	
108	0.5400	-3	48	54	
109	0.5450	-3	49	55	
110	0.5500	-3	50	55	
111	0.5550	-3	50	56	
112	0.5600	-3	51	56	
113	0.5650	-3	52	57	
114	0.5700	-4	52	58	
115	0.5750	-4	53	58	
116	0.5800	-4	54	58	
117	0.5850	-4	54	59	
118	0.5900	-4	55	59	
119	0.5950	-4	55	60	
120	0.6000	-4	56	60	
121	0.6050	-4	56	60	
122	0.6100	-4	56	60	
123	0.6150	-5	57	61	
124	0.6200	-5	57	61	
125	0.6250	-5	58	61	
126	0.6300	-5	58	61	
127	0.6350	-5	58	61	
128	0.6400	-6	58	62	
129	0.6450	-6	59	62	
130	0.6500	-6	59	62	
131	0.6550	-6	59	62	
132	0.6600	-6	59	62	
133	0.6650	-6	59	62	
134	0.6700	-6	59	62	
135	0.6750	-6	59	62	
136	0.6800	-7	59	61	
137	0.6850	-7	59	61	
138	0.6900	-7	59	61	
139	0.6950	-7	59	61	
140	0.7000	-7	59	60	
141	0.7050	-8	59	60	
142	0.7100	-8	59	60	
143	0.7150	-8	59	60	
144	0.7200	-8	58	59	
145	0.7250	-8	58	59	
146	0.7300	-8	58	58	
147	0.7350	-8	58	58	
148	0.7400	-9	57	58	
149	0.7450	-9	57	57	
150	0.7500	-9	57	56	
151	0.7550	-9	56	56	
152	0.7600	-9	56	56	
153	0.7650	-10	55	55	
154	0.7700	-10	55	54	
155	0.7750	-10	54	54	
156	0.7800	-10	54	53	
157	0.7850	-10	53	52	
158	0.7900	-10	52	52	
159	0.7950	-10	52	51	
160	0.8000	-10	51	50	
161	0.8050	-10	50	49	
162	0.8100	-11	50	48	
163	0.8150	-11	49	47	
164	0.8200	-11	48	46	
165	0.8250	-11	47	46	
166	0.8300	-11	46	45	
167	0.8350	-12	46	44	
168	0.8400	-12	45	43	
169	0.8450	-12	44	42	
170	0.8500	-12	43	41	
171	0.8550	-12	42	40	
172	0.8600	-12	41	39	
173	0.8650	-12	40	38	
174	0.8700	-12	39	37	
175	0.8750	-12	38	36	
176	0.8800	-13	37	34	
177	0.8850	-13	36	33	
178	0.8900	-13	35	32	
179	0.8950	-13	34	31	
180	0.9000	-13	33	30	
181	0.9050	-13	31	29	
182	0.9100	-13	30	28	
183	0.9150	-14	29	26	
184	0.9200	-14	28	25	
185	0.9250	-14	27	24	
186	0.9300	-14	26	22	
187	0.9350	-14	24	21	
188	0.9400	-14	23	20	
189	0.9450	-14	22	19	
190	0.9500	-14	21	17	
191	0.9550	-14	19	16	
192	0.9600	-14	18	15	
193	0.9650	-14	17	14	
194	0.9700	-14	15	12	
195	0.9750	-14	14	11	
196	0.9800	-14	13	10	
197	0.9850	-14	12	8	
198	0.9900	-14	10	7	
199	0.9950	-14	9	6	
200	1.0000	-15	7	4	
201	1.0050	-15	6	3	
202	1.0100	-15	5	1	
203	1.0150	-15	3	0	
204	1.0200	-15	2	-2	
205	1.0250	-15	0	-3	
206	1.0300	-15	-1	-4	
207	1.0350	-15	-2	-6	
208	1.0400	-15	-4	-7	
209	1.0450	-15	-5	-8	
210	1.0500	-15	-6	-10	
211	1.0550	-15	-8	-11	
212	1.0600	-15	-9	-12	
213	1.0650	-15	-11	-14	
214	1.0700	-15	-12	-15	
215	1.0750	-15	-13	-16	
216	1.0800	-15	-15	-18	
217	1.0850	-15	-16	-19	
218	1.0900	-15	-17	-20	
219	1.0950	-15	-19	-22	
220	1.1000	-15	-20	-23	
221	1.1050	-15	-22	-24	
222	1.1100	-15	-23	-26	
223	1.1150	-15	-24	-27	
224	1.1200	-15	-26	-28	
225	1.1250	-15	-27	-29	
226	1.1300	-15	-28	-30	
227	1.1350	-15	-29	-32	
228	1.1400	-15	-31	-33	
229	1.1450	-15	-32	-34	
230	1.1500	-15	-33	-35	
231	1.1550	-14	-34	-36	
232	1.1600	-14	-36	-38	
233	1.1650	-14	-37	-38	
234	1.1700	-14	-38	-40	
235	1.1750	-14	-39	-41	
236	1.1800	-14	-40	-42	
237	1.1850	-14	-42	-43	
238	1.1900	-14	-43	-44	
239	1.1950	-14	-44	-45	
240	1.2000	-14	-45	-46	
241	1.2050	-14	-46	-47	
242	1.2100	-14	-47	-48	
243	1.2150	-14	-48	-49	
244	1.2200	-14	-49	-50	
245	1.2250	-14	-50	-51	
246	1.2300	-14	-51	-52	
247	1.2350	-13	-52	-52	
248	1.2400	-13	-53	-53	
249	1.2450	-13	-54	-54	
250	1.2500	-13	-55	-55	
251	1.2550	-13	-56	-56	
252	1.2600	-13	-57	-56	
253	1.2650	-13	-58	-57	
254	1.2700	-12	-58	-58	
255	1.2750	-12	-59	-58	
256	1.2800	-12	-60	-59	
257	1.2850	-12	-60	-59	
258	1.2900	-12	-61	-60	
259	1.2950	-12	-62	-60	
260	1.3000	-12	-62	-61	
261	1.3050	-12	-63	-62	
262	1.3100	-12	-64	-62	
263	1.3150	-12	-64	-62	
264	1.3200	-11	-65	-63	
265	1.3250	-11	-65	-63	
266	1.3300	-11	-66	-64	
267	1.3350	-11	-66	-64	
268	1.3400	-11	-67	-64	
269	1.3450	-10	-67	-64	
270	1.3500	-10	-68	-64	
271	1.3550	-10	-68	-65	
272	1.3600	-10	-68	-65	
273	1.3650	-10	-68	-65	
274	1.3700	-10	-69	-65	
275	1.3750	-10	-69	-65	
276	1.3800	-10	-69	-65	
277	1.3850	-9	-69	-65	
278	1.3900	-9	-69	-65	
279	1.3950	-9	-69	-65	
280	1.4000	-9	-70	-65	
281	1.4050	-9	-70	-65	
282	1.4100	-8	-70	-65	
283	1.4150	-8	-70	-65	
284	1.4200	-8	-70	-65	
285	1.4250	-8	-69	-64	
286	1.4300	-8	-69	-64	
287	1.4350	-8	-69	-64	
288	1.4400	-8	-69	-64	
289	1.4450	-8	-69	-63	
290	1.4500	-7	-68	-63	
291	1.4550	-7	-68	-62	
292	1.4600	-7	-68	-62	
293	1.4650	-7	-68	-62	
294	1.4700	-7	-67	-61	
295	1.4750	-6	-67	-61	
296	1.4800	-6	-67	-60	
297	1.4850	-6	-66	-60	
298	1.4900	-6	-66	-59	
299	1.4950	-6	-65	-58	
300	1.5000	-6	-65	-58	
301	1.5050	-6	-64	-57	
302	1.5100	-6	-64	-56	
303	1.5150	-5	-63	-56	
304	1.5200	-5	-62	-55	
305	1.5250	-5	-62	-54	
306	1.5300	-5	-61	-54	
307	1.5350	-5	-60	-53	
308	1.5400	-4	-60	-52	
309	1.5450	-4	-59	-51	
310	1.5500	-4	-58	-50	
311	1.5550	-4	-57	-49	
312	1.5600	-4	-56	-48	
313	1.5650	-4	-56	-48	
314	1.5700	-4	-55	-46	
315	1.5750	-4	-54	-46	
316	1.5800	-4	-53	-44	
317	1.5850	-3	-52	-44	
318	1.5900	-3	-51	-42	
319	1.5950	-3	-50	-41	
320	1.6000	-3	-49	-40	
321	1.6050	-3	-48	-39	
322	1.6100	-3	-47	-38	
323	1.6150	-3	-46	-37	
324	1.6200	-2	-44	-36	
325	1.6250	-2	-43	-34	
326	1.6300	-2	-42	-33	
327	1.6350	-2	-41	-32	
328	1.6400	-2	-40	-31	
329	1.6450	-2	-39	-30	
330	1.6500	-2	-38	-28	
331	1.6550	-2	-36	-27	
332	1.6600	-2	-35	-26	
333	1.6650	-2	-34	-25	
334	1.6700	-2	-33	-24	
335	1.6750	-1	-32	-22	
336	1.6800	-1	-30	-21	
337	1.6850	-1	-29	-20	
338	1.6900	-1	-28	-18	
339	1.6950	-1	-26	-17	
340	1.7000	-1	-25	-16	
341	1.7050	-1	-24	-14	
342	1.7100	-1	-22	-13	
343	1.7150	-1	-21	-12	
344	1.7200	-1	-20	-10	
345	1.7250	-1	-18	-9	
346	1.7300	0	-17	-7	
347	1.7350	0	-16	-6	
348	1.7400	0	-14	-4	
349	1.7450	0	-13	-3	
350	1.7500	0	-11	-2	
351	1.7550	0	-10	0	
352	1.7600	0	-9	1	
353	1.7650	0	-7	2	
354	1.7700	0	-6	4	
355	1.7750	0	-5	5	
356	1.7800	0	-3	6	
357	1.7850	0	-2	8	
358	1.7900	0	0	9	
359	1.7950	0	1	10	
360	1.8000	0	2	12	
361	1.8050	0	4	13	
362	1.8100	0	5	14	
363	1.8150	0	6	16	
364	1.8200	0	8	17	
365	1.8250	0	9	18	
366	1.8300	0	11	20	
367	1.8350	0	12	21	
368	1.8400	0	13	22	
369	1.8450	0	15	24	
370	1.8500	0	16	25	
371	1.8550	0	17	26	
372	1.8600	0	18	27	
373	1.8650	0	20	28	
374	1.8700	0	21	30	
375	1.8750	0	22	31	
376	1.8800	0	24	32	
377	1.8850	0	25	33	
378	1.8900	-1	26	34	
379	1.8950	-1	27	36	
380	1.9000	-1	28	36	
381	1.9050	-1	30	38	
382	1.9100	-1	31	39	
383	1.9150	-1	32	40	
384	1.9200	-1	33	41	
385	1.9250	-1	34	42	
386	1.9300	-1	35	43	
387	1.9350	-1	36	44	
388	1.9400	-1	38	45	
389	1.9450	-2	38	46	
390	1.9500	-2	40	47	
391	1.9550	-2	40	48	
392	1.9600	-2	42	48	
393	1.9650	-2	42	49	
394	1.9700	-2	43	50	
395	1.9750	-2	44	51	
396	1.9800	-2	45	52	
397	1.9850	-2	46	52	
398	1.9900	-2	47	53	
399	1.9950	-2	48	54	
400	2.0000	-2	48	54	
401	2.0050	-3	49	55	
402	2.0100	-3	50	56	
403	2.0150	-3	51	56	
404	2.0200	-3	52	57	
405	2.0250	-3	52	58	
406	2.0300	-3	53	58	
407	2.0350	-4	54	58	
408	2.0400	-4	54	59	
409	2.0450	-4	55	59	
410	2.0500	-4	55	60	
411	2.0550	-4	56	60	
412	2.0600	-4	56	60	
413	2.0650	-4	57	61	
414	2.0700	-4	57	61	
415	2.0750	-4	57	61	
416	2.0800	-5	58	62	
417	2.0850	-5	58	62	
418	2.0900	-5	58	62	
419	2.0950	-5	59	62	
420	2.1000	-5	59	62	
421	2.1050	-6	59	62	
422	2.1100	-6	60	62	
423	2.1150	-6	60	62	
424	2.1200	-6	60	62	
425	2.1250	-6	60	62	
426	2.1300	-6	60	62	
427	2.1350	-6	60	62	
428	2.1400	-6	60	62	
429	2.1450	-7	60	62	
430	2.1500	-7	60	62	
431	2.1550	-7	60	61	
432	2.1600	-7	60	61	
433	2.1650	-7	60	61	
434	2.1700	-8	60	60	
435	2.1750	-8	59	60	
436	2.1800	-8	59	60	
437	2.1850	-8	59	60	
438	2.1900	-8	58	59	
439	2.1950	-8	58	59	
440	2.2000	-8	58	58	
441	2.2050	-9	57	58	
442	2.2100	-9	57	57	
443	2.2150	-9	57	56	
444	2.2200	-9	56	56	
445	2.2250	-9	56	55	
446	2.2300	-10	55	55	
447	2.2350	-10	55	54	
448	2.2400	-10	54	54	
449	2.2450	-10	54	53	
450	2.2500	-10	53	52	
451	2.2550	-10	52	51	
452	2.2600	-10	52	50	
453	2.2650	-10	51	50	
454	2.2700	-11	50	49	
455	2.2750	-11	49	48	
456	2.2800	-11	48	47	
457	2.2850	-11	48	46	
458	2.2900	-11	47	45	
459	2.2950	-11	46	44	
460	2.3000	-12	45	43	
461	2.3050	-12	44	42	
462	2.3100	-12	43	41	
463	2.3150	-12	42	40	
464	2.3200	-12	41	39	
465	2.3250	-12	40	38	
466	2.3300	-12	40	37	
467	2.3350	-12	38	36	
468	2.3400	-12	37	35	
469	2.3450	-13	36	34	
470	2.3500	-13	35	32	
471	2.3550	-13	34	32	
472	2.3600	-13	33	30	
473	2.3650	-13	32	29	
474	2.3700	-13	31	28	
475	2.3750	-13	30	27	
476	2.3800	-14	28	25	
477	2.3850	-14	27	24	
478	2.3900	-14	26	23	
479	2.3950	-14	25	22	
480	2.4000	-14	24	20	
481	2.4050	-14	22	19	
482	2.4100	-14	21	18	
483	2.4150	-14	20	16	
484	2.4200	-14	18	15	
485	2.4250	-14	17	14	
486	2.4300	-14	16	12	
487	2.4350	-14	14	11	
488	2.4400	-14	13	10	
489	2.4450	-14	12	8	
490	2.4500	-14	10	7	
491	2.4550	-14	9	6	
492	2.4600	-14	8	4	
493	2.4650	-15	6	3	
494	2.4700	-15	5	2	
495	2.4750	-15	4	0	
496	2.4800	-15	2	-1	
497	2.4850	-15	1	-3	
498	2.4900	-15	-1	-4	
499	2.4950	-15	-2	-6	
500	2.5000	-15	-3	-7	
501	2.5050	-15	-5	-8	
502	2.5100	-15	-6	-10	
503	2.5150	-15	-8	-11	
504	2.5200	-15	-9	-12	
505	2.5250	-15	-10	-14	
506	2.5300	-15	-12	-15	
507	2.5350	-15	-13	-16	
508	2.5400	-15	-15	-18	
509	2.5450	-15	-16	-19	
510	2.5500	-15	-17	-20	
511	2.5550	-15	-19	-22	
512	2.5600	-15	-20	-23	
513	2.5650	-15	-22	-24	
514	2.5700	-15	-23	-26	
515	2.5750	-15	-24	-27	
516	2.5800	-15	-25	-28	
517	2.5850	-15	-27	-29	
518	2.5900	-15	-28	-30	
519	2.5950	-15	-29	-32	
520	2.6000	-15	-31	-33	
521	2.6050	-15	-32	-34	
522	2.6100	-15	-33	-36	
523	2.6150	-15	-35	-36	
524	2.6200	-14	-36	-38	
525	2.6250	-14	-37	-39	
526	2.6300	-14	-38	-40	
527	2.6350	-14	-39	-41	
528	2.6400	-14	-41	-42	
529	2.6450	-14	-42	-43	
530	2.6500	-14	-43	-44	
531	2.6550	-14	-44	-45	
532	2.6600	-14	-45	-46	
533	2.6650	-14	-46	-47	
534	2.6700	-14	-47	-48	
535	2.6750	-14	-48	-49	
536	2.6800	-14	-49	-50	
537	2.6850	-14	-50	-51	
538	2.6900	-14	-51	-52	
539	2.6950	-14	-52	-52	
540	2.7000	-13	-53	-54	
541	2.7050	-13	-54	-54	
542	2.7100	-13	-55	-55	
543	2.7150	-13	-56	-56	
544	2.7200	-13	-57	-56	
545	2.7250	-13	-58	-57	
546	2.7300	-13	-59	-58	
547	2.7350	-12	-59	-58	
548	2.7400	-12	-60	-59	
549	2.7450	-12	-61	-60	
550	2.7500	-12	-62	-60	
551	2.7550	-12	-62	-61	
552	2.7600	-12	-63	-61	
553	2.7650	-12	-64	-62	
554	2.7700	-12	-64	-62	
555	2.7750	-12	-65	-63	
556	2.7800	-11	-65	-63	
557	2.7850	-11	-66	-64	
558	2.7900	-11	-66	-64	
559	2.7950	-11	-67	-64	
560	2.8000	-11	-67	-64	
561	2.8050	-11	-68	-65	
562	2.8100	-10	-68	-65	
563	2.8150	-10	-68	-65	
564	2.8200	-10	-69	-65	
565	2.8250	-10	-69	-66	
566	2.8300	-10	-69	-66	
567	2.8350	-10	-69	-66	
568	2.8400	-10	-70	-66	
569	2.8450	-10	-70	-66	
570	2.8500	-9	-70	-66	
571	2.8550	-9	-70	-66	
572	2.8600	-9	-70	-66	
573	2.8650	-9	-70	-66	
574	2.8700	-9	-70	-66	
575	2.8750	-8	-70	-65	
576	2.8800	-8	-70	-65	
577	2.8850	-8	-70	-65	
578	2.8900	-8	-70	-65	
579	2.8950	-8	-70	-64	
580	2.9000	-8	-70	-64	
581	2.9050	-8	-69	-64	
582	2.9100	-8	-69	-64	
583	2.9150	-7	-69	-63	
584	2.9200	-7	-69	-63	
585	2.9250	-7	-68	-62	
586	2.9300	-7	-68	-62	
587	2.9350	-6	-68	-61	
588	2.9400	-6	-67	-61	
589	2.9450	-6	-67	-60	
590	2.9500	-6	-66	-60	
591	2.9550	-6	-66	-59	
592	2.9600	-6	-65	-58	
593	2.9650	-6	-65	-58	
594	2.9700	-6	-64	-57	
595	2.9750	-6	-64	-56	
596	2.9800	-5	-63	-56	
597	2.9850	-5	-62	-55	
598	2.9900	-5	-62	-54	
599	2.9950	-5	-61	-53	
600	3.0000	-5	-60	-52	
601	3.0050	-4	-59	-52	
602	3.0100	-4	-59	-51	
603	3.0150	-4	-58	-50	
604	3.0200	-4	-57	-49	
605	3.0250	-4	-56	-48	
606	3.0300	-4	-55	-47	
607	3.0350	-4	-54	-46	
608	3.0400	-4	-53	-45	
609	3.0450	-4	-52	-44	
610	3.0500	-3	-52	-43	
611	3.0550	-3	-50	-42	
612	3.0600	-3	-50	-41	
613	3.0650	-3	-48	-40	
614	3.0700	-3	-47	-38	
615	3.0750	-3	-46	-37	
616	3.0800	-2	-45	-36	
617	3.0850	-2	-44	-35	
618	3.0900	-2	-43	-34	
619	3.0950	-2	-42	-33	
620	3.1000	-2	-41	-31	
621	3.1050	-2	-39	-30	
622	3.1100	-2	-38	-29	
623	3.1150	-2	-37	-28	
624	3.1200	-2	-36	-26	
625	3.1250	-2	-34	-25	
626	3.1300	-2	-33	-24	
627	3.1350	-2	-32	-22	
628	3.1400	-1	-31	-21	
629	3.1450	-1	-29	-20	
630	3.1500	-1	-28	-18	
631	3.1550	-1	-27	-17	
632	3.1600	-1	-26	-16	
633	3.1650	-1	-24	-14	
634	3.1700	-1	-23	-13	
635	3.1750	-1	-22	-12	
636	3.1800	-1	-20	-10	
637	3.1850	-1	-19	-9	
638	3.1900	-1	-17	-8	
639	3.1950	0	-16	-6	
640	3.2000	0	-15	-5	
641	3.2050	0	-13	-4	
642	3.2100	0	-12	-2	
643	3.2150	0	-10	-1	
644	3.2200	0	-9	1	
645	3.2250	0	-8	2	
646	3.2300	0	-6	4	
647	3.2350	0	-5	5	
648	3.2400	0	-4	6	
649	3.2450	0	-2	8	
650	3.2500	0	-1	9	
651	3.2550	0	1	10	
652	3.2600	0	2	12	
653	3.2650	0	4	13	
654	3.2700	0	5	14	
655	3.2750	0	6	16	
656	3.2800	0	8	17	
657	3.2850	0	9	18	
658	3.2900	0	10	20	
659	3.2950	0	12	21	
660	3.3000	0	13	22	
661	3.3050	0	15	24	
662	3.3100	0	16	25	
663	3.3150	0	17	26	
664	3.3200	0	18	27	
665	3.3250	0	20	28	
666	3.3300	0	21	30	
667	3.3350	0	22	31	
668	3.3400	0	24	32	
669	3.3450	0	25	33	
670	3.3500	0	26	34	
671	3.3550	-1	27	36	
672	3.3600	-1	29	37	
673	3.3650	-1	30	38	
674	3.3700	-1	31	39	
675	3.3750	-1	32	40	
676	3.3800	-1	33	41	
677	3.3850	-1	34	42	
678	3.3900	-1	35	43	
679	3.3950	-1	36	44	
680	3.4000	-1	38	45	
681	3.4050	-1	39	46	
682	3.4100	-2	40	47	
683	3.4150	-2	41	48	
684	3.4200	-2	42	48	
685	3.4250	-2	43	50	
686	3.4300	-2	44	50	
687	3.4350	-2	45	51	
688	3.4400	-2	46	52	
689	3.4450	-2	46	53	
690	3.4500	-2	47	53	
691	3.4550	-2	48	54	
692	3.4600	-2	49	55	
693	3.4650	-3	50	55	
694	3.4700	-3	50	56	
695	3.4750	-3	51	57	
696	3.4800	-3	52	57	
697	3.4850	-3	53	58	
698	3.4900	-3	53	58	
699	3.4950	-3	54	59	
700	3.5000	-4	54	59	
701	3.5050	-4	55	60	
702	3.5100	-4	56	60	
703	3.5150	-4	56	60	
704	3.5200	-4	57	61	
705	3.5250	-4	57	61	
706	3.5300	-4	58	61	
707	3.5350	-4	58	62	
708	3.5400	-4	58	62	
709	3.5450	-5	59	62	
710	3.5500	-5	59	62	
711	3.5550	-5	59	62	
712	3.5600	-5	60	62	
713	3.5650	-6	60	63	
714	3.5700	-6	60	63	
715	3.5750	-6	60	63	
716	3.5800	-6	60	63	
717	3.5850	-6	60	63	
718	3.5900	-6	60	63	
719	3.5950	-6	61	63	
720	3.6000	-6	61	62	
721	3.6050	-7	61	62	
722	3.6100	-7	60	62	
723	3.6150	-7	60	62	
724	3.6200	-7	60	62	
725	3.6250	-7	60	62	
726	3.6300	-8	60	61	
727	3.6350	-8	60	61	
728	3.6400	-8	60	60	
729	3.6450	-8	59	60	
730	3.6500	-8	59	60	
731	3.6550	-8	59	59	
732	3.6600	-8	58	59	
733	3.6650	-8	58	58	
734	3.6700	-9	58	58	
735	3.6750	-9	57	57	
736	3.6800	-9	57	57	
737	3.6850	-9	56	56	
738	3.6900	-9	56	56	
739	3.6950	-10	55	55	
740	3.7000	-10	55	54	
741	3.7050	-10	54	53	
742	3.7100	-10	54	53	
743	3.7150	-10	53	52	
744	3.7200	-10	52	51	
745	3.7250	-10	51	50	
746	3.7300	-10	51	50	
747	3.7350	-11	50	49	
748	3.7400	-11	49	48	
749	3.7450	-11	48	47	
750	3.7500	-11	48	46	
751	3.7550	-11	47	45	
752	3.7600	-11	46	44	
753	3.7650	-12	45	43	
754	3.7700	-12	44	42	
755	3.7750	-12	43	41	
756	3.7800	-12	42	40	
757	3.7850	-12	41	39	
758	3.7900	-12	40	38	
759	3.7950	-12	39	37	
760	3.8000	-12	38	36	
761	3.8050	-12	37	34	
762	3.8100	-13	36	33	
763	3.8150	-13	35	32	
764	3.8200	-13	34	31	
765	3.8250	-13	32	30	
766	3.8300	-13	31	28	
767	3.8350	-13	30	27	
768	3.8400	-13	29	26	
769	3.8450	-14	28	25	
770	3.8500	-14	26	24	
771	3.8550	-14	25	22	
772	3.8600	-14	24	21	
773	3.8650	-14	23	20	
774	3.8700	-14	21	18	
775	3.8750	-14	20	17	
776	3.8800	-14	19	16	
777	3.8850	-14	18	14	
778	3.8900	-14	16	13	
779	3.8950	-14	15	12	
780	3.9000	-14	14	10	
781	3.9050	-14	12	9	
782	3.9100	-14	11	7	
783	3.9150	-14	9	6	
784	3.9200	-14	8	5	
785	3.9250	-14	7	3	
786	3.9300	-15	5	2	
787	3.9350	-15	4	0	
788	3.9400	-15	2	-1	
789	3.9450	-15	1	-2	
790	3.9500	-15	0	-4	
791	3.9550	-15	-2	-5	
792	3.9600	-15	-3	-6	
793	3.9650	-15	-4	-8	
794	3.9700	-15	-6	-9	
795	3.9750	-15	-7	-10	
796	3.9800	-15	-9	-12	
797	3.9850	-15	-10	-13	
798	3.9900	-15	-12	-15	
799	3.9950	-15	-13	-16	
800	4.0000	-15	-14	-17	
801	4.0050	-15	-16	-19	
802	4.0100	-15	-17	-20	
803	4.0150	-15	-18	-22	
804	4.0200	-15	-20	-23	
805	4.0250	-15	-21	-24	
806	4.0300	-15	-23	-26	
807	4.0350	-15	-24	-27	
808	4.0400	-15	-25	-28	
809	4.0450	-15	-27	-29	
810	4.0500	-15	-28	-30	
811	4.0550	-15	-29	-32	
812	4.0600	-15	-30	-33	
813	4.0650	-15	-32	-34	
814	4.0700	-15	-33	-35	
815	4.0750	-15	-34	-36	
816	4.0800	-15	-36	-38	
817	4.0850	-14	-37	-39	
818	4.0900	-14	-38	-40	
819	4.0950	-14	-39	-41	
820	4.1000	-14	-40	-42	
821	4.1050	-14	-42	-43	
822	4.1100	-14	-43	-44	
823	4.1150	-14	-44	-45	
824	4.1200	-14	-45	-46	
825	4.1250	-14	-46	-47	
826	4.1300	-14	-47	-48	
827	4.1350	-14	-48	-49	
828	4.1400	-14	-49	-50	
829	4.1450	-14	-50	-51	
830	4.1500	-14	-51	-52	
831	4.1550	-14	-52	-53	
832	4.1600	-14	-53	-54	
833	4.1650	-13	-54	-54	
834	4.1700	-13	-55	-55	
835	4.1750	-13	-56	-56	
836	4.1800	-13	-57	-57	
837	4.1850	-13	-58	-58	
838	4.1900	-13	-59	-58	
839	4.1950	-13	-60	-59	
840	4.2000	-12	-60	-60	
841	4.2050	-12	-61	-60	
842	4.2100	-12	-62	-61	
843	4.2150	-12	-62	-61	
844	4.2200	-12	-63	-62	
845	4.2250	-12	-64	-62	
846	4.2300	-12	-64	-63	
847	4.2350	-12	-65	-63	
848	4.2400	-12	-66	-64	
849	4.2450	-11	-66	-64	
850	4.2500	-11	-66	-64	
851	4.2550	-11	-67	-65	
852	4.2600	-11	-67	-65	
853	4.2650	-11	-68	-65	
854	4.2700	-11	-68	-66	
855	4.2750	-10	-69	-66	
856	4.2800	-10	-69	-66	
857	4.2850	-10	-69	-66	
858	4.2900	-10	-70	-66	
859	4.2950	-10	-70	-66	
860	4.3000	-10	-70	-66	
861	4.3050	-10	-70	-66	
862	4.3100	-10	-70	-66	
863	4.3150	-9	-70	-66	
864	4.3200	-9	-70	-66	
865	4.3250	-9	-70	-66	
866	4.3300	-9	-70	-66	
867	4.3350	-9	-70	-66	
868	4.3400	-8	-70	-66	
869	4.3450	-8	-70	-66	
870	4.3500	-8	-70	-65	
871	4.3550	-8	-70	-65	
872	4.3600	-8	-70	-65	
873	4.3650	-8	-70	-64	
874	4.3700	-8	-70	-64	
875	4.3750	-8	-69	-64	
876	4.3800	-7	-69	-63	
877	4.3850	-7	-69	-63	
878	4.3900	-7	-68	-62	
879	4.3950	-7	-68	-62	
880	4.4000	-7	-68	-61	
881	4.4050	-6	-67	-61	
882	4.4100	-6	-67	-60	
883	4.4150	-6	-66	-60	
884	4.4200	-6	-66	-59	
885	4.4250	-6	-65	-58	
886	4.4300	-6	-65	-58	
887	4.4350	-6	-64	-57	
888	4.4400	-6	-64	-56	
889	4.4450	-5	-63	-55	
890	4.4500	-5	-62	-54	
891	4.4550	-5	-62	-54	
892	4.4600	-5	-61	-53	
893	4.4650	-5	-60	-52	
894	4.4700	-4	-59	-51	
895	4.4750	-4	-58	-50	
896	4.4800	-4	-58	-49	
897	4.4850	-4	-57	-48	
898	4.4900	-4	-56	-48	
899	4.4950	-4	-55	-46	
900	4.5000	-4	-54	-46	
901	4.5050	-4	-53	-44	
902	4.5100	-4	-52	-43	
903	4.5150	-3	-51	-42	
904	4.5200	-3	-50	-41	
905	4.5250	-3	-49	-40	
906	4.5300	-3	-48	-39	
907	4.5350	-3	-47	-38	
908	4.5400	-3	-46	-37	
909	4.5450	-2	-45	-36	
910	4.5500	-2	-44	-34	
911	4.5550	-2	-42	-33	
912	4.5600	-2	-41	-32	
913	4.5650	-2	-40	-31	
914	4.5700	-2	-39	-29	
915	4.5750	-2	-38	-28	
916	4.5800	-2	-36	-27	
917	4.5850	-2	-35	-26	
918	4.5900	-2	-34	-24	
919	4.5950	-2	-33	-23	
920	4.6000	-2	-31	-22	
921	4.6050	-1	-30	-20	
922	4.6100	-1	-29	-19	
923	4.6150	-1	-27	-18	
924	4.6200	-1	-26	-16	
925	4.6250	-1	-25	-15	
926	4.6300	-1	-23	-14	
927	4.6350	-1	-22	-12	
928	4.6400	-1	-21	-11	
929	4.6450	-1	-19	-9	
930	4.6500	-1	-18	-8	
931	4.6550	-1	-17	-7	
932	4.6600	0	-15	-5	
933	4.6650	0	-14	-4	
934	4.6700	0	-12	-2	
935	4.6750	0	-11	-1	
936	4.6800	0	-10	0	
937	4.6850	0	-8	2	
938	4.6900	0	-7	3	
939	4.6950	0	-5	4	
940	4.7000	0	-4	6	
941	4.7050	0	-2	7	
942	4.7100	0	-1	9	
943	4.7150	0	0	10	
944	4.7200	0	2	11	
945	4.7250	0	3	13	
946	4.7300	0	4	14	
947	4.7350	0	6	15	
948	4.7400	0	7	17	
949	4.7450	0	9	18	
950	4.7500	0	10	19	
951	4.7550	0	11	21	
952	4.7600	0	13	22	
953	4.7650	0	14	23	
954	4.7700	0	15	24	
955	4.7750	0	17	26	
956	4.7800	0	18	27	
957	4.7850	0	19	28	
958	4.7900	0	21	30	
959	4.7950	0	22	31	
960	4.8000	0	23	32	
961	4.8050	0	25	33	
962	4.8100	0	26	34	
963	4.8150	0	27	35	
964	4.8200	-1	28	36	
965	4.8250	-1	30	38	
966	4.8300	-1	31	39	
967	4.8350	-1	32	40	
968	4.8400	-1	33	41	
969	4.8450	-1	34	42	
970	4.8500	-1	35	43	
971	4.8550	-1	36	44	
972	4.8600	-1	38	45	
973	4.8650	-1	39	46	
974	4.8700	-2	40	47	
975	4.8750	-2	41	48	
976	4.8800	-2	42	48	
977	4.8850	-2	43	49	
978	4.8900	-2	44	50	
979	4.8950	-2	44	51	
980	4.9000	-2	46	52	
981	4.9050	-2	46	53	
982	4.9100	-2	47	53	
983	4.9150	-2	48	54	
984	4.9200	-2	49	55	
985	4.9250	-2	50	55	
986	4.9300	-3	51	56	
987	4.9350	-3	51	57	
988	4.9400	-3	52	57	
989	4.9450	-3	53	58	
990	4.9500	-3	53	58	
991	4.9550	-3	54	59	
992	4.9600	-3	55	59	
993	4.9650	-4	55	60	
994	4.9700	-4	56	60	
995	4.9750	-4	56	60	
996	4.9800	-4	57	61	
997	4.9850	-4	57	61	
998	4.9900	-4	58	62	
999	4.9950	-4	58	62	
1000	5.0000	-4	59	62	
1001	5.0050	-5	59	62	
1002	5.0100	-5	59	62	
1003	5.0150	-5	60	62	
1004	5.0200	-5	60	63	
1005	5.0250	-5	60	63	
1006	5.0300	-6	60	63	
1007	5.0350	-6	60	63	
1008	5.0400	-6	61	63	
1009	5.0450	-6	61	63	
1010	5.0500	-6	61	63	
1011	5.0550	-6	61	63	
1012	5.0600	-6	61	63	
1013	5.0650	-6	61	62	
1014	5.0700	-7	61	62	
1015	5.0750	-7	61	62	
1016	5.0800	-7	61	62	
1017	5.0850	-7	61	62	
1018	5.0900	-7	60	61	
1019	5.0950	-8	60	61	
1020	5.1000	-8	60	61	
1021	5.1050	-8	60	60	
1022	5.1100	-8	60	60	
1023	5.1150	-8	59	60	
1024	5.1200	-8	59	59	
1025	5.1250	-8	59	58	
1026	5.1300	-8	58	58	
1027	5.1350	-9	58	58	
1028	5.1400	-9	57	57	
1029	5.1450	-9	57	56	
1030	5.1500	-9	56	56	
1031	5.1550	-9	56	55	
1032	5.1600	-10	55	54	
1033	5.1650	-10	55	54	
1034	5.1700	-10	54	53	
1035	5.1750	-10	53	52	
1036	5.1800	-10	53	52	
1037	5.1850	-10	52	51	
1038	5.1900	-10	51	50	
1039	5.1950	-10	50	49	
1040	5.2000	-11	50	48	
1041	5.2050	-11	49	47	
1042	5.2100	-11	48	46	
1043	5.2150	-11	47	45	
1044	5.2200	-11	46	44	
1045	5.2250	-12	45	43	
1046	5.2300	-12	44	42	
1047	5.2350	-12	44	41	
1048	5.2400	-12	43	40	
1049	5.2450	-12	42	39	
1050	5.2500	-12	41	38	
1051	5.2550	-12	40	37	
1052	5.2600	-12	38	36	
1053	5.2650	-12	38	35	
1054	5.2700	-12	36	34	
1055	5.2750	-13	35	32	
1056	5.2800	-13	34	31	
1057	5.2850	-13	33	30	
1058	5.2900	-13	32	29	
1059	5.2950	-13	31	28	
1060	5.3000	-13	29	26	
1061	5.3050	-13	28	25	
1062	5.3100	-14	27	24	
1063	5.3150	-14	26	22	
1064	5.3200	-14	24	21	
1065	5.3250	-14	23	20	
1066	5.3300	-14	22	19	
1067	5.3350	-14	21	17	
1068	5.3400	-14	19	16	
1069	5.3450	-14	18	15	
1070	5.3500	-14	17	13	
1071	5.3550	-14	15	12	
1072	5.3600	-14	14	10	
1073	5.3650	-14	13	9	
1074	5.3700	-14	11	8	
1075	5.3750	-14	10	6	
1076	5.3800	-14	8	5	
1077	5.3850	-14	7	4	
1078	5.3900	-15	6	2	
1079	5.3950	-15	4	1	
1080	5.4000	-15	3	0	
1081	5.4050	-15	1	-2	
1082	5.4100	-15	0	-3	
1083	5.4150	-15	-1	-5	
1084	5.4200	-15	-3	-6	
1085	5.4250	-15	-4	-8	
1086	5.4300	-15	-6	-9	
1087	5.4350	-15	-7	-10	
1088	5.4400	-15	-8	-12	
1089	5.4450	-15	-10	-13	
1090	5.4500	-15	-11	-14	
1091	5.4550	-15	-13	-16	
1092	5.4600	-15	-14	-17	
1093	5.4650	-15	-15	-18	
1094	5.4700	-15	-17	-20	
1095	5.4750	-15	-18	-21	
1096	5.4800	-15	-20	-22	
1097	5.4850	-15	-21	-24	
1098	5.4900	-15	-22	-25	
1099	5.4950	-15	-24	-26	
1100	5.5000	-15	-25	-28	
1101	5.5050	-15	-26	-29	
1102	5.5100	-15	-28	-30	
1103	5.5150	-15	-29	-32	
1104	5.5200	-15	-30	-33	
1105	5.5250	-15	-32	-34	
1106	5.5300	-15	-33	-35	
1107	5.5350	-15	-34	-36	
1108	5.5400	-15	-35	-38	
1109	5.5450	-15	-37	-39	
1110	5.5500	-14	-38	-40	
1111	5.5550	-14	-39	-41	
1112	5.5600	-14	-40	-42	
1113	5.5650	-14	-42	-43	
1114	5.5700	-14	-43	-44	
1115	5.5750	-14	-44	-45	
1116	5.5800	-14	-45	-46	
1117	5.5850	-14	-46	-47	
1118	5.5900	-14	-47	-48	
1119	5.5950	-14	-48	-49	
1120	5.6000	-14	-49	-50	
1121	5.6050	-14	-50	-51	
1122	5.6100	-14	-51	-52	
1123	5.6150	-14	-52	-53	
1124	5.6200	-14	-53	-54	
1125	5.6250	-14	-54	-54	
1126	5.6300	-13	-55	-55	
1127	5.6350	-13	-56	-56	
1128	5.6400	-13	-57	-57	
1129	5.6450	-13	-58	-58	
1130	5.6500	-13	-59	-58	
1131	5.6550	-13	-60	-59	
1132	5.6600	-13	-60	-60	
1133	5.6650	-12	-61	-60	
1134	5.6700	-12	-62	-61	
1135	5.6750	-12	-62	-61	
1136	5.6800	-12	-63	-62	
1137	5.6850	-12	-64	-62	
1138	5.6900	-12	-64	-63	
1139	5.6950	-12	-65	-63	
1140	5.7000	-12	-66	-64	
1141	5.7050	-12	-66	-64	
1142	5.7100	-12	-67	-64	
1143	5.7150	-11	-67	-65	
1144	5.7200	-11	-68	-65	
1145	5.7250	-11	-68	-66	
1146	5.7300	-11	-68	-66	
1147	5.7350	-11	-69	-66	
1148	5.7400	-10	-69	-66	
1149	5.7450	-10	-69	-66	
1150	5.7500	-10	-70	-66	
1151	5.7550	-10	-70	-66	
1152	5.7600	-10	-70	-66	
1153	5.7650	-10	-70	-67	
1154	5.7700	-10	-70	-67	
1155	5.7750	-10	-71	-67	
1156	5.7800	-9	-71	-66	
1157	5.7850	-9	-71	-66	
1158	5.7900	-9	-71	-66	
1159	5.7950	-9	-71	-66	
1160	5.8000	-9	-71	-66	
1161	5.8050	-8	-71	-66	
1162	5.8100	-8	-71	-66	
1163	5.8150	-8	-70	-66	
1164	5.8200	-8	-70	-65	
1165	5.8250	-8	-70	-65	
1166	5.8300	-8	-70	-64	
1167	5.8350	-8	-70	-64	
1168	5.8400	-8	-70	-64	
1169	5.8450	-7	-69	-63	
1170	5.8500	-7	-69	-63	
1171	5.8550	-7	-68	-62	
1172	5.8600	-7	-68	-62	
1173	5.8650	-7	-68	-61	
1174	5.8700	-6	-67	-61	
1175	5.8750	-6	-67	-60	
1176	5.8800	-6	-66	-60	
1177	5.8850	-6	-66	-59	
1178	5.8900	-6	-65	-58	
1179	5.8950	-6	-65	-58	
1180	5.9000	-6	-64	-57	
1181	5.9050	-6	-63	-56	
1182	5.9100	-5	-63	-55	
1183	5.9150	-5	-62	-54	
1184	5.9200	-5	-61	-54	
1185	5.9250	-5	-60	-53	
1186	5.9300	-5	-60	-52	
1187	5.9350	-4	-59	-51	
1188	5.9400	-4	-58	-50	
1189	5.9450	-4	-57	-49	
1190	5.9500	-4	-56	-48	
1191	5.9550	-4	-56	-47	
1192	5.9600	-4	-55	-46	
1193	5.9650	-4	-54	-45	
1194	5.9700	-4	-53	-44	
1195	5.9750	-4	-52	-43	
1196	5.9800	-3	-51	-42	
1197	5.9850	-3	-50	-41	
1198	5.9900	-3	-49	-40	
1199	5.9950	-3	-48	-38	
1200	6.0000	-3	-46	-37	
1201	6.0050	-3	-45	-36	
1202	6.0100	-2	-44	-35	
1203	6.0150	-2	-43	-34	
1204	6.0200	-2	-42	-32	
1205	6.0250	-2	-41	-31	
1206	6.0300	-2	-40	-30	
1207	6.0350	-2	-38	-29	
1208	6.0400	-2	-37	-28	
1209	6.0450	-2	-36	-26	
1210	6.0500	-2	-34	-25	
1211	6.0550	-2	-33	-24	
1212	6.0600	-2	-32	-22	
1213	6.0650	-2	-31	-21	
1214	6.0700	-1	-29	-20	
1215	6.0750	-1	-28	-18	
1216	6.0800	-1	-27	-17	
1217	6.0850	-1	-25	-16	
1218	6.0900	-1	-24	-14	
1219	6.0950	-1	-23	-13	
1220	6.1000	-1	-21	-11	
1221	6.1050	-1	-20	-10	
1222	6.1100	-1	-18	-8	
1223	6.1150	-1	-17	-7	
1224	6.1200	-1	-16	-6	
1225	6.1250	0	-14	-4	
1226	6.1300	0	-13	-3	
1227	6.1350	0	-12	-2	
1228	6.1400	0	-10	0	
1229	6.1450	0	-9	1	
1230	6.1500	0	-7	3	
1231	6.1550	0	-6	4	
1232	6.1600	0	-5	5	
1233	6.1650	0	-3	7	
1234	6.1700	0	-2	8	
1235	6.1750	0	0	10	
1236	6.1800	0	1	11	
1237	6.1850	0	2	12	
1238	6.1900	0	4	14	
1239	6.1950	0	5	15	
1240	6.2000	0	7	16	
1241	6.2050	0	8	18	
1242	6.2100	0	10	19	
1243	6.2150	0	11	20	
1244	6.2200	0	12	22	
1245	6.2250	0	14	23	
1246	6.2300	0	15	24	
1247	6.2350	0	16	26	
1248	6.2400	0	18	27	
1249	6.2450	0	19	28	
1250	6.2500	0	20	29	
1251	6.2550	0	22	30	
1252	6.2600	0	23	32	
1253	6.2650	0	24	33	
1254	6.2700	0	25	34	
1255	6.2750	0	27	35	
1256	6.2800	0	28	36	
1257	6.2850	-1	29	37	
1258	6.2900	-1	30	38	
1259	6.2950	-1	31	40	
1260	6.3000	-1	32	41	
1261	6.3050	-1	34	42	
1262	6.3100	-1	35	43	
1263	6.3150	-1	36	44	
1264	6.3200	-1	37	45	
1265	6.3250	-1	38	46	
1266	6.3300	-1	39	47	
1267	6.3350	-2	40	48	
1268	6.3400	-2	41	48	
1269	6.3450	-2	42	49	
1270	6.3500	-2	43	50	
1271	6.3550	-2	44	51	
1272	6.3600	-2	45	52	
1273	6.3650	-2	46	52	
1274	6.3700	-2	47	53	
1275	6.3750	-2	48	54	
1276	6.3800	-2	49	55	
1277	6.3850	-2	50	55	
1278	6.3900	-2	50	56	
1279	6.3950	-3	51	57	
1280	6.4000	-3	52	57	
1281	6.4050	-3	53	58	
1282	6.4100	-3	53	58	
1283	6.4150	-3	54	59	
1284	6.4200	-3	55	59	
1285	6.4250	-4	55	60	
1286	6.4300	-4	56	60	
1287	6.4350	-4	56	61	
1288	6.4400	-4	57	61	
1289	6.4450	-4	57	61	
1290	6.4500	-4	58	62	
1291	6.4550	-4	58	62	
1292	6.4600	-4	59	62	
1293	6.4650	-4	59	62	
1294	6.4700	-4	59	63	
1295	6.4750	-5	60	63	
1296	6.4800	-5	60	63	
1297	6.4850	-5	60	63	
1298	6.4900	-5	60	63	
1299	6.4950	-5	61	63	
1300	6.5000	-6	61	63	
1301	6.5050	-6	61	63	
1302	6.5100	-6	61	63	
1303	6.5150	-6	61	63	
1304	6.5200	-6	61	63	
1305	6.5250	-6	61	63	
1306	6.5300	-6	61	63	
1307	6.5350	-6	61	62	
1308	6.5400	-7	61	62	
1309	6.5450	-7	61	62	
1310	6.5500	-7	61	62	
1311	6.5550	-7	61	62	
1312	6.5600	-8	61	61	
1313	6.5650	-8	60	61	
1314	6.5700	-8	60	60	
1315	6.5750	-8	60	60	
1316	6.5800	-8	60	60	
1317	6.5850	-8	59	59	
1318	6.5900	-8	59	58	
1319	6.5950	-8	58	58	
1320	6.6000	-9	58	58	
1321	6.6050	-9	57	57	
1322	6.6100	-9	57	56	
1323	6.6150	-9	56	56	
1324	6.6200	-9	56	55	
1325	6.6250	-10	55	54	
1326	6.6300	-10	55	54	
1327	6.6350	-10	54	53	
1328	6.6400	-10	53	52	
1329	6.6450	-10	53	51	
1330	6.6500	-10	52	50	
1331	6.6550	-10	51	50	
1332	6.6600	-10	50	49	
1333	6.6650	-11	50	48	
1334	6.6700	-11	49	47	
1335	6.6750	-11	48	46	
1336	6.6800	-11	47	45	
1337	6.6850	-11	46	44	
1338	6.6900	-11	45	43	
1339	6.6950	-12	44	42	
1340	6.7000	-12	43	41	
1341	6.7050	-12	42	40	
1342	6.7100	-12	41	39	
1343	6.7150	-12	40	38	
1344	6.7200	-12	39	36	
1345	6.7250	-12	38	35	
1346	6.7300	-12	37	34	
1347	6.7350	-12	36	33	
1348	6.7400	-13	35	32	
1349	6.7450	-13	34	31	
1350	6.7500	-13	33	30	
1351	6.7550	-13	31	28	
1352	6.7600	-13	30	27	
1353	6.7650	-13	29	26	
1354	6.7700	-13	28	24	
1355	6.7750	-14	27	23	
1356	6.7800	-14	25	22	
1357	6.7850	-14	24	21	
1358	6.7900	-14	23	19	
1359	6.7950	-14	22	18	
1360	6.8000	-14	20	17	
1361	6.8050	-14	19	15	
1362	6.8100	-14	18	14	
1363	6.8150	-14	16	12	
1364	6.8200	-14	15	11	
1365	6.8250	-14	13	10	
1366	6.8300	-14	12	8	
1367	6.8350	-14	11	7	
1368	6.8400	-14	9	6	
1369	6.8450	-14	8	4	
1370	6.8500	-14	6	3	
1371	6.8550	-14	5	2	
1372	6.8600	-15	4	0	
1373	6.8650	-15	2	-1	
1374	6.8700	-15	1	-2	
1375	6.8750	-15	0	-4	
1376	6.8800	-15	-2	-5	
1377	6.8850	-15	-3	-7	
1378	6.8900	-15	-5	-8	
1379	6.8950	-15	-6	-10	
1380	6.9000	-15	-8	-11	
1381	6.9050	-15	-9	-12	
1382	6.9100	-15	-10	-14	
1383	6.9150	-15	-12	-15	
1384	6.9200	-15	-13	-16	
1385	6.9250	-15	-15	-18	
1386	6.9300	-15	-16	-19	
1387	6.9350	-15	-18	-20	
1388	6.9400	-15	-19	-22	
1389	6.9450	-15	-20	-23	
1390	6.9500	-15	-22	-24	
1391	6.9550	-15	-23	-26	
1392	6.9600	-15	-24	-27	
1393	6.9650	-15	-26	-28	
1394	6.9700	-15	-27	-30	
1395	6.9750	-15	-28	-31	
1396	6.9800	-15	-30	-32	
1397	6.9850	-15	-31	-33	
1398	6.9900	-15	-32	-34	
1399	6.9950	-15	-34	-36	
1400	7.0000	-15	-35	-37	
1401	7.0050	-15	-36	-38	
1402	7.0100	-15	-37	-39	
1403	7.0150	-14	-39	-40	
1404	7.0200	-14	-40	-42	
1405	7.0250	-14	-41	-42	
1406	7.0300	-14	-42	-44	
1407	7.0350	-14	-43	-45	
1408	7.0400	-14	-45	-46	
1409	7.0450	-14	-46	-47	
1410	7.0500	-14	-47	-48	
1411	7.0550	-14	-48	-49	
1412	7.0600	-14	-49	-50	
1413	7.0650	-14	-50	-50	
1414	7.0700	-14	-51	-52	
1415	7.0750	-14	-52	-52	
1416	7.0800	-14	-53	-53	
1417	7.0850	-14	-54	-54	
1418	7.0900	-14	-55	-55	
1419	7.0950	-13	-56	-56	
1420	7.1000	-13	-57	-56	
1421	7.1050	-13	-58	-57	
1422	7.1100	-13	-58	-58	
1423	7.1150	-13	-59	-58	
1424	7.1200	-13	-60	-59	
1425	7.1250	-13	-61	-60	
1426	7.1300	-12	-62	-60	
1427	7.1350	-12	-62	-61	
1428	7.1400	-12	-63	-62	
1429	7.1450	-12	-64	-62	
1430	7.1500	-12	-64	-62	
1431	7.1550	-12	-65	-63	
1432	7.1600	-12	-66	-64	
1433	7.1650	-12	-66	-64	
1434	7.1700	-12	-66	-64	
1435	7.1750	-11	-67	-65	
1436	7.1800	-11	-68	-65	
1437	7.1850	-11	-68	-65	
1438	7.1900	-11	-68	-66	
1439	7.1950	-11	-69	-66	
1440	7.2000	-11	-69	-66	
1441	7.2050	-10	-69	-66	
1442	7.2100	-10	-70	-66	
1443	7.2150	-10	-70	-66	
1444	7.2200	-10	-70	-66	
1445	7.2250	-10	-70	-66	
1446	7.2300	-10	-71	-67	
1447	7.2350	-10	-71	-67	
1448	7.2400	-10	-71	-67	
1449	7.2450	-9	-71	-66	
1450	7.2500	-9	-71	-66	
1451	7.2550	-9	-71	-66	
1452	7.2600	-9	-71	-66	
1453	7.2650	-9	-71	-66	
1454	7.2700	-8	-71	-66	
1455	7.2750	-8	-71	-66	
1456	7.2800	-8	-71	-65	
1457	7.2850	-8	-70	-65	
1458	7.2900	-8	-70	-65	
1459	7.2950	-8	-70	-64	
1460	7.3000	-8	-70	-64	
1461	7.3050	-8	-70	-64	
1462	7.3100	-7	-69	-63	
1463	7.3150	-7	-69	-62	
1464	7.3200	-7	-68	-62	
1465	7.3250	-7	-68	-62	
1466	7.3300	-7	-68	-61	
1467	7.3350	-6	-67	-60	
1468	7.3400	-6	-67	-60	
1469	7.3450	-6	-66	-59	
1470	7.3500	-6	-66	-58	
1471	7.3550	-6	-65	-58	
1472	7.3600	-6	-64	-57	
1473	7.3650	-6	-64	-56	
1474	7.3700	-6	-63	-56	
1475	7.3750	-5	-62	-55	
1476	7.3800	-5	-62	-54	
1477	7.3850	-5	-61	-53	
1478	7.3900	-5	-60	-52	
1479	7.3950	-5	-59	-52	
1480	7.4000	-4	-59	-50	
1481	7.4050	-4	-58	-50	
1482	7.4100	-4	-57	-48	
1483	7.4150	-4	-56	-48	
1484	7.4200	-4	-55	-47	
1485	7.4250	-4	-54	-46	
1486	7.4300	-4	-53	-44	
1487	7.4350	-4	-52	-44	
1488	7.4400	-4	-51	-42	
1489	7.4450	-3	-50	-41	
1490	7.4500	-3	-49	-40	
1491	7.4550	-3	-48	-39	
1492	7.4600	-3	-47	-38	
1493	7.4650	-3	-46	-37	
1494	7.4700	-3	-45	-36	
1495	7.4750	-2	-44	-34	
1496	7.4800	-2	-42	-33	
1497	7.4850	-2	-41	-32	
1498	7.4900	-2	-40	-31	
1499	7.4950	-2	-39	-30	
1500	7.5000	-2	-38	-28	
1501	7.5050	-2	-36	-27	
1502	7.5100	-2	-35	-26	
1503	7.5150	-2	-34	-24	
1504	7.5200	-2	-33	-23	
1505	7.5250	-2	-31	-22	
1506	7.5300	-2	-30	-20	
1507	7.5350	-1	-29	-19	
1508	7.5400	-1	-27	-18	
1509	7.5450	-1	-26	-16	
1510	7.5500	-1	-25	-15	
1511	7.5550	-1	-23	-14	
1512	7.5600	-1	-22	-12	
1513	7.5650	-1	-21	-11	
1514	7.5700	-1	-19	-9	
1515	7.5750	-1	-18	-8	
1516	7.5800	-1	-16	-6	
1517	7.5850	-1	-15	-5	
1518	7.5900	0	-14	-4	
1519	7.5950	0	-12	-2	
1520	7.6000	0	-11	-1	
1521	7.6050	0	-9	0	
1522	7.6100	0	-8	2	
1523	7.6150	0	-7	3	
1524	7.6200	0	-5	5	
1525	7.6250	0	-4	6	
1526	7.6300	0	-2	8	
1527	7.6350	0	-1	9	
1528	7.6400	0	0	10	
1529	7.6450	0	2	12	
1530	7.6500	0	3	13	
1531	7.6550	0	5	14	
1532	7.6600	0	6	16	
1533	7.6650	0	7	17	
1534	7.6700	0	9	18	
1535	7.6750	0	10	20	
1536	7.6800	0	12	21	
1537	7.6850	0	13	22	
1538	7.6900	0	14	24	
1539	7.6950	0	16	25	
1540	7.7000	0	17	26	
1541	7.7050	0	18	27	
1542	7.7100	0	20	29	
1543	7.7150	0	21	30	
1544	7.7200	0	22	31	
1545	7.7250	0	24	32	
1546	7.7300	0	25	34	
1547	7.7350	0	26	35	
1548	7.7400	0	27	36	
1549	7.7450	0	29	37	
1550	7.7500	-1	30	38	
1551	7.7550	-1	31	39	
1552	7.7600	-1	32	40	
1553	7.7650	-1	33	41	
1554	7.7700	-1	34	42	
1555	7.7750	-1	36	43	
1556	7.7800	-1	37	44	
1557	7.7850	-1	38	45	
1558	7.7900	-1	39	46	
1559	7.7950	-1	40	47	
1560	7.8000	-1	41	48	
1561	7.8050	-2	42	49	
1562	7.8100	-2	43	50	
1563	7.8150	-2	44	51	
1564	7.8200	-2	45	52	
1565	7.8250	-2	46	52	
1566	7.8300	-2	47	53	
1567	7.8350	-2	48	54	
1568	7.8400	-2	48	54	
1569	7.8450	-2	49	55	
1570	7.8500	-2	50	56	
1571	7.8550	-2	51	56	
1572	7.8600	-3	52	57	
1573	7.8650	-3	52	58	
1574	7.8700	-3	53	58	
1575	7.8750	-3	54	59	
1576	7.8800	-3	54	59	
1577	7.8850	-3	55	60	
1578	7.8900	-3	56	60	
1579	7.8950	-4	56	60	
1580	7.9000	-4	57	61	
1581	7.9050	-4	57	61	
1582	7.9100	-4	58	62	
1583	7.9150	-4	58	62	
1584	7.9200	-4	58	62	
1585	7.9250	-4	59	62	
1586	7.9300	-4	59	63	
1587	7.9350	-5	60	63	
1588	7.9400	-5	60	63	
1589	7.9450	-5	60	63	
1590	7.9500	-5	60	63	
1591	7.9550	-5	61	63	
1592	7.9600	-6	61	63	
1593	7.9650	-6	61	63	
1594	7.9700	-6	61	63	
1595	7.9750	-6	61	63	
1596	7.9800	-6	61	63	
1597	7.9850	-6	61	63	
1598	7.9900	-6	61	63	
1599	7.9950	-6	61	63	
1600	8.0000	-7	61	62	
1601	8.0050	-7	61	62	
1602	8.0100	-7	61	62	
1603	8.0150	-7	61	62	
1604	8.0200	-7	61	61	
1605	8.0250	-8	60	61	
1606	8.0300	-8	60	61	
1607	8.0350	-8	60	60	
1608	8.0400	-8	60	60	
1609	8.0450	-8	59	60	
1610	8.0500	-8	59	59	
1611	8.0550	-8	58	58	
1612	8.0600	-8	58	58	
1613	8.0650	-9	58	57	
1614	8.0700	-9	57	57	
1615	8.0750	-9	57	56	
1616	8.0800	-9	56	55	
1617	8.0850	-10	56	55	
1618	8.0900	-10	55	54	
1619	8.0950	-10	54	53	
1620	8.1000	-10	54	52	
1621	8.1050	-10	53	52	
1622	8.1100	-10	52	51	
1623	8.1150	-10	52	50	
1624	8.1200	-10	51	49	
1625	8.1250	-10	50	48	
1626	8.1300	-11	49	47	
1627	8.1350	-11	48	46	
1628	8.1400	-11	48	46	
1629	8.1450	-11	47	44	
1630	8.1500	-11	46	44	
1631	8.1550	-12	45	42	
1632	8.1600	-12	44	42	
1633	8.1650	-12	43	40	
1634	8.1700	-12	42	39	
1635	8.1750	-12	41	38	
1636	8.1800	-12	40	37	
1637	8.1850	-12	39	36	
1638	8.1900	-12	38	35	
1639	8.1950	-12	37	34	
1640	8.2000	-12	36	33	
1641	8.2050	-13	34	31	
1642	8.2100	-13	33	30	
1643	8.2150	-13	32	29	
1644	8.2200	-13	31	28	
1645	8.2250	-13	30	26	
1646	8.2300	-13	28	25	
1647	8.2350	-13	27	24	
1648	8.2400	-14	26	22	
1649	8.2450	-14	25	21	
1650	8.2500	-14	23	20	
1651	8.2550	-14	22	19	
1652	8.2600	-14	21	17	
1653	8.2650	-14	20	16	
1654	8.2700	-14	18	15	
1655	8.2750	-14	17	13	
1656	8.2800	-14	16	12	
1657	8.2850	-14	14	10	
1658	8.2900	-14	13	9	
1659	8.2950	-14	12	8	
1660	8.3000	-14	10	6	
1661	8.3050	-14	9	5	
1662	8.3100	-14	7	4	
1663	8.3150	-14	6	2	
1664	8.3200	-15	4	1	
1665	8.3250	-15	3	-1	
1666	8.3300	-15	2	-2	
1667	8.3350	-15	0	-4	
1668	8.3400	-15	-1	-5	
1669	8.3450	-15	-3	-6	
1670	8.3500	-15	-4	-8	
1671	8.3550	-15	-6	-9	
1672	8.3600	-15	-7	-10	
1673	8.3650	-15	-8	-12	
1674	8.3700	-15	-10	-13	
1675	8.3750	-15	-11	-14	
1676	8.3800	-15	-12	-16	
1677	8.3850	-15	-14	-17	
1678	8.3900	-15	-15	-18	
1679	8.3950	-15	-17	-20	
1680	8.4000	-15	-18	-21	
1681	8.4050	-15	-20	-23	
1682	8.4100	-15	-21	-24	
1683	8.4150	-15	-22	-25	
1684	8.4200	-15	-24	-26	
1685	8.4250	-15	-25	-28	
1686	8.4300	-15	-26	-29	
1687	8.4350	-15	-28	-30	
1688	8.4400	-15	-29	-32	
1689	8.4450	-15	-30	-33	
1690	8.4500	-15	-32	-34	
1691	8.4550	-15	-33	-35	
1692	8.4600	-15	-34	-36	
1693	8.4650	-15	-36	-38	
1694	8.4700	-15	-37	-39	
1695	8.4750	-15	-38	-40	
1696	8.4800	-14	-39	-41	
1697	8.4850	-14	-40	-42	
1698	8.4900	-14	-42	-43	
1699	8.4950	-14	-43	-44	
1700	8.5000	-14	-44	-45	
1701	8.5050	-14	-45	-46	
1702	8.5100	-14	-46	-47	
1703	8.5150	-14	-47	-48	
1704	8.5200	-14	-48	-49	
1705	8.5250	-14	-50	-50	
1706	8.5300	-14	-51	-51	
1707	8.5350	-14	-52	-52	
1708	8.5400	-14	-53	-53	
1709	8.5450	-14	-54	-54	
1710	8.5500	-14	-55	-54	
1711	8.5550	-14	-56	-55	
1712	8.5600	-13	-56	-56	
1713	8.5650	-13	-57	-57	
1714	8.5700	-13	-58	-58	
1715	8.5750	-13	-59	-58	
1716	8.5800	-13	-60	-59	
1717	8.5850	-13	-61	-60	
1718	8.5900	-13	-61	-60	
1719	8.5950	-12	-62	-61	
1720	8.6000	-12	-63	-62	
1721	8.6050	-12	-64	-62	
1722	8.6100	-12	-64	-62	
1723	8.6150	-12	-65	-63	
1724	8.6200	-12	-65	-64	
1725	8.6250	-12	-66	-64	
1726	8.6300	-12	-66	-64	
1727	8.6350	-12	-67	-65	
1728	8.6400	-11	-68	-65	
1729	8.6450	-11	-68	-65	
1730	8.6500	-11	-68	-66	
1731	8.6550	-11	-69	-66	
1732	8.6600	-11	-69	-66	
1733	8.6650	-11	-70	-66	
1734	8.6700	-10	-70	-66	
1735	8.6750	-10	-70	-66	
1736	8.6800	-10	-70	-67	
1737	8.6850	-10	-71	-67	
1738	8.6900	-10	-71	-67	
1739	8.6950	-10	-71	-67	
1740	8.7000	-10	-71	-67	
1741	8.7050	-10	-71	-67	
1742	8.7100	-9	-71	-67	
1743	8.7150	-9	-71	-66	
1744	8.7200	-9	-71	-66	
1745	8.7250	-9	-71	-66	
1746	8.7300	-9	-71	-66	
1747	8.7350	-8	-71	-66	
1748	8.7400	-8	-71	-66	
1749	8.7450	-8	-71	-65	
1750	8.7500	-8	-71	-65	
1751	8.7550	-8	-70	-65	
1752	8.7600	-8	-70	-64	
1753	8.7650	-8	-70	-64	
1754	8.7700	-8	-70	-64	
1755	8.7750	-7	-69	-63	
1756	8.7800	-7	-69	-62	
1757	8.7850	-7	-69	-62	
1758	8.7900	-7	-68	-62	
1759	8.7950	-7	-68	-61	
1760	8.8000	-6	-67	-60	
1761	8.8050	-6	-67	-60	
1762	8.8100	-6	-66	-59	
1763	8.8150	-6	-66	-58	
1764	8.8200	-6	-65	-58	
1765	8.8250	-6	-64	-57	
1766	8.8300	-6	-64	-56	
1767	8.8350	-5	-63	-55	
1768	8.8400	-5	-62	-54	
1769	8.8450	-5	-62	-54	
1770	8.8500	-5	-61	-53	
1771	8.8550	-5	-60	-52	
1772	8.8600	-5	-59	-51	
1773	8.8650	-4	-58	-50	
1774	8.8700	-4	-58	-49	
1775	8.8750	-4	-57	-48	
1776	8.8800	-4	-56	-47	
1777	8.8850	-4	-55	-46	
1778	8.8900	-4	-54	-45	
1779	8.8950	-4	-53	-44	
1780	8.9000	-4	-52	-43	
1781	8.9050	-3	-51	-42	
1782	8.9100	-3	-50	-41	
1783	8.9150	-3	-49	-40	
1784	8.9200	-3	-48	-39	
1785	8.9250	-3	-47	-38	
1786	8.9300	-3	-46	-36	
1787	8.9350	-3	-44	-35	
1788	8.9400	-2	-43	-34	
1789	8.9450	-2	-42	-33	
1790	8.9500	-2	-41	-32	
1791	8.9550	-2	-40	-30	
1792	8.9600	-2	-39	-29	
1793	8.9650	-2	-37	-28	
1794	8.9700	-2	-36	-26	
1795	8.9750	-2	-35	-25	
1796	8.9800	-2	-34	-24	
1797	8.9850	-2	-32	-22	
1798	8.9900	-2	-31	-21	
1799	8.9950	-2	-30	-20	
1800	9.0000	-1	-28	-18	
1801	9.0050	-1	-27	-17	
1802	9.0100	-1	-26	-16	
1803	9.0150	-1	-24	-14	
1804	9.0200	-1	-23	-13	
1805	9.0250	-1	-22	-12	
1806	9.0300	-1	-20	-10	
1807	9.0350	-1	-19	-9	
1808	9.0400	-1	-17	-7	
1809	9.0450	-1	-16	-6	
1810	9.0500	-1	-15	-5	
1811	9.0550	0	-13	-3	
1812	9.0600	0	-12	-2	
1813	9.0650	0	-10	0	
1814	9.0700	0	-9	1	
1815	9.0750	0	-8	2	
1816	9.0800	0	-6	4	
1817	9.0850	0	-5	5	
1818	9.0900	0	-3	6	
1819	9.0950	0	-2	8	
1820	9.1000	0	0	9	
1821	9.1050	0	1	11	
1822	9.1100	0	2	12	
1823	9.1150	0	4	13	
1824	9.1200	0	5	15	
1825	9.1250	0	7	16	
1826	9.1300	0	8	18	
1827	9.1350	0	9	19	
1828	9.1400	0	11	20	
1829	9.1450	0	12	22	
1830	9.1500	0	14	23	
1831	9.1550	0	15	24	
1832	9.1600	0	16	25	
1833	9.1650	0	18	26	
1834	9.1700	0	19	28	
1835	9.1750	0	20	29	
1836	9.1800	0	22	30	
1837	9.1850	0	23	32	
1838	9.1900	0	24	33	
1839	9.1950	0	25	34	
1840	9.2000	0	27	35	
1841	9.2050	0	28	36	
1842	9.2100	0	29	37	
1843	9.2150	-1	30	38	
1844	9.2200	-1	32	40	
1845	9.2250	-1	33	40	
1846	9.2300	-1	34	42	
1847	9.2350	-1	35	43	
1848	9.2400	-1	36	44	
1849	9.2450	-1	37	45	
1850	9.2500	-1	38	46	
1851	9.2550	-1	39	46	
1852	9.2600	-1	40	48	
1853	9.2650	-1	42	48	
1854	9.2700	-2	42	49	
1855	9.2750	-2	44	50	
1856	9.2800	-2	44	51	
1857	9.2850	-2	45	52	
1858	9.2900	-2	46	52	
1859	9.2950	-2	47	53	
1860	9.3000	-2	48	54	
1861	9.3050	-2	49	55	
1862	9.3100	-2	50	56	
1863	9.3150	-2	50	56	
1864	9.3200	-2	51	57	
1865	9.3250	-3	52	57	
1866	9.3300	-3	53	58	
1867	9.3350	-3	54	58	
1868	9.3400	-3	54	59	
1869	9.3450	-3	55	60	
1870	9.3500	-3	55	60	
1871	9.3550	-3	56	60	
1872	9.3600	-4	56	61	
1873	9.3650	-4	57	61	
1874	9.3700	-4	58	62	
1875	9.3750	-4	58	62	
1876	9.3800	-4	58	62	
1877	9.3850	-4	59	62	
1878	9.3900	-4	59	62	
1879	9.3950	-4	60	63	
1880	9.4000	-5	60	63	
1881	9.4050	-5	60	63	
1882	9.4100	-5	60	63	
1883	9.4150	-5	61	63	
1884	9.4200	-5	61	63	
1885	9.4250	-6	61	63	
1886	9.4300	-6	61	63	
1887	9.4350	-6	61	63	
1888	9.4400	-6	61	63	
1889	9.4450	-6	61	63	
1890	9.4500	-6	61	63	
1891	9.4550	-6	61	63	
1892	9.4600	-6	61	63	
1893	9.4650	-7	61	62	
1894	9.4700	-7	61	62	
1895	9.4750	-7	61	62	
1896	9.4800	-7	61	62	
1897	9.4850	-7	61	61	
1898	9.4900	-8	60	61	
1899	9.4950	-8	60	61	
1900	9.5000	-8	60	60	
1901	9.5050	-8	60	60	
1902	9.5100	-8	59	59	
1903	9.5150	-8	59	59	
1904	9.5200	-8	58	58	
1905	9.5250	-8	58	58	
1906	9.5300	-9	58	57	
1907	9.5350	-9	57	56	
1908	9.5400	-9	56	56	
1909	9.5450	-9	56	55	
1910	9.5500	-9	55	54	
1911	9.5550	-10	55	54	
1912	9.5600	-10	54	53	
1913	9.5650	-10	54	52	
1914	9.5700	-10	53	52	
1915	9.5750	-10	52	51	
1916	9.5800	-10	51	50	
1917	9.5850	-10	51	49	
1918	9.5900	-10	50	48	
1919	9.5950	-11	49	47	
1920	9.6000	-11	48	46	
1921	9.6050	-11	47	45	
1922	9.6100	-11	46	44	
1923	9.6150	-11	45	43	
1924	9.6200	-12	44	42	
1925	9.6250	-12	44	41	
1926	9.6300	-12	42	40	
1927	9.6350	-12	42	39	
1928	9.6400	-12	40	38	
1929	9.6450	-12	40	37	
1930	9.6500	-12	38	36	
1931	9.6550	-12	37	34	
1932	9.6600	-12	36	34	
1933	9.6650	-12	35	32	
1934	9.6700	-13	34	31	
1935	9.6750	-13	33	30	
1936	9.6800	-13	32	28	
1937	9.6850	-13	30	27	
1938	9.6900	-13	29	26	
1939	9.6950	-13	28	25	
1940	9.7000	-13	27	24	
1941	9.7050	-14	25	22	
1942	9.7100	-14	24	21	
1943	9.7150	-14	23	20	
1944	9.7200	-14	22	18	
1945	9.7250	-14	20	17	
1946	9.7300	-14	19	16	
1947	9.7350	-14	18	14	
1948	9.7400	-14	16	13	
1949	9.7450	-14	15	12	
1950	9.7500	-14	14	10	
1951	9.7550	-14	12	9	
1952	9.7600	-14	11	7	
1953	9.7650	-14	10	6	
1954	9.7700	-14	8	4	
1955	9.7750	-14	7	3	
1956	9.7800	-14	5	2	
1957	9.7850	-15	4	0	
1958	9.7900	-15	2	-1	
1959	9.7950	-15	1	-2	
1960	9.8000	-15	0	-4	
1961	9.8050	-15	-2	-5	
1962	9.8100	-15	-3	-7	
1963	9.8150	-15	-5	-8	
1964	9.8200	-15	-6	-10	
1965	9.8250	-15	-8	-11	
1966	9.8300	-15	-9	-12	
1967	9.8350	-15	-10	-14	
1968	9.8400	-15	-12	-15	
1969	9.8450	-15	-13	-16	
1970	9.8500	-15	-14	-18	
1971	9.8550	-15	-16	-19	
1972	9.8600	-15	-17	-20	
1973	9.8650	-15	-19	-22	
1974	9.8700	-15	-20	-23	
1975	9.8750	-15	-22	-24	
1976	9.8800	-15	-23	-26	
1977	9.8850	-15	-24	-27	
1978	9.8900	-15	-26	-28	
1979	9.8950	-15	-27	-30	
1980	9.9000	-15	-28	-31	
1981	9.9050	-15	-30	-32	
1982	9.9100	-15	-31	-34	
1983	9.9150	-15	-32	-35	
1984	9.9200	-15	-34	-36	
1985	9.9250	-15	-35	-37	
1986	9.9300	-15	-36	-38	
1987	9.9350	-15	-37	-39	
1988	9.9400	-15	-39	-40	
1989	9.9450	-14	-40	-42	
1990	9.9500	-14	-41	-43	
1991	9.9550	-14	-42	-44	
1992	9.9600	-14	-43	-45	
1993	9.9650	-14	-44	-46	
1994	9.9700	-14	-46	-47	
1995	9.9750	-14	-47	-48	
1996	9.9800	-14	-48	-49	
1997	9.9850	-14	-49	-50	
1998	9.9900	-14	-50	-51	
1999	9.9950	-14	-51	-52	
2000	10.0000	-14	-52	-52	
2001	10.0050	-14	-53	-54	
2002	10.0100	-14	-54	-54	
2003	10.0150	-14	-55	-55	
2004	10.0200	-13	-56	-56	
2005	10.0250	-13	-57	-57	
2006	10.0300	-13	-58	-57	
2007	10.0350	-13	-58	-58	
2008	10.0400	-13	-59	-59	
2009	10.0450	-13	-60	-60	
2010	10.0500	-13	-61	-60	
2011	10.0550	-13	-62	-61	
2012	10.0600	-12	-62	-61	
2013	10.0650	-12	-63	-62	
2014	10.0700	-12	-64	-62	
2015	10.0750	-12	-64	-63	
2016	10.0800	-12	-65	-63	
2017	10.0850	-12	-66	-64	
2018	10.0900	-12	-66	-64	
2019	10.0950	-12	-67	-65	
2020	10.1000	-12	-67	-65	
2021	10.1050	-11	-68	-65	
2022	10.1100	-11	-68	-66	
2023	10.1150	-11	-69	-66	
2024	10.1200	-11	-69	-66	
2025	10.1250	-11	-69	-66	
2026	10.1300	-11	-70	-66	
2027	10.1350	-10	-70	-67	
2028	10.1400	-10	-70	-67	
2029	10.1450	-10	-70	-67	
2030	10.1500	-10	-71	-67	
2031	10.1550	-10	-71	-67	
2032	10.1600	-10	-71	-67	
2033	10.1650	-10	-71	-67	
2034	10.1700	-10	-71	-67	
2035	10.1750	-9	-71	-67	
2036	10.1800	-9	-71	-67	
2037	10.1850	-9	-71	-66	
2038	10.1900	-9	-71	-66	
2039	10.1950	-9	-71	-66	
2040	10.2000	-8	-71	-66	
2041	10.2050	-8	-71	-66	
2042	10.2100	-8	-71	-65	
2043	10.2150	-8	-71	-65	
2044	10.2200	-8	-70	-65	
2045	10.2250	-8	-70	-64	
2046	10.2300	-8	-70	-64	
2047	10.2350	-7	-70	-64	
2048	10.2400	-7	-69	-63	
2049	10.2450	-7	-69	-62	
2050	10.2500	-7	-68	-62	
2051	10.2550	-7	-68	-61	
2052	10.2600	-7	-68	-61	
2053	10.2650	-6	-67	-60	
2054	10.2700	-6	-67	-60	
2055	10.2750	-6	-66	-59	
2056	10.2800	-6	-66	-58	
2057	10.2850	-6	-65	-58	
2058	10.2900	-6	-64	-57	
2059	10.2950	-6	-64	-56	
2060	10.3000	-5	-63	-55	
2061	10.3050	-5	-62	-54	
2062	10.3100	-5	-62	-54	
2063	10.3150	-5	-61	-53	
2064	10.3200	-5	-60	-52	
2065	10.3250	-4	-59	-51	
2066	10.3300	-4	-58	-50	
2067	10.3350	-4	-58	-49	
2068	10.3400	-4	-57	-48	
2069	10.3450	-4	-56	-47	
2070	10.3500	-4	-55	-46	
2071	10.3550	-4	-54	-45	
2072	10.3600	-4	-53	-44	
2073	10.3650	-4	-52	-43	
2074	10.3700	-3	-51	-42	
2075	10.3750	-3	-50	-40	
2076	10.3800	-3	-49	-40	
2077	10.3850	-3	-48	-38	
2078	10.3900	-3	-47	-37	
2079	10.3950	-3	-46	-36	
2080	10.4000	-3	-44	-35	
2081	10.4050	-2	-43	-34	
2082	10.4100	-2	-42	-32	
2083	10.4150	-2	-41	-31	
2084	10.4200	-2	-40	-30	
2085	10.4250	-2	-38	-28	
2086	10.4300	-2	-37	-27	
2087	10.4350	-2	-36	-26	
2088	10.4400	-2	-34	-24	
2089	10.4450	-2	-33	-23	
2090	10.4500	-2	-32	-22	
2091	10.4550	-2	-31	-21	
2092	10.4600	-1	-29	-19	
2093	10.4650	-1	-28	-18	
2094	10.4700	-1	-27	-16	
2095	10.4750	-1	-25	-15	
2096	10.4800	-1	-24	-14	
2097	10.4850	-1	-23	-12	
2098	10.4900	-1	-21	-11	
2099	10.4950	-1	-20	-10	
2100	10.5000	-1	-18	-8	
2101	10.5050	-1	-17	-7	
2102	10.5100	-1	-16	-5	
2103	10.5150	0	-14	-4	
2104	10.5200	0	-13	-3	
2105	10.5250	0	-11	-1	
2106	10.5300	0	-10	0	
2107	10.5350	0	-8	2	
2108	10.5400	0	-7	3	
2109	10.5450	0	-6	4	
2110	10.5500	0	-4	6	
2111	10.5550	0	-3	7	
2112	10.5600	0	-2	8	
2113	10.5650	0	0	10	
2114	10.5700	0	1	11	
2115	10.5750	0	3	12	
2116	10.5800	0	4	14	
2117	10.5850	0	6	15	
2118	10.5900	0	7	17	
2119	10.5950	0	8	18	
2120	10.6000	0	10	19	
2121	10.6050	0	11	21	
2122	10.6100	0	13	22	
2123	10.6150	0	14	23	
2124	10.6200	0	15	24	
2125	10.6250	0	17	26	
2126	10.6300	0	18	27	
2127	10.6350	0	19	28	
2128	10.6400	0	21	30	
2129	10.6450	0	22	31	
2130	10.6500	0	23	32	
2131	10.6550	0	25	33	
2132	10.6600	0	26	34	
2133	10.6650	0	27	36	
2134	10.6700	0	28	37	
2135	10.6750	0	30	38	
2136	10.6800	-1	31	39	
2137	10.6850	-1	32	40	
2138	10.6900	-1	33	41	
2139	10.6950	-1	34	42	
2140	10.7000	-1	35	43	
2141	10.7050	-1	37	44	
2142	10.7100	-1	38	45	
2143	10.7150	-1	39	46	
2144	10.7200	-1	40	47	
2145	10.7250	-1	41	48	
2146	10.7300	-2	42	49	
2147	10.7350	-2	43	50	
2148	10.7400	-2	44	50	
2149	10.7450	-2	45	51	
2150	10.7500	-2	46	52	
2151	10.7550	-2	47	53	
2152	10.7600	-2	48	54	
2153	10.7650	-2	48	54	
2154	10.7700	-2	49	55	
2155	10.7750	-2	50	56	
2156	10.7800	-2	51	56	
2157	10.7850	-2	52	57	
2158	10.7900	-3	52	58	
2159	10.7950	-3	53	58	
2160	10.8000	-3	54	59	
2161	10.8050	-3	55	59	
2162	10.8100	-3	55	60	
2163	10.8150	-3	56	60	
2164	10.8200	-4	56	61	
2165	10.8250	-4	57	61	
2166	10.8300	-4	57	61	
2167	10.8350	-4	58	62	
2168	10.8400	-4	58	62	
2169	10.8450	-4	59	62	
2170	10.8500	-4	59	62	
2171	10.8550	-4	60	63	
2172	10.8600	-4	60	63	
2173	10.8650	-5	60	63	
2174	10.8700	-5	60	63	
2175	10.8750	-5	61	63	
2176	10.8800	-5	61	63	
2177	10.8850	-5	61	64	
2178	10.8900	-6	61	64	
2179	10.8950	-6	62	64	
2180	10.9000	-6	62	64	
2181	10.9050	-6	62	63	
2182	10.9100	-6	62	63	
2183	10.9150	-6	62	63	
2184	10.9200	-6	62	63	
2185	10.9250	-6	62	63	
2186	10.9300	-7	62	62	
2187	10.9350	-7	61	62	
2188	10.9400	-7	61	62	
2189	10.9450	-7	61	62	
2190	10.9500	-7	61	61	
2191	10.9550	-8	61	61	
2192	10.9600	-8	60	60	
2193	10.9650	-8	60	60	
2194	10.9700	-8	60	60	
2195	10.9750	-8	59	59	
2196	10.9800	-8	59	59	
2197	10.9850	-8	59	58	
2198	10.9900	-8	58	58	
2199	10.9950	-9	58	57	
2200	11.0000	-9	57	56	
2201	11.0050	-9	57	56	
2202	11.0100	-9	56	55	
2203	11.0150	-10	55	54	
2204	11.0200	-10	55	54	
2205	11.0250	-10	54	53	
2206	11.0300	-10	54	52	
2207	11.0350	-10	53	51	
2208	11.0400	-10	52	50	
2209	11.0450	-10	51	50	
2210	11.0500	-10	50	49	
2211	11.0550	-10	50	48	
2212	11.0600	-11	49	47	
2213	11.0650	-11	48	46	
2214	11.0700	-11	47	45	
2215	11.0750	-11	46	44	
2216	11.0800	-11	45	43	
2217	11.0850	-12	44	42	
2218	11.0900	-12	43	41	
2219	11.0950	-12	42	40	
2220	11.1000	-12	41	39	
2221	11.1050	-12	40	38	
2222	11.1100	-12	39	36	
2223	11.1150	-12	38	36	
2224	11.1200	-12	37	34	
2225	11.1250	-12	36	33	
2226	11.1300	-12	35	32	
2227	11.1350	-13	34	31	
2228	11.1400	-13	32	30	
2229	11.1450	-13	31	28	
2230	11.1500	-13	30	27	
2231	11.1550	-13	29	26	
2232	11.1600	-13	28	24	
2233	11.1650	-13	26	23	
2234	11.1700	-14	25	22	
2235	11.1750	-14	24	21	
2236	11.1800	-14	23	19	
2237	11.1850	-14	21	18	
2238	11.1900	-14	20	17	
2239	11.1950	-14	19	15	
2240	11.2000	-14	17	14	
2241	11.2050	-14	16	12	
2242	11.2100	-14	14	11	
2243	11.2150	-14	13	10	
2244	11.2200	-14	12	8	
2245	11.2250	-14	10	7	
2246	11.2300	-14	9	6	
2247	11.2350	-14	8	4	
2248	11.2400	-14	6	3	
2249	11.2450	-14	5	2	
2250	11.2500	-15	3	0	
2251	11.2550	-15	2	-1	
2252	11.2600	-15	1	-3	
2253	11.2650	-15	-1	-4	
2254	11.2700	-15	-2	-6	
2255	11.2750	-15	-4	-7	
2256	11.2800	-15	-5	-8	
2257	11.2850	-15	-6	-10	
2258	11.2900	-15	-8	-11	
2259	11.2950	-15	-9	-12	
2260	11.3000	-15	-11	-14	
2261	11.3050	-15	-12	-15	
2262	11.3100	-15	-14	-17	
2263	11.3150	-15	-15	-18	
2264	11.3200	-15	-16	-20	
2265	11.3250	-15	-18	-21	
2266	11.3300	-15	-19	-22	
2267	11.3350	-15	-21	-24	
2268	11.3400	-15	-22	-25	
2269	11.3450	-15	-23	-26	
2270	11.3500	-15	-25	-27	
2271	11.3550	-15	-26	-29	
2272	11.3600	-15	-27	-30	
2273	11.3650	-15	-29	-31	
2274	11.3700	-15	-30	-32	
2275	11.3750	-15	-31	-34	
2276	11.3800	-15	-33	-35	
2277	11.3850	-15	-34	-36	
2278	11.3900	-15	-35	-37	
2279	11.3950	-15	-36	-38	
2280	11.4000	-15	-38	-40	
2281	11.4050	-14	-39	-41	
2282	11.4100	-14	-40	-42	
2283	11.4150	-14	-41	-43	
2284	11.4200	-14	-43	-44	
2285	11.4250	-14	-44	-45	
2286	11.4300	-14	-45	-46	
2287	11.4350	-14	-46	-47	
2288	11.4400	-14	-47	-48	
2289	11.4450	-14	-48	-49	
2290	11.4500	-14	-49	-50	
2291	11.4550	-14	-50	-51	
2292	11.4600	-14	-51	-52	
2293	11.4650	-14	-52	-53	
2294	11.4700	-14	-53	-54	
2295	11.4750	-14	-54	-54	
2296	11.4800	-14	-55	-55	
2297	11.4850	-13	-56	-56	
2298	11.4900	-13	-57	-57	
2299	11.4950	-13	-58	-58	
2300	11.5000	-13	-59	-58	
2301	11.5050	-13	-60	-59	
2302	11.5100	-13	-60	-60	
2303	11.5150	-13	-61	-60	
2304	11.5200	-12	-62	-61	
2305	11.5250	-12	-63	-62	
2306	11.5300	-12	-63	-62	
2307	11.5350	-12	-64	-62	
2308	11.5400	-12	-65	-63	
2309	11.5450	-12	-65	-64	
2310	11.5500	-12	-66	-64	
2311	11.5550	-12	-66	-64	
2312	11.5600	-12	-67	-65	
2313	11.5650	-12	-67	-65	
2314	11.5700	-11	-68	-65	
2315	11.5750	-11	-68	-66	
2316	11.5800	-11	-69	-66	
2317	11.5850	-11	-69	-66	
2318	11.5900	-11	-69	-66	
2319	11.5950	-10	-70	-66	
2320	11.6000	-10	-70	-67	
2321	11.6050	-10	-70	-67	
2322	11.6100	-10	-70	-67	
2323	11.6150	-10	-71	-67	
2324	11.6200	-10	-71	-67	
2325	11.6250	-10	-71	-67	
2326	11.6300	-10	-71	-67	
2327	11.6350	-10	-71	-67	
2328	11.6400	-9	-71	-67	
2329	11.6450	-9	-71	-66	
2330	11.6500	-9	-71	-66	
2331	11.6550	-9	-71	-66	
2332	11.6600	-8	-71	-66	
2333	11.6650	-8	-71	-66	
2334	11.6700	-8	-71	-66	
2335	11.6750	-8	-71	-65	
2336	11.6800	-8	-70	-65	
2337	11.6850	-8	-70	-64	
2338	11.6900	-8	-70	-64	
2339	11.6950	-8	-70	-64	
2340	11.7000	-7	-69	-63	
2341	11.7050	-7	-69	-63	
2342	11.7100	-7	-69	-62	
2343	11.7150	-7	-68	-62	
2344	11.7200	-7	-68	-61	
2345	11.7250	-6	-67	-60	
2346	11.7300	-6	-67	-60	
2347	11.7350	-6	-66	-59	
2348	11.7400	-6	-66	-58	
2349	11.7450	-6	-65	-58	
2350	11.7500	-6	-65	-57	
2351	11.7550	-6	-64	-56	
2352	11.7600	-6	-63	-56	
2353	11.7650	-5	-63	-55	
2354	11.7700	-5	-62	-54	
2355	11.7750	-5	-61	-53	
2356	11.7800	-5	-60	-52	
2357	11.7850	-5	-60	-52	
2358	11.7900	-4	-59	-50	
2359	11.7950	-4	-58	-50	
2360	11.8000	-4	-57	-48	
2361	11.8050	-4	-56	-48	
2362	11.8100	-4	-55	-46	
2363	11.8150	-4	-54	-46	
2364	11.8200	-4	-53	-44	
2365	11.8250	-4	-52	-43	
2366	11.8300	-4	-51	-42	
2367	11.8350	-3	-50	-41	
2368	11.8400	-3	-49	-40	
2369	11.8450	-3	-48	-39	
2370	11.8500	-3	-47	-38	
2371	11.8550	-3	-46	-37	
2372	11.8600	-3	-45	-36	
2373	11.8650	-3	-44	-34	
2374	11.8700	-2	-43	-33	
2375	11.8750	-2	-41	-32	
2376	11.8800	-2	-40	-30	
2377	11.8850	-2	-39	-29	
2378	11.8900	-2	-38	-28	
2379	11.8950	-2	-36	-27	
2380	11.9000	-2	-35	-26	
2381	11.9050	-2	-34	-24	
2382	11.9100	-2	-33	-23	
2383	11.9150	-2	-31	-21	
2384	11.9200	-2	-30	-20	
2385	11.9250	-1	-29	-19	
2386	11.9300	-1	-27	-17	
2387	11.9350	-1	-26	-16	
2388	11.9400	-1	-25	-14	
2389	11.9450	-1	-23	-13	
2390	11.9500	-1	-22	-12	
2391	11.9550	-1	-21	-10	
2392	11.9600	-1	-19	-9	
2393	11.9650	-1	-18	-8	
2394	11.9700	-1	-16	-6	
2395	11.9750	-1	-15	-5	
2396	11.9800	0	-14	-4	
2397	11.9850	0	-12	-2	
2398	11.9900	0	-11	-1	
2399	11.9950	0	-9	1	
2400	12.0000	0	-8	2	
2401	12.0050	0	-6	4	
2402	12.0100	0	-5	5	
2403	12.0150	0	-4	6	
2404	12.0200	0	-2	8	
2405	12.0250	0	-1	9	
2406	12.0300	0	1	10	
2407	12.0350	0	2	12	
2408	12.0400	0	3	13	
2409	12.0450	0	5	14	
2410	12.0500	0	6	16	
2411	12.0550	0	8	17	
2412	12.0600	0	9	19	
2413	12.0650	0	10	20	
2414	12.0700	0	12	21	
2415	12.0750	0	13	22	
2416	12.0800	0	14	24	
2417	12.0850	0	16	25	
2418	12.0900	0	17	26	
2419	12.0950	0	18	28	
2420	12.1000	0	20	29	
2421	12.1050	0	21	30	
2422	12.1100	0	23	31	
2423	12.1150	0	24	32	
2424	12.1200	0	25	34	
2425	12.1250	0	26	35	
2426	12.1300	0	28	36	
2427	12.1350	0	29	37	
2428	12.1400	0	30	38	
2429	12.1450	-1	31	39	
2430	12.1500	-1	32	40	
2431	12.1550	-1	34	42	
2432	12.1600	-1	35	42	
2433	12.1650	-1	36	44	
2434	12.1700	-1	37	44	
2435	12.1750	-1	38	46	
2436	12.1800	-1	39	46	
2437	12.1850	-1	40	47	
2438	12.1900	-1	41	48	
2439	12.1950	-2	42	49	
2440	12.2000	-2	43	50	
2441	12.2050	-2	44	51	
2442	12.2100	-2	45	52	
2443	12.2150	-2	46	52	
2444	12.2200	-2	47	53	
2445	12.2250	-2	48	54	
2446	12.2300	-2	49	55	
2447	12.2350	-2	50	55	
2448	12.2400	-2	50	56	
2449	12.2450	-2	51	57	
2450	12.2500	-2	52	57	
2451	12.2550	-3	53	58	
2452	12.2600	-3	54	58	
2453	12.2650	-3	54	59	
2454	12.2700	-3	55	60	
2455	12.2750	-3	55	60	
2456	12.2800	-3	56	60	
2457	12.2850	-4	56	61	
2458	12.2900	-4	57	61	
2459	12.2950	-4	58	62	
2460	12.3000	-4	58	62	
2461	12.3050	-4	59	62	
2462	12.3100	-4	59	62	
2463	12.3150	-4	59	63	
2464	12.3200	-4	60	63	
2465	12.3250	-4	60	63	
2466	12.3300	-5	60	63	
2467	12.3350	-5	61	63	
2468	12.3400	-5	61	63	
2469	12.3450	-5	61	64	
2470	12.3500	-5	61	64	
2471	12.3550	-6	61	64	
2472	12.3600	-6	62	64	
2473	12.3650	-6	62	64	
2474	12.3700	-6	62	63	
2475	12.3750	-6	62	63	
2476	12.3800	-6	62	63	
2477	12.3850	-6	62	63	
2478	12.3900	-6	62	63	
2479	12.3950	-7	62	62	
2480	12.4000	-7	61	62	
2481	12.4050	-7	61	62	
2482	12.4100	-7	61	62	
2483	12.4150	-7	61	61	
2484	12.4200	-8	61	61	
2485	12.4250	-8	60	60	
2486	12.4300	-8	60	60	
2487	12.4350	-8	60	60	
2488	12.4400	-8	59	59	
2489	12.4450	-8	59	58	
2490	12.4500	-8	58	58	
2491	12.4550	-9	58	57	
2492	12.4600	-9	58	57	
2493	12.4650	-9	57	56	
2494	12.4700	-9	56	56	
2495	12.4750	-9	56	55	
2496	12.4800	-10	55	54	
2497	12.4850	-10	55	53	
2498	12.4900	-10	54	53	
2499	12.4950	-10	53	52	
2500	12.5000	-10	53	51	
2501	12.5050	-10	52	50	
2502	12.5100	-10	51	49	
2503	12.5150	-10	50	48	
2504	12.5200	-11	49	48	
2505	12.5250	-11	49	46	
2506	12.5300	-11	48	46	
2507	12.5350	-11	47	45	
2508	12.5400	-11	46	44	
2509	12.5450	-11	45	43	
2510	12.5500	-12	44	42	
2511	12.5550	-12	43	40	
2512	12.5600	-12	42	40	
2513	12.5650	-12	41	38	
2514	12.5700	-12	40	37	
2515	12.5750	-12	39	36	
2516	12.5800	-12	38	35	
2517	12.5850	-12	37	34	
2518	12.5900	-12	36	33	
2519	12.5950	-13	34	32	
2520	12.6000	-13	33	30	
2521	12.6050	-13	32	29	
2522	12.6100	-13	31	28	
2523	12.6150	-13	30	26	
2524	12.6200	-13	28	25	
2525	12.6250	-13	27	24	
2526	12.6300	-14	26	23	
2527	12.6350	-14	25	21	
2528	12.6400	-14	23	20	
2529	12.6450	-14	22	19	
2530	12.6500	-14	21	18	
2531	12.6550	-14	20	16	
2532	12.6600	-14	18	15	
2533	12.6650	-14	17	13	
2534	12.6700	-14	16	12	
2535	12.6750	-14	14	11	
2536	12.6800	-14	13	9	
2537	12.6850	-14	11	8	
2538	12.6900	-14	10	6	
2539	12.6950	-14	9	5	
2540	12.7000	-14	7	4	
2541	12.7050	-14	6	2	
2542	12.7100	-14	4	1	
2543	12.7150	-15	3	0	
2544	12.7200	-15	1	-2	
2545	12.7250	-15	0	-3	
2546	12.7300	-15	-1	-5	
2547	12.7350	-15	-3	-6	
2548	12.7400	-15	-4	-8	
2549	12.7450	-15	-6	-9	
2550	12.7500	-15	-7	-10	
2551	12.7550	-15	-8	-12	
2552	12.7600	-15	-10	-13	
2553	12.7650	-15	-11	-14	
2554	12.7700	-15	-13	-16	
2555	12.7750	-15	-14	-17	
2556	12.7800	-15	-16	-18	
2557	12.7850	-15	-17	-20	
2558	12.7900	-15	-18	-21	
2559	12.7950	-15	-20	-22	
2560	12.8000	-15	-21	-24	
2561	12.8050	-15	-23	-25	
2562	12.8100	-15	-24	-26	
2563	12.8150	-15	-25	-28	
2564	12.8200	-15	-27	-29	
2565	12.8250	-15	-28	-30	
2566	12.8300	-15	-29	-32	
2567	12.8350	-15	-31	-33	
2568	12.8400	-15	-32	-34	
2569	12.8450	-15	-33	-35	
2570	12.8500	-15	-34	-36	
2571	12.8550	-15	-36	-38	
2572	12.8600	-15	-37	-39	
2573	12.8650	-15	-38	-40	
2574	12.8700	-14	-40	-41	
2575	12.8750	-14	-41	-42	
2576	12.8800	-14	-42	-43	
2577	12.8850	-14	-43	-44	
2578	12.8900	-14	-44	-46	
2579	12.8950	-14	-45	-46	
2580	12.9000	-14	-46	-48	
2581	12.9050	-14	-48	-48	
2582	12.9100	-14	-49	-50	
2583	12.9150	-14	-50	-50	
2584	12.9200	-14	-51	-51	
2585	12.9250	-14	-52	-52	
2586	12.9300	-14	-53	-53	
2587	12.9350	-14	-54	-54	
2588	12.9400	-14	-55	-55	
2589	12.9450	-14	-56	-56	
2590	12.9500	-13	-57	-56	
2591	12.9550	-13	-58	-57	
2592	12.9600	-13	-58	-58	
2593	12.9650	-13	-59	-58	
2594	12.9700	-13	-60	-59	
2595	12.9750	-13	-61	-60	
2596	12.9800	-13	-62	-60	
2597	12.9850	-12	-62	-61	
2598	12.9900	-12	-63	-62	
2599	12.9950	-12	-64	-62	
2600	13.0000	-12	-64	-63	
2601	13.0050	-12	-65	-63	
2602	13.0100	-12	-66	-64	
2603	13.0150	-12	-66	-64	
2604	13.0200	-12	-67	-64	
2605	13.0250	-12	-67	-65	
2606	13.0300	-12	-68	-65	
2607	13.0350	-11	-68	-66	
2608	13.0400	-11	-68	-66	
2609	13.0450	-11	-69	-66	
2610	13.0500	-11	-69	-66	
2611	13.0550	-11	-70	-66	
2612	13.0600	-10	-70	-67	
2613	13.0650	-10	-70	-67	
2614	13.0700	-10	-70	-67	
2615	13.0750	-10	-71	-67	
2616	13.0800	-10	-71	-67	
2617	13.0850	-10	-71	-67	
2618	13.0900	-10	-71	-67	
2619	13.0950	-10	-71	-67	
2620	13.1000	-9	-71	-67	
2621	13.1050	-9	-71	-67	
2622	13.1100	-9	-71	-67	
2623	13.1150	-9	-71	-66	
2624	13.1200	-9	-71	-66	
2625	13.1250	-8	-71	-66	
2626	13.1300	-8	-71	-66	
2627	13.1350	-8	-71	-66	
2628	13.1400	-8	-71	-65	
2629	13.1450	-8	-70	-65	
2630	13.1500	-8	-70	-64	
2631	13.1550	-8	-70	-64	
2632	13.1600	-8	-70	-64	
2633	13.1650	-7	-69	-63	
2634	13.1700	-7	-69	-63	
2635	13.1750	-7	-69	-62	
2636	13.1800	-7	-68	-62	
2637	13.1850	-7	-68	-61	
2638	13.1900	-6	-67	-60	
2639	13.1950	-6	-67	-60	
2640	13.2000	-6	-66	-59	
2641	13.2050	-6	-66	-58	
2642	13.2100	-6	-65	-58	
2643	13.2150	-6	-64	-57	
2644	13.2200	-6	-64	-56	
2645	13.2250	-6	-63	-56	
2646	13.2300	-5	-62	-55	
2647	13.2350	-5	-62	-54	
2648	13.2400	-5	-61	-53	
2649	13.2450	-5	-60	-52	
2650	13.2500	-5	-59	-51	
2651	13.2550	-4	-58	-50	
2652	13.2600	-4	-58	-50	
2653	13.2650	-4	-57	-48	
2654	13.2700	-4	-56	-48	
2655	13.2750	-4	-55	-46	
2656	13.2800	-4	-54	-46	
2657	13.2850	-4	-53	-44	
2658	13.2900	-4	-52	-43	
2659	13.2950	-4	-51	-42	
2660	13.3000	-3	-50	-41	
2661	13.3050	-3	-49	-40	
2662	13.3100	-3	-48	-39	
2663	13.3150	-3	-47	-38	
2664	13.3200	-3	-46	-36	
2665	13.3250	-3	-44	-35	
2666	13.3300	-2	-43	-34	
2667	13.3350	-2	-42	-33	
2668	13.3400	-2	-41	-32	
2669	13.3450	-2	-40	-30	
2670	13.3500	-2	-39	-29	
2671	13.3550	-2	-37	-28	
2672	13.3600	-2	-36	-26	
2673	13.3650	-2	-35	-25	
2674	13.3700	-2	-34	-24	
2675	13.3750	-2	-32	-22	
2676	13.3800	-2	-31	-21	
2677	13.3850	-2	-30	-20	
2678	13.3900	-1	-28	-18	
2679	13.3950	-1	-27	-17	
2680	13.4000	-1	-26	-16	
2681	13.4050	-1	-24	-14	
2682	13.4100	-1	-23	-13	
2683	13.4150	-1	-22	-12	
2684	13.4200	-1	-20	-10	
2685	13.4250	-1	-19	-9	
2686	13.4300	-1	-17	-7	
2687	13.4350	-1	-16	-6	
2688	13.4400	-1	-15	-4	
2689	13.4450	0	-13	-3	
2690	13.4500	0	-12	-2	
2691	13.4550	0	-10	0	
2692	13.4600	0	-9	1	
2693	13.4650	0	-8	2	
2694	13.4700	0	-6	4	
2695	13.4750	0	-5	5	
2696	13.4800	0	-3	7	
2697	13.4850	0	-2	8	
2698	13.4900	0	0	10	
2699	13.4950	0	1	11	
2700	13.5000	0	2	12	
2701	13.5050	0	4	14	
2702	13.5100	0	5	15	
2703	13.5150	0	7	16	
2704	13.5200	0	8	18	
2705	13.5250	0	9	19	
2706	13.5300	0	11	20	
2707	13.5350	0	12	22	
2708	13.5400	0	14	23	
2709	13.5450	0	15	24	
2710	13.5500	0	16	26	
2711	13.5550	0	18	27	
2712	13.5600	0	19	28	
2713	13.5650	0	20	29	
2714	13.5700	0	22	31	
2715	13.5750	0	23	32	
2716	13.5800	0	24	33	
2717	13.5850	0	25	34	
2718	13.5900	0	27	35	
2719	13.5950	0	28	36	
2720	13.6000	0	29	38	
2721	13.6050	-1	30	39	
2722	13.6100	-1	32	40	
2723	13.6150	-1	33	41	
2724	13.6200	-1	34	42	
2725	13.6250	-1	35	43	
2726	13.6300	-1	36	44	
2727	13.6350	-1	37	45	
2728	13.6400	-1	38	46	
2729	13.6450	-1	40	47	
2730	13.6500	-1	40	48	
2731	13.6550	-1	42	49	
2732	13.6600	-2	43	50	
2733	13.6650	-2	44	50	
2734	13.6700	-2	44	51	
2735	13.6750	-2	45	52	
2736	13.6800	-2	46	53	
2737	13.6850	-2	47	54	
2738	13.6900	-2	48	54	
2739	13.6950	-2	49	55	
2740	13.7000	-2	50	56	
2741	13.7050	-2	51	56	
2742	13.7100	-2	52	57	
2743	13.7150	-2	52	58	
2744	13.7200	-3	53	58	
2745	13.7250	-3	54	59	
2746	13.7300	-3	54	59	
2747	13.7350	-3	55	60	
2748	13.7400	-3	56	60	
2749	13.7450	-3	56	61	
2750	13.7500	-4	57	61	
2751	13.7550	-4	57	61	
2752	13.7600	-4	58	62	
2753	13.7650	-4	58	62	
2754	13.7700	-4	59	62	
2755	13.7750	-4	59	63	
2756	13.7800	-4	59	63	
2757	13.7850	-4	60	63	
2758	13.7900	-4	60	63	
2759	13.7950	-5	60	63	
2760	13.8000	-5	61	64	
2761	13.8050	-5	61	64	
2762	13.8100	-5	61	64	
2763	13.8150	-5	61	64	
2764	13.8200	-6	62	64	
2765	13.8250	-6	62	64	
2766	13.8300	-6	62	64	
2767	13.8350	-6	62	64	
2768	13.8400	-6	62	63	
2769	13.8450	-6	62	63	
2770	13.8500	-6	62	63	
2771	13.8550	-6	62	63	
2772	13.8600	-7	62	62	
2773	13.8650	-7	61	62	
2774	13.8700	-7	61	62	
2775	13.8750	-7	61	62	
2776	13.8800	-8	61	61	
2777	13.8850	-8	61	61	
2778	13.8900	-8	60	60	
2779	13.8950	-8	60	60	
2780	13.9000	-8	60	60	
2781	13.9050	-8	59	59	
2782	13.9100	-8	59	58	
2783	13.9150	-8	58	58	
2784	13.9200	-9	58	57	
2785	13.9250	-9	57	57	
2786	13.9300	-9	57	56	
2787	13.9350	-9	56	55	
2788	13.9400	-9	56	55	
2789	13.9450	-10	55	54	
2790	13.9500	-10	54	53	
2791	13.9550	-10	54	52	
2792	13.9600	-10	53	52	
2793	13.9650	-10	52	51	
2794	13.9700	-10	52	50	
2795	13.9750	-10	51	49	
2796	13.9800	-10	50	48	
2797	13.9850	-11	49	47	
2798	13.9900	-11	48	46	
2799	13.9950	-11	48	45	
2800	14.0000	-11	47	44	
2801	14.0050	-11	46	43	
2802	14.0100	-11	45	42	
2803	14.0150	-12	44	41	
2804	14.0200	-12	43	40	
2805	14.0250	-12	42	39	
2806	14.0300	-12	41	38	
2807	14.0350	-12	40	37	
2808	14.0400	-12	39	36	
2809	14.0450	-12	38	35	
2810	14.0500	-12	37	34	
2811	14.0550	-12	35	32	
2812	14.0600	-13	34	31	
2813	14.0650	-13	33	30	
2814	14.0700	-13	32	29	
2815	14.0750	-13	31	28	
2816	14.0800	-13	30	26	
2817	14.0850	-13	28	25	
2818	14.0900	-13	27	24	
2819	14.0950	-14	26	22	
2820	14.1000	-14	25	21	
2821	14.1050	-14	23	20	
2822	14.1100	-14	22	18	
2823	14.1150	-14	21	17	
2824	14.1200	-14	19	16	
2825	14.1250	-14	18	14	
2826	14.1300	-14	17	13	
2827	14.1350	-14	15	12	
2828	14.1400	-14	14	10	
2829	14.1450	-14	12	9	
2830	14.1500	-14	11	8	
2831	14.1550	-14	10	6	
2832	14.1600	-14	8	5	
2833	14.1650	-14	7	3	
2834	14.1700	-14	6	2	
2835	14.1750	-15	4	0	
2836	14.1800	-15	3	-1	
2837	14.1850	-15	1	-2	
2838	14.1900	-15	0	-4	
2839	14.1950	-15	-2	-5	
2840	14.2000	-15	-3	-6	
2841	14.2050	-15	-4	-8	
2842	14.2100	-15	-6	-9	
2843	14.2150	-15	-7	-11	
2844	14.2200	-15	-9	-12	
2845	14.2250	-15	-10	-14	
2846	14.2300	-15	-12	-15	
2847	14.2350	-15	-13	-16	
2848	14.2400	-15	-14	-18	
2849	14.2450	-15	-16	-19	
2850	14.2500	-15	-17	-20	
2851	14.2550	-15	-19	-22	
2852	14.2600	-15	-20	-23	
2853	14.2650	-15	-22	-24	
2854	14.2700	-15	-23	-26	
2855	14.2750	-15	-24	-27	
2856	14.2800	-15	-26	-28	
2857	14.2850	-15	-27	-30	
2858	14.2900	-15	-28	-31	
2859	14.2950	-15	-30	-32	
2860	14.3000	-15	-31	-33	
2861	14.3050	-15	-32	-34	
2862	14.3100	-15	-34	-36	
2863	14.3150	-15	-35	-37	
2864	14.3200	-15	-36	-38	
2865	14.3250	-15	-37	-39	
2866	14.3300	-15	-39	-40	
2867	14.3350	-14	-40	-42	
2868	14.3400	-14	-41	-42	
2869	14.3450	-14	-42	-44	
2870	14.3500	-14	-44	-45	
2871	14.3550	-14	-45	-46	
2872	14.3600	-14	-46	-47	
2873	14.3650	-14	-47	-48	
2874	14.3700	-14	-48	-49	
2875	14.3750	-14	-49	-50	
2876	14.3800	-14	-50	-51	
2877	14.3850	-14	-51	-52	
2878	14.3900	-14	-52	-52	
2879	14.3950	-14	-53	-53	
2880	14.4000	-14	-54	-54	
2881	14.4050	-14	-55	-55	
2882	14.4100	-14	-56	-56	
2883	14.4150	-13	-57	-56	
2884	14.4200	-13	-58	-57	
2885	14.4250	-13	-59	-58	
2886	14.4300	-13	-60	-59	
2887	14.4350	-13	-60	-60	
2888	14.4400	-13	-61	-60	
2889	14.4450	-13	-62	-61	
2890	14.4500	-12	-63	-61	
2891	14.4550	-12	-63	-62	
2892	14.4600	-12	-64	-62	
2893	14.4650	-12	-65	-63	
2894	14.4700	-12	-65	-63	
2895	14.4750	-12	-66	-64	
2896	14.4800	-12	-66	-64	
2897	14.4850	-12	-67	-64	
2898	14.4900	-12	-67	-65	
2899	14.4950	-11	-68	-65	
2900	14.5000	-11	-68	-66	
2901	14.5050	-11	-69	-66	
2902	14.5100	-11	-69	-66	
2903	14.5150	-11	-70	-66	
2904	14.5200	-11	-70	-66	
2905	14.5250	-10	-70	-67	
2906	14.5300	-10	-70	-67	
2907	14.5350	-10	-71	-67	
2908	14.5400	-10	-71	-67	
2909	14.5450	-10	-71	-67	
2910	14.5500	-10	-71	-67	
2911	14.5550	-10	-71	-67	
2912	14.5600	-10	-71	-67	
2913	14.5650	-9	-72	-67	
2914	14.5700	-9	-72	-67	
2915	14.5750	-9	-72	-67	
2916	14.5800	-9	-72	-66	
2917	14.5850	-9	-71	-66	
2918	14.5900	-8	-71	-66	
2919	14.5950	-8	-71	-66	
2920	14.6000	-8	-71	-66	
2921	14.6050	-8	-71	-65	
2922	14.6100	-8	-71	-65	
2923	14.6150	-8	-70	-64	
2924	14.6200	-8	-70	-64	
2925	14.6250	-8	-70	-64	
2926	14.6300	-7	-69	-63	
2927	14.6350	-7	-69	-63	
2928	14.6400	-7	-69	-62	
2929	14.6450	-7	-68	-62	
2930	14.6500	-7	-68	-61	
2931	14.6550	-6	-67	-60	
2932	14.6600	-6	-67	-60	
2933	14.6650	-6	-66	-59	
2934	14.6700	-6	-66	-58	
2935	14.6750	-6	-65	-58	
2936	14.6800	-6	-64	-57	
2937	14.6850	-6	-64	-56	
2938	14.6900	-6	-63	-55	
2939	14.6950	-5	-62	-54	
2940	14.7000	-5	-62	-54	
2941	14.7050	-5	-61	-53	
2942	14.7100	-5	-60	-52	
2943	14.7150	-5	-59	-51	
2944	14.7200	-4	-58	-50	
2945	14.7250	-4	-58	-49	
2946	14.7300	-4	-57	-48	
2947	14.7350	-4	-56	-47	
2948	14.7400	-4	-55	-46	
2949	14.7450	-4	-54	-45	
2950	14.7500	-4	-53	-44	
2951	14.7550	-4	-52	-43	
2952	14.7600	-4	-51	-42	
2953	14.7650	-3	-50	-41	
2954	14.7700	-3	-49	-40	
2955	14.7750	-3	-48	-38	
2956	14.7800	-3	-46	-37	
2957	14.7850	-3	-45	-36	
2958	14.7900	-3	-44	-35	
2959	14.7950	-2	-43	-34	
2960	14.8000	-2	-42	-32	
