0	x	y
	7.8672	-1.8229
	7.5712	-1.698
	7.2753	-1.5731
	6.9794	-1.4482
	6.6834	-1.3325
	6.3875	-1.2176
	6.0915	-1.1027
	5.7956	-1.0015
	5.4997	-0.9077
	5.2037	-0.8139
	4.9078	-0.723
	4.6119	-0.643
	4.3159	-0.5631
	4.02	-0.4866
	3.724	-0.4231
	3.4281	-0.3595
	3.1322	-0.296
	2.8362	-0.2558
	2.5403	-0.2226
	2.2443	-0.1894
	1.9484	-0.1562
1	x	y
	7.7881	-2.3125
	7.4962	-2.1409
	7.2042	-1.9694
	6.9122	-1.7978
	6.6202	-1.6526
	6.3282	-1.5148
	6.0362	-1.377
	5.7442	-1.2545
	5.4523	-1.1351
	5.1603	-1.0156
	4.8683	-0.9038
	4.5763	-0.8063
	4.2843	-0.7087
	3.9923	-0.6145
	3.7003	-0.5302
	3.4083	-0.4458
	3.1164	-0.3615
	2.8244	-0.3047
	2.5324	-0.2552
	2.2404	-0.2057
	1.9484	-0.1562
2	x	y
	7.6037	-2.5104
	7.321	-2.3528
	7.0382	-2.1951
	6.7554	-2.0375
	6.4727	-1.8932
	6.1899	-1.7504
	5.9071	-1.6077
	5.6244	-1.4714
	5.3416	-1.3352
	5.0588	-1.1991
	4.7761	-1.0807
	4.4933	-0.9658
	4.2105	-0.8509
	3.9278	-0.7436
	3.645	-0.6445
	3.3622	-0.5453
	3.0795	-0.4461
	2.7967	-0.3719
	2.5139	-0.3
	2.2312	-0.2281
	1.9484	-0.1562
3	x	y
	6.9978	-2.5312
	6.7427	-2.3123
	6.4876	-2.1246
	6.2325	-1.9874
	5.9774	-1.8502
	5.7223	-1.7083
	5.4672	-1.5601
	5.2121	-1.4119
	4.957	-1.2655
	4.7019	-1.1555
	4.4468	-1.0455
	4.1917	-0.9354
	3.9366	-0.8308
	3.6814	-0.7417
	3.4263	-0.6525
	3.1712	-0.5634
	2.9161	-0.4787
	2.661	-0.4007
	2.4059	-0.3227
	2.1508	-0.2447
	1.8957	-0.1667
4	x	y
	6.1723	-2.5729
	5.9484	-2.3737
	5.7245	-2.1854
	5.5005	-2.026
	5.2766	-1.8667
	5.0527	-1.7301
	4.8288	-1.5955
	4.6048	-1.4613
	4.3809	-1.3347
	4.157	-1.208
	3.933	-1.0814
	3.7091	-0.9727
	3.4852	-0.8722
	3.2613	-0.7717
	3.0373	-0.6712
	2.8134	-0.5794
	2.5895	-0.5052
	2.3655	-0.431
	2.1416	-0.3568
	1.9177	-0.2826
	1.6937	-0.2083
5	x	y
	5.5137	-2.4167
	5.3227	-2.2572
	5.1317	-2.1156
	4.9407	-1.9797
	4.7497	-1.8437
	4.5587	-1.7179
	4.3677	-1.592
	4.1767	-1.4681
	3.9857	-1.3462
	3.7947	-1.2242
	3.6037	-1.1022
	3.4127	-0.9956
	3.2217	-0.8903
	3.0307	-0.7849
	2.8397	-0.6795
	2.6487	-0.6005
	2.4577	-0.522
	2.2667	-0.4436
	2.0757	-0.3652
	1.8847	-0.2868
	1.6937	-0.2083
6	x	y
	5.1537	-2.4375
	4.978	-2.287
	4.8024	-2.1366
	4.6268	-1.9896
	4.4512	-1.8507
	4.2755	-1.7128
	4.0999	-1.5945
	3.9243	-1.4761
	3.7486	-1.3548
	3.573	-1.233
	3.3974	-1.1112
	3.2217	-1
	3.0461	-0.8958
	2.8705	-0.7917
	2.6948	-0.6935
	2.5192	-0.6196
	2.3436	-0.5457
	2.1679	-0.4718
	1.9923	-0.3978
	1.8167	-0.3239
	1.6411	-0.25
7	x	y
	4.9429	-2.4271
	4.7778	-2.2965
	4.6127	-2.166
	4.4476	-2.0379
	4.2825	-1.9129
	4.1175	-1.7879
	3.9524	-1.6563
	3.7873	-1.5243
	3.6222	-1.3965
	3.4571	-1.2728
	3.292	-1.1491
	3.1269	-1.0328
	2.9618	-0.9247
	2.7967	-0.8167
	2.6316	-0.72
	2.4665	-0.6417
	2.3014	-0.5633
	2.1363	-0.485
	1.9712	-0.4067
	1.8061	-0.3283
	1.6411	-0.25
8	x	y
	4.7322	-2.4479
	4.5745	-2.3044
	4.4169	-2.1609
	4.2593	-2.0259
	4.1016	-1.8965
	3.944	-1.7587
	3.7864	-1.61
	3.6288	-1.4612
	3.4711	-1.3397
	3.3135	-1.2187
	3.1559	-1.0998
	2.9982	-0.9934
	2.8406	-0.887
	2.683	-0.7806
	2.5254	-0.7065
	2.3677	-0.6356
	2.2101	-0.5647
	2.0525	-0.4939
	1.8948	-0.423
	1.7372	-0.3521
	1.5796	-0.2812
9	x	y
	4.5565	-2.4583
	4.3993	-2.3037
	4.2422	-2.1491
	4.085	-2.0017
	3.9278	-1.8574
	3.7706	-1.713
	3.6134	-1.5745
	3.4562	-1.4536
	3.299	-1.3328
	3.1418	-1.214
	2.9846	-1.1021
	2.8274	-0.9902
	2.6703	-0.8783
	2.5131	-0.7768
	2.3559	-0.6972
	2.1987	-0.6177
	2.0415	-0.5382
	1.8843	-0.4631
	1.7271	-0.3921
	1.5699	-0.321
	1.4127	-0.25
10		
	4.4	-2.42
	4.2	-2.218
	4	-2.033
	3.8	-1.86
	3.6	-1.694
	3.4	-1.53
	3.2	-1.366
	3	-1.204
	2.8	-1.047
	2.6	-0.905
	2.4	-0.783
	2.2	-0.676
	2	-0.579
	1.8	-0.487
	1.6	-0.395
	1.4	-0.299
11		
	4.2	-2.345
	4	-2.137
	3.8	-1.934
	3.6	-1.742
	3.4	-1.567
	3.2	-1.411
	3	-1.258
	2.8	-1.095
	2.6	-0.94
	2.4	-0.809
	2.2	-0.7
	2	-0.603
	1.8	-0.513
	1.6	-0.422
	1.4	-0.323
12		
	4	-2.285
	3.8	-2.06
	3.6	-1.863
	3.4	-1.687
	3.2	-1.523
	3	-1.362
	2.8	-1.197
	2.6	-1.034
	2.4	-0.883
	2.2	-0.747
	2	-0.623
	1.8	-0.51
	1.6	-0.409
	1.4	-0.321
13		
	4	-2.425
	3.8	-2.197
	3.6	-1.983
	3.4	-1.782
	3.2	-1.596
	3	-1.421
	2.8	-1.256
	2.6	-1.097
	2.4	-0.944
	2.2	-0.8
	2	-0.668
	1.8	-0.55
	1.6	-0.443
	1.4	-0.349
14		
	3.8	-2.264
	3.6	-2.035
	3.4	-1.822
	3.2	-1.624
	3	-1.439
	2.8	-1.265
	2.6	-1.101
	2.4	-0.945
	2.2	-0.8
	2	-0.668
	1.8	-0.55
	1.6	-0.443
	1.4	-0.349
15		
	3.8	-2.335
	3.6	-2.094
	3.4	-1.884
	3.2	-1.686
	3	-1.49
	2.8	-1.304
	2.6	-1.136
	2.4	-0.986
	2.2	-0.846
	2	-0.708
	1.8	-0.571
	1.6	-0.445
	1.4	-0.343
16		
	8.7	-2.395
	8.4	-2.253
	8.1	-2.118
	7.8	-1.987
	7.5	-1.858
	7.2	-1.726
	6.9	-1.589
	6.6	-1.448
	6.3	-1.309
	6	-1.176
	5.7	-1.055
	5.4	-0.946
	5.1	-0.848
	4.8	-0.76
	4.5	-0.68
	4.2	-0.605
	3.9	-0.531
	3.6	-0.458
	3.3	-0.387
	3	-0.321
	2.7	-0.262
	2.4	-0.211
	2.1	-0.171
17		
	7.5	-2.525
	7.2	-2.327
	6.9	-2.144
	6.6	-1.972
	6.3	-1.808
	6	-1.648
	5.7	-1.491
	5.4	-1.341
	5.1	-1.201
	4.8	-1.069
	4.5	-0.945
	4.2	-0.828
	3.9	-0.719
	3.6	-0.616
	3.3	-0.52
	3	-0.432
	2.7	-0.353
	2.4	-0.283
	2.1	-0.224
	1.8	-0.177
18		
	6.75	-2.465
	6.5	-2.283
	6.25	-2.113
	6	-1.953
	5.75	-1.8
	5.5	-1.652
	5.25	-1.513
	5	-1.382
	4.75	-1.258
	4.5	-1.138
	4.25	-1.022
	4	-0.911
	3.75	-0.806
	3.5	-0.708
	3.25	-0.62
	3	-0.538
	2.75	-0.464
	2.5	-0.394
	2.25	-0.328
	2	-0.265
	1.75	-0.203
19		
	6.25	-2.457
	6	-2.261
	5.75	-2.091
	5.5	-1.925
	5.25	-1.756
	5	-1.596
	4.75	-1.449
	4.5	-1.311
	4.25	-1.177
	4	-1.048
	3.75	-0.925
	3.5	-0.809
	3.25	-0.702
	3	-0.604
	2.75	-0.513
	2.5	-0.428
	2.25	-0.35
	2	-0.276
	1.75	-0.207
20		
	5.75	-2.383
	5.5	-2.188
	5.25	-2.015
	5	-1.837
	4.75	-1.656
	4.5	-1.494
	4.25	-1.353
	4	-1.214
	3.75	-1.068
	3.5	-0.923
	3.25	-0.791
	3	-0.675
	2.75	-0.573
	2.5	-0.484
	2.25	-0.405
	2	-0.333
	1.75	-0.268
	1.5	-0.206
21		
	5.5	-2.417
	5.25	-2.197
	5	-2.007
	4.75	-1.83
	4.5	-1.656
	4.25	-1.488
	4	-1.33
	3.75	-1.181
	3.5	-1.037
	3.25	-0.9
	3	-0.769
	2.75	-0.648
	2.5	-0.537
	2.25	-0.436
	2	-0.346
	1.75	-0.269
	1.5	-0.205
22		
	5.25	-2.344
	5	-2.142
	4.75	-1.965
	4.5	-1.785
	4.25	-1.593
	4	-1.405
	3.75	-1.232
	3.5	-1.078
	3.25	-0.939
	3	-0.807
	2.75	-0.679
	2.5	-0.557
	2.25	-0.445
	2	-0.346
	1.75	-0.265
	1.5	-0.204
23		
	5	-2.313
	4.75	-2.099
	4.5	-1.892
	4.25	-1.691
	4	-1.505
	3.75	-1.341
	3.5	-1.181
	3.25	-1.014
	3	-0.859
	2.75	-0.73
	2.5	-0.623
	2.25	-0.527
	2	-0.434
	1.75	-0.333
	1.5	-0.217
24		
	5	-2.441
	4.75	-2.199
	4.5	-1.982
	4.25	-1.789
	4	-1.613
	3.75	-1.433
	3.5	-1.247
	3.25	-1.071
	3	-0.91
	2.75	-0.766
	2.5	-0.636
	2.25	-0.522
	2	-0.421
	1.75	-0.333
	1.5	-0.258
25		
	4.823	-2.505
	4.653	-2.332
	4.483	-2.171
	4.313	-2.02
	4.143	-1.875
	3.973	-1.736
	3.803	-1.6
	3.634	-1.467
	3.464	-1.336
	3.294	-1.209
	3.124	-1.09
	2.954	-0.981
	2.784	-0.881
	2.615	-0.787
	2.445	-0.698
	2.275	-0.613
	2.105	-0.533
	1.935	-0.455
	1.765	-0.381
	1.596	-0.308
	1.426	-0.238
26		
	4.663	-2.515
	4.498	-2.345
	4.332	-2.191
	4.167	-2.048
	4.001	-1.908
	3.836	-1.766
	3.671	-1.62
	3.505	-1.475
	3.34	-1.335
	3.174	-1.203
	3.009	-1.081
	2.843	-0.97
	2.678	-0.868
	2.513	-0.773
	2.347	-0.684
	2.182	-0.601
	2.016	-0.523
	1.851	-0.449
	1.686	-0.379
	1.52	-0.312
	1.355	-0.248
27		
	4.477	-2.515
	4.321	-2.329
	4.166	-2.167
	4.011	-2.022
	3.856	-1.884
	3.701	-1.746
	3.546	-1.6
	3.39	-1.454
	3.235	-1.323
	3.08	-1.216
	2.925	-1.121
	2.769	-1.025
	2.614	-0.925
	2.459	-0.822
	2.304	-0.723
	2.149	-0.63
	1.993	-0.543
	1.838	-0.463
	1.683	-0.39
	1.528	-0.321
	1.372	-0.258
28		
	4.352	-2.526
	4.203	-2.344
	4.055	-2.181
	3.905	-2.033
	3.757	-1.893
	3.608	-1.757
	3.458	-1.62
	3.309	-1.482
	3.161	-1.351
	3.011	-1.233
	2.862	-1.125
	2.714	-1.02
	2.565	-0.916
	2.415	-0.814
	2.266	-0.716
	2.118	-0.623
	1.969	-0.536
	1.819	-0.455
	1.671	-0.381
	1.521	-0.315
	1.372	-0.258
29		
	9.337	-0.258
	8.959	-0.239
	8.581	-0.222
	8.203	-0.207
	7.826	-0.193
	7.448	-0.181
	7.07	-0.169
	6.692	-0.157
	6.314	-0.144
	5.937	-0.131
	5.559	-0.116
	5.181	-0.102
	4.803	-0.093
	4.425	-0.091
	4.048	-0.092
	3.67	-0.094
	3.292	-0.091
	2.914	-0.085
	2.536	-0.078
	2.158	-0.073
	1.781	-0.073
30		
	9.328	-0.598
	8.951	-0.544
	8.573	-0.5
	8.196	-0.465
	7.819	-0.435
	7.441	-0.408
	7.064	-0.38
	6.687	-0.35
	6.309	-0.318
	5.932	-0.284
	5.554	-0.253
	5.177	-0.224
	4.8	-0.196
	4.422	-0.17
	4.045	-0.146
	3.667	-0.127
	3.29	-0.114
	2.913	-0.106
	2.535	-0.098
	2.158	-0.088
	1.781	-0.073
31		
	9.337	-1.011
	8.959	-0.954
	8.581	-0.886
	8.203	-0.812
	7.826	-0.735
	7.448	-0.661
	7.07	-0.594
	6.692	-0.538
	6.314	-0.492
	5.937	-0.447
	5.559	-0.399
	5.181	-0.347
	4.803	-0.299
	4.425	-0.261
	4.048	-0.231
	3.67	-0.203
	3.292	-0.174
	2.914	-0.145
	2.536	-0.116
	2.158	-0.092
	1.781	-0.073
32		
	9.364	-1.413
	8.984	-1.31
	8.605	-1.212
	8.226	-1.116
	7.847	-1.023
	7.468	-0.933
	7.089	-0.844
	6.709	-0.758
	6.33	-0.673
	5.951	-0.594
	5.572	-0.521
	5.193	-0.457
	4.814	-0.398
	4.435	-0.343
	4.055	-0.293
	3.676	-0.247
	3.297	-0.206
	2.918	-0.169
	2.539	-0.135
	2.16	-0.103
	1.781	-0.073
33		
	9.355	-1.67
	8.969	-1.544
	8.582	-1.423
	8.196	-1.308
	7.81	-1.196
	7.424	-1.088
	7.037	-0.982
	6.651	-0.878
	6.265	-0.779
	5.878	-0.687
	5.492	-0.606
	5.106	-0.535
	4.72	-0.468
	4.333	-0.399
	3.947	-0.333
	3.561	-0.274
	3.175	-0.225
	2.789	-0.184
	2.402	-0.15
	2.016	-0.121
	1.63	-0.093
34		
	9.328	-2.062
	8.943	-1.9
	8.558	-1.748
	8.173	-1.606
	7.788	-1.47
	7.404	-1.338
	7.019	-1.21
	6.634	-1.082
	6.249	-0.959
	5.864	-0.846
	5.479	-0.748
	5.094	-0.661
	4.709	-0.577
	4.324	-0.488
	3.939	-0.403
	3.554	-0.328
	3.169	-0.269
	2.784	-0.221
	2.4	-0.18
	2.015	-0.139
	1.63	-0.093
35		
	8.805	-2.536
	8.446	-2.337
	8.087	-2.151
	7.729	-1.976
	7.37	-1.811
	7.011	-1.654
	6.652	-1.504
	6.294	-1.361
	5.935	-1.221
	5.576	-1.085
	5.217	-0.951
	4.859	-0.819
	4.5	-0.697
	4.141	-0.591
	3.782	-0.5
	3.424	-0.419
	3.065	-0.343
	2.706	-0.273
	2.347	-0.207
	1.988	-0.147
	1.63	-0.093
36		
	7.98	-2.546
	7.657	-2.342
	7.334	-2.151
	7.011	-1.97
	6.689	-1.799
	6.366	-1.635
	6.043	-1.476
	5.72	-1.323
	5.397	-1.176
	5.075	-1.04
	4.752	-0.918
	4.429	-0.807
	4.106	-0.702
	3.783	-0.6
	3.46	-0.506
	3.138	-0.423
	2.815	-0.351
	2.492	-0.289
	2.169	-0.233
	1.846	-0.183
	1.523	-0.135
37		
	7.324	-2.526
	7.034	-2.333
	6.744	-2.15
	6.454	-1.976
	6.164	-1.811
	5.874	-1.653
	5.584	-1.502
	5.294	-1.358
	5.003	-1.219
	4.714	-1.088
	4.424	-0.964
	4.134	-0.847
	3.843	-0.738
	3.553	-0.636
	3.263	-0.543
	2.973	-0.459
	2.683	-0.382
	2.393	-0.312
	2.103	-0.248
	1.813	-0.189
	1.523	-0.135
38		
	6.765	-2.536
	6.5	-2.346
	6.235	-2.151
	5.971	-1.96
	5.706	-1.78
	5.441	-1.617
	5.176	-1.473
	4.912	-1.344
	4.647	-1.223
	4.382	-1.104
	4.117	-0.987
	3.853	-0.872
	3.588	-0.759
	3.323	-0.65
	3.059	-0.548
	2.794	-0.453
	2.529	-0.368
	2.264	-0.293
	2	-0.23
	1.735	-0.18
	1.47	-0.145
39		
	6.419	-2.536
	6.172	-2.314
	5.924	-2.123
	5.677	-1.956
	5.429	-1.806
	5.182	-1.666
	4.934	-1.529
	4.687	-1.39
	4.439	-1.244
	4.192	-1.096
	3.945	-0.962
	3.697	-0.849
	3.45	-0.752
	3.202	-0.663
	2.955	-0.574
	2.707	-0.48
	2.46	-0.388
	2.212	-0.302
	1.965	-0.229
	1.717	-0.175
	1.47	-0.145
40		
	6.18	-2.536
	5.936	-2.339
	5.692	-2.151
	5.448	-1.973
	5.204	-1.808
	4.96	-1.658
	4.716	-1.52
	4.472	-1.385
	4.228	-1.249
	3.984	-1.114
	3.741	-0.981
	3.497	-0.853
	3.253	-0.733
	3.009	-0.625
	2.765	-0.531
	2.521	-0.45
	2.277	-0.38
	2.033	-0.318
	1.789	-0.264
	1.546	-0.213
	1.302	-0.166
41		
	5.976	-2.536
	5.742	-2.345
	5.508	-2.162
	5.274	-1.99
	5.041	-1.827
	4.807	-1.676
	4.573	-1.536
	4.34	-1.4
	4.106	-1.262
	3.872	-1.125
	3.639	-0.993
	3.405	-0.872
	3.171	-0.761
	2.938	-0.657
	2.704	-0.557
	2.47	-0.463
	2.236	-0.377
	2.003	-0.302
	1.769	-0.24
	1.535	-0.194
	1.302	-0.166
42		
	5.665	-2.484
	5.447	-2.299
	5.229	-2.129
	5.011	-1.969
	4.793	-1.815
	4.574	-1.664
	4.356	-1.514
	4.138	-1.367
	3.92	-1.228
	3.702	-1.098
	3.483	-0.976
	3.265	-0.864
	3.047	-0.759
	2.829	-0.66
	2.611	-0.565
	2.392	-0.476
	2.174	-0.393
	1.956	-0.319
	1.738	-0.255
	1.52	-0.203
	1.302	-0.166
43		
	5.355	-2.474
	5.152	-2.286
	4.949	-2.122
	4.747	-1.972
	4.544	-1.828
	4.341	-1.683
	4.139	-1.53
	3.936	-1.38
	3.734	-1.24
	3.531	-1.112
	3.328	-0.993
	3.125	-0.881
	2.923	-0.775
	2.72	-0.675
	2.517	-0.58
	2.315	-0.49
	2.112	-0.407
	1.91	-0.332
	1.707	-0.266
	1.504	-0.21
	1.302	-0.166
44		
	5.142	-2.484
	4.95	-2.293
	4.758	-2.129
	4.566	-1.984
	4.374	-1.846
	4.182	-1.709
	3.99	-1.564
	3.798	-1.417
	3.606	-1.277
	3.414	-1.147
	3.222	-1.025
	3.03	-0.909
	2.838	-0.799
	2.646	-0.697
	2.454	-0.604
	2.262	-0.521
	2.07	-0.445
	1.878	-0.373
	1.686	-0.304
	1.494	-0.236
	1.302	-0.166
45		
	4.956	-2.495
	4.768	-2.314
	4.581	-2.143
	4.393	-1.979
	4.205	-1.822
	4.018	-1.669
	3.83	-1.52
	3.643	-1.378
	3.455	-1.247
	3.267	-1.126
	3.08	-1.01
	2.892	-0.897
	2.705	-0.786
	2.517	-0.681
	2.329	-0.585
	2.142	-0.497
	1.954	-0.419
	1.767	-0.348
	1.579	-0.286
	1.392	-0.232
	1.204	-0.186
46		
	4.778	-2.464
	4.6	-2.271
	4.421	-2.107
	4.242	-1.962
	4.063	-1.825
	3.885	-1.685
	3.706	-1.537
	3.527	-1.389
	3.349	-1.252
	3.17	-1.127
	2.991	-1.011
	2.812	-0.902
	2.634	-0.797
	2.455	-0.695
	2.276	-0.597
	2.098	-0.504
	1.919	-0.417
	1.74	-0.34
	1.561	-0.274
	1.383	-0.222
	1.204	-0.186
47		
	9.293	-0.196
	8.907	-0.184
	8.521	-0.175
	8.135	-0.169
	7.749	-0.165
	7.364	-0.162
	6.978	-0.159
	6.592	-0.155
	6.206	-0.149
	5.82	-0.14
	5.435	-0.129
	5.049	-0.12
	4.663	-0.114
	4.277	-0.112
	3.891	-0.112
	3.506	-0.108
	3.12	-0.099
	2.734	-0.086
	2.348	-0.081
	1.962	-0.083
	1.577	-0.083
48		
	9.293	-0.949
	8.907	-0.875
	8.521	-0.805
	8.135	-0.738
	7.749	-0.675
	7.364	-0.616
	6.978	-0.56
	6.592	-0.508
	6.206	-0.459
	5.82	-0.414
	5.435	-0.372
	5.049	-0.332
	4.663	-0.295
	4.277	-0.26
	3.891	-0.227
	3.506	-0.196
	3.12	-0.167
	2.734	-0.135
	2.348	-0.1
	1.962	-0.076
	1.577	-0.083
49		
	9.302	-1.536
	8.915	-1.425
	8.529	-1.313
	8.143	-1.203
	7.756	-1.095
	7.37	-0.993
	6.984	-0.899
	6.598	-0.813
	6.212	-0.731
	5.825	-0.648
	5.439	-0.564
	5.053	-0.485
	4.667	-0.415
	4.28	-0.357
	3.894	-0.306
	3.508	-0.258
	3.122	-0.21
	2.735	-0.167
	2.349	-0.132
	1.963	-0.104
	1.577	-0.083
50		
	9.302	-2.185
	8.915	-2.016
	8.529	-1.857
	8.143	-1.706
	7.756	-1.561
	7.37	-1.42
	6.984	-1.28
	6.598	-1.141
	6.212	-1.008
	5.825	-0.887
	5.439	-0.78
	5.053	-0.682
	4.667	-0.587
	4.28	-0.495
	3.894	-0.41
	3.508	-0.34
	3.122	-0.283
	2.735	-0.231
	2.349	-0.179
	1.963	-0.127
	1.577	-0.083
51		
	8.982	-2.515
	8.61	-2.324
	8.237	-2.14
	7.865	-1.964
	7.492	-1.797
	7.12	-1.638
	6.747	-1.486
	6.375	-1.34
	6.002	-1.196
	5.63	-1.053
	5.257	-0.916
	4.885	-0.791
	4.512	-0.682
	4.14	-0.587
	3.767	-0.497
	3.395	-0.408
	3.022	-0.322
	2.65	-0.247
	2.277	-0.186
	1.905	-0.141
	1.532	-0.114
52		
	8.175	-2.515
	7.843	-2.337
	7.511	-2.163
	7.179	-1.993
	6.847	-1.824
	6.514	-1.655
	6.182	-1.488
	5.85	-1.332
	5.518	-1.193
	5.186	-1.065
	4.854	-0.943
	4.522	-0.82
	4.189	-0.7
	3.857	-0.593
	3.525	-0.506
	3.193	-0.432
	2.861	-0.357
	2.529	-0.28
	2.197	-0.208
	1.864	-0.149
	1.532	-0.114
53		
	7.661	-2.526
	7.353	-2.336
	7.046	-2.151
	6.739	-1.974
	6.431	-1.805
	6.124	-1.646
	5.817	-1.497
	5.51	-1.356
	5.202	-1.224
	4.895	-1.097
	4.588	-0.972
	4.28	-0.849
	3.973	-0.731
	3.666	-0.62
	3.358	-0.519
	3.051	-0.431
	2.744	-0.355
	2.436	-0.289
	2.129	-0.231
	1.822	-0.177
	1.514	-0.124
54		
	7.164	-2.526
	6.882	-2.339
	6.599	-2.153
	6.317	-1.97
	6.034	-1.795
	5.752	-1.63
	5.469	-1.476
	5.187	-1.336
	4.904	-1.207
	4.622	-1.086
	4.339	-0.969
	4.057	-0.856
	3.774	-0.745
	3.492	-0.639
	3.209	-0.538
	2.927	-0.447
	2.644	-0.367
	2.362	-0.298
	2.079	-0.236
	1.797	-0.179
	1.514	-0.124
55		
	6.818	-2.515
	6.553	-2.308
	6.288	-2.131
	6.023	-1.973
	5.757	-1.823
	5.492	-1.673
	5.227	-1.525
	4.962	-1.38
	4.697	-1.239
	4.431	-1.105
	4.166	-0.98
	3.901	-0.863
	3.636	-0.752
	3.371	-0.645
	3.105	-0.544
	2.84	-0.453
	2.575	-0.373
	2.31	-0.304
	2.045	-0.241
	1.78	-0.183
	1.514	-0.124
56		
	6.543	-2.526
	6.29	-2.335
	6.037	-2.16
	5.784	-1.994
	5.53	-1.833
	5.277	-1.674
	5.024	-1.519
	4.771	-1.374
	4.517	-1.239
	4.264	-1.111
	4.011	-0.989
	3.758	-0.872
	3.505	-0.76
	3.251	-0.652
	2.998	-0.552
	2.745	-0.464
	2.492	-0.391
	2.239	-0.328
	1.985	-0.27
	1.732	-0.214
	1.479	-0.155
57		
	6.295	-2.495
	6.054	-2.308
	5.813	-2.14
	5.573	-1.983
	5.332	-1.826
	5.091	-1.669
	4.85	-1.517
	4.609	-1.38
	4.369	-1.254
	4.128	-1.13
	3.887	-1.002
	3.646	-0.876
	3.405	-0.756
	3.164	-0.648
	2.924	-0.552
	2.683	-0.468
	2.442	-0.394
	2.201	-0.329
	1.961	-0.269
	1.72	-0.212
	1.479	-0.155
58		
	5.896	-2.484
	5.67	-2.301
	5.445	-2.134
	5.22	-1.978
	4.995	-1.827
	4.769	-1.678
	4.544	-1.531
	4.319	-1.387
	4.094	-1.248
	3.868	-1.116
	3.643	-0.994
	3.418	-0.88
	3.193	-0.772
	2.967	-0.668
	2.742	-0.573
	2.517	-0.487
	2.291	-0.413
	2.066	-0.346
	1.841	-0.284
	1.615	-0.225
	1.39	-0.166
59		
	5.585	-2.453
	5.376	-2.285
	5.166	-2.116
	4.956	-1.95
	4.746	-1.794
	4.537	-1.65
	4.327	-1.513
	4.117	-1.379
	3.907	-1.244
	3.698	-1.114
	3.488	-0.994
	3.278	-0.883
	3.068	-0.783
	2.859	-0.69
	2.649	-0.602
	2.439	-0.514
	2.229	-0.425
	2.02	-0.34
	1.81	-0.265
	1.6	-0.205
	1.39	-0.166
60		
	5.364	-2.453
	5.164	-2.292
	4.964	-2.125
	4.765	-1.959
	4.565	-1.804
	4.366	-1.666
	4.166	-1.535
	3.967	-1.4
	3.767	-1.262
	3.568	-1.132
	3.368	-1.019
	3.168	-0.918
	2.969	-0.817
	2.769	-0.711
	2.57	-0.607
	2.37	-0.513
	2.171	-0.433
	1.971	-0.362
	1.772	-0.296
	1.572	-0.232
	1.372	-0.166
61		
	5.186	-2.474
	4.996	-2.308
	4.805	-2.139
	4.614	-1.973
	4.424	-1.815
	4.233	-1.669
	4.042	-1.533
	3.851	-1.401
	3.661	-1.27
	3.47	-1.143
	3.279	-1.026
	3.089	-0.917
	2.898	-0.811
	2.707	-0.705
	2.517	-0.606
	2.326	-0.518
	2.135	-0.443
	1.945	-0.374
	1.754	-0.308
	1.563	-0.24
	1.372	-0.166
62		
	9.328	-0.186
	8.929	-0.169
	8.53	-0.156
	8.131	-0.147
	7.732	-0.141
	7.333	-0.137
	6.933	-0.134
	6.534	-0.131
	6.135	-0.127
	5.736	-0.118
	5.337	-0.109
	4.938	-0.103
	4.539	-0.103
	4.14	-0.104
	3.741	-0.102
	3.342	-0.097
	2.942	-0.093
	2.543	-0.093
	2.144	-0.094
	1.745	-0.092
	1.346	-0.083
63		
	9.293	-0.712
	8.895	-0.633
	8.498	-0.576
	8.101	-0.535
	7.703	-0.5
	7.306	-0.465
	6.909	-0.422
	6.511	-0.369
	6.114	-0.317
	5.717	-0.279
	5.319	-0.253
	4.922	-0.232
	4.525	-0.212
	4.127	-0.193
	3.73	-0.175
	3.333	-0.156
	2.935	-0.132
	2.538	-0.104
	2.141	-0.08
	1.743	-0.07
	1.346	-0.083
64		
	9.044	-1.155
	8.659	-1.075
	8.274	-0.986
	7.89	-0.893
	7.505	-0.803
	7.12	-0.72
	6.735	-0.651
	6.35	-0.589
	5.965	-0.527
	5.58	-0.46
	5.195	-0.395
	4.81	-0.343
	4.425	-0.305
	4.04	-0.275
	3.655	-0.244
	3.27	-0.212
	2.886	-0.179
	2.501	-0.144
	2.116	-0.113
	1.731	-0.091
	1.346	-0.083
65		
	9.089	-1.547
	8.702	-1.418
	8.314	-1.299
	7.927	-1.187
	7.54	-1.079
	7.153	-0.976
	6.766	-0.873
	6.379	-0.774
	5.992	-0.68
	5.604	-0.596
	5.217	-0.52
	4.83	-0.454
	4.443	-0.396
	4.056	-0.343
	3.669	-0.293
	3.282	-0.245
	2.895	-0.198
	2.507	-0.153
	2.12	-0.115
	1.733	-0.09
	1.346	-0.083
66		
	9.035	-1.887
	8.651	-1.727
	8.267	-1.584
	7.882	-1.454
	7.498	-1.33
	7.113	-1.209
	6.729	-1.086
	6.344	-0.965
	5.96	-0.849
	5.575	-0.742
	5.191	-0.646
	4.806	-0.562
	4.422	-0.488
	4.037	-0.418
	3.653	-0.347
	3.268	-0.277
	2.884	-0.212
	2.499	-0.157
	2.115	-0.115
	1.73	-0.089
	1.346	-0.083
67		
	9.027	-2.227
	8.643	-2.051
	8.259	-1.888
	7.874	-1.735
	7.49	-1.587
	7.106	-1.441
	6.722	-1.294
	6.338	-1.149
	5.954	-1.017
	5.57	-0.902
	5.186	-0.796
	4.802	-0.692
	4.418	-0.588
	4.034	-0.49
	3.65	-0.401
	3.266	-0.324
	2.882	-0.26
	2.498	-0.21
	2.114	-0.167
	1.73	-0.127
	1.346	-0.083
68		
	8.991	-2.546
	8.609	-2.386
	8.227	-2.212
	7.844	-2.029
	7.462	-1.844
	7.08	-1.662
	6.698	-1.489
	6.315	-1.326
	5.933	-1.173
	5.551	-1.028
	5.168	-0.893
	4.786	-0.768
	4.404	-0.652
	4.022	-0.545
	3.639	-0.447
	3.257	-0.359
	2.875	-0.284
	2.493	-0.221
	2.11	-0.169
	1.728	-0.124
	1.346	-0.083
69		
	8.424	-2.546
	8.07	-2.341
	7.716	-2.15
	7.362	-1.97
	7.008	-1.799
	6.654	-1.633
	6.3	-1.47
	5.946	-1.311
	5.593	-1.16
	5.239	-1.02
	4.885	-0.894
	4.531	-0.781
	4.177	-0.677
	3.823	-0.579
	3.469	-0.482
	3.115	-0.39
	2.761	-0.308
	2.408	-0.243
	2.054	-0.189
	1.7	-0.139
	1.346	-0.083
70		
	7.936	-2.546
	7.605	-2.342
	7.274	-2.146
	6.943	-1.958
	6.612	-1.779
	6.282	-1.611
	5.951	-1.452
	5.62	-1.302
	5.289	-1.159
	4.958	-1.022
	4.628	-0.895
	4.297	-0.776
	3.966	-0.667
	3.635	-0.565
	3.304	-0.47
	2.973	-0.383
	2.643	-0.305
	2.312	-0.237
	1.981	-0.179
	1.65	-0.134
	1.319	-0.104
72		
	7.572	-2.536
	7.259	-2.32
	6.947	-2.13
	6.634	-1.958
	6.321	-1.797
	6.009	-1.64
	5.696	-1.481
	5.384	-1.326
	5.071	-1.183
	4.758	-1.054
	4.446	-0.935
	4.133	-0.817
	3.82	-0.701
	3.508	-0.591
	3.195	-0.494
	2.882	-0.409
	2.57	-0.332
	2.257	-0.263
	1.945	-0.201
	1.632	-0.148
	1.319	-0.104
73		
	7.226	-2.495
	6.931	-2.301
	6.635	-2.109
	6.34	-1.924
	6.045	-1.75
	5.749	-1.59
	5.454	-1.447
	5.159	-1.316
	4.863	-1.188
	4.568	-1.061
	4.273	-0.936
	3.977	-0.816
	3.682	-0.704
	3.387	-0.601
	3.091	-0.509
	2.796	-0.426
	2.501	-0.348
	2.205	-0.272
	1.91	-0.203
	1.615	-0.144
	1.319	-0.104
74		
	6.783	-2.505
	6.51	-2.318
	6.236	-2.131
	5.963	-1.95
	5.69	-1.778
	5.417	-1.619
	5.144	-1.477
	4.871	-1.348
	4.597	-1.22
	4.324	-1.085
	4.051	-0.946
	3.778	-0.817
	3.505	-0.705
	3.231	-0.607
	2.958	-0.515
	2.685	-0.426
	2.412	-0.347
	2.139	-0.284
	1.866	-0.231
	1.592	-0.175
	1.319	-0.104
75		
	6.401	-2.505
	6.147	-2.305
	5.893	-2.118
	5.639	-1.942
	5.385	-1.778
	5.131	-1.626
	4.877	-1.485
	4.623	-1.353
	4.369	-1.226
	4.114	-1.1
	3.86	-0.976
	3.606	-0.855
	3.352	-0.74
	3.098	-0.631
	2.844	-0.533
	2.59	-0.446
	2.336	-0.368
	2.082	-0.297
	1.827	-0.231
	1.573	-0.167
	1.319	-0.104
76		
	6.109	-2.484
	5.875	-2.302
	5.642	-2.129
	5.409	-1.966
	5.176	-1.81
	4.942	-1.66
	4.709	-1.514
	4.476	-1.372
	4.243	-1.235
	4.009	-1.104
	3.776	-0.98
	3.543	-0.863
	3.309	-0.755
	3.076	-0.657
	2.843	-0.569
	2.61	-0.491
	2.376	-0.418
	2.143	-0.341
	1.91	-0.262
	1.677	-0.193
	1.444	-0.145
77		
	5.825	-2.464
	5.606	-2.273
	5.387	-2.099
	5.168	-1.938
	4.949	-1.788
	4.729	-1.644
	4.51	-1.505
	4.291	-1.37
	4.072	-1.239
	3.853	-1.115
	3.634	-0.996
	3.415	-0.882
	3.196	-0.772
	2.977	-0.667
	2.758	-0.57
	2.539	-0.483
	2.32	-0.403
	2.101	-0.325
	1.882	-0.251
	1.663	-0.189
	1.444	-0.145
78		
	8.991	-0.135
	8.59	-0.144
	8.189	-0.146
	7.788	-0.143
	7.388	-0.138
	6.987	-0.135
	6.586	-0.135
	6.185	-0.135
	5.784	-0.132
	5.383	-0.123
	4.982	-0.113
	4.581	-0.105
	4.181	-0.097
	3.78	-0.091
	3.379	-0.086
	2.978	-0.083
	2.577	-0.083
	2.176	-0.084
	1.775	-0.082
	1.374	-0.076
	0.973	-0.063
79		
	9.027	-0.516
	8.624	-0.473
	8.221	-0.432
	7.819	-0.392
	7.416	-0.354
	7.013	-0.319
	6.611	-0.289
	6.208	-0.261
	5.805	-0.235
	5.403	-0.211
	5	-0.186
	4.597	-0.162
	4.195	-0.142
	3.792	-0.131
	3.389	-0.129
	2.987	-0.124
	2.584	-0.112
	2.181	-0.094
	1.779	-0.076
	1.376	-0.064
	0.973	-0.063
80		
	9	-0.846
	8.599	-0.785
	8.197	-0.723
	7.796	-0.662
	7.395	-0.602
	6.993	-0.545
	6.592	-0.493
	6.191	-0.443
	5.789	-0.394
	5.388	-0.346
	4.987	-0.306
	4.585	-0.276
	4.184	-0.25
	3.783	-0.224
	3.381	-0.195
	2.98	-0.166
	2.579	-0.14
	2.177	-0.116
	1.776	-0.096
	1.375	-0.078
	0.973	-0.063
81		
	8.973	-1.237
	8.573	-1.127
	8.173	-1.028
	7.773	-0.938
	7.373	-0.853
	6.973	-0.771
	6.573	-0.688
	6.173	-0.607
	5.773	-0.532
	5.373	-0.464
	4.973	-0.406
	4.573	-0.356
	4.173	-0.312
	3.773	-0.27
	3.373	-0.228
	2.973	-0.187
	2.573	-0.151
	2.173	-0.119
	1.773	-0.094
	1.373	-0.074
	0.973	-0.063
82		
	9.018	-1.536
	8.616	-1.408
	8.213	-1.287
	7.811	-1.172
	7.409	-1.062
	7.007	-0.956
	6.604	-0.854
	6.202	-0.757
	5.8	-0.668
	5.398	-0.588
	4.996	-0.515
	4.593	-0.449
	4.191	-0.387
	3.789	-0.326
	3.387	-0.266
	2.984	-0.21
	2.582	-0.162
	2.18	-0.123
	1.778	-0.093
	1.376	-0.073
	0.973	-0.063
83		
	9.018	-1.856
	8.616	-1.71
	8.213	-1.566
	7.811	-1.425
	7.409	-1.289
	7.007	-1.158
	6.604	-1.034
	6.202	-0.917
	5.8	-0.806
	5.398	-0.701
	4.996	-0.606
	4.593	-0.52
	4.191	-0.444
	3.789	-0.376
	3.387	-0.315
	2.984	-0.261
	2.582	-0.214
	2.18	-0.171
	1.778	-0.132
	1.376	-0.096
	0.973	-0.063
84		
	9.018	-2.124
	8.616	-1.935
	8.213	-1.77
	7.811	-1.622
	7.409	-1.482
	7.007	-1.343
	6.604	-1.2
	6.202	-1.057
	5.8	-0.92
	5.398	-0.796
	4.996	-0.69
	4.593	-0.603
	4.191	-0.526
	3.789	-0.443
	3.387	-0.355
	2.984	-0.273
	2.582	-0.211
	2.18	-0.166
	1.778	-0.131
	1.376	-0.099
	0.973	-0.063
85		
	9.018	-2.402
	8.616	-2.204
	8.213	-2.016
	7.811	-1.836
	7.409	-1.662
	7.007	-1.494
	6.604	-1.33
	6.202	-1.173
	5.8	-1.028
	5.398	-0.898
	4.996	-0.784
	4.593	-0.684
	4.191	-0.591
	3.789	-0.494
	3.387	-0.393
	2.984	-0.301
	2.582	-0.229
	2.18	-0.175
	1.778	-0.132
	1.376	-0.097
	0.973	-0.063
86		
	8.858	-2.556
	8.464	-2.341
	8.07	-2.147
	7.675	-1.966
	7.281	-1.788
	6.887	-1.607
	6.493	-1.421
	6.098	-1.246
	5.704	-1.095
	5.31	-0.967
	4.916	-0.849
	4.522	-0.735
	4.127	-0.625
	3.733	-0.522
	3.339	-0.426
	2.945	-0.338
	2.55	-0.259
	2.156	-0.19
	1.762	-0.133
	1.368	-0.09
	0.973	-0.063
87		
	8.406	-2.567
	8.034	-2.367
	7.662	-2.156
	7.291	-1.945
	6.919	-1.745
	6.548	-1.565
	6.176	-1.402
	5.804	-1.249
	5.433	-1.105
	5.061	-0.968
	4.69	-0.839
	4.318	-0.718
	3.946	-0.607
	3.575	-0.508
	3.203	-0.42
	2.832	-0.343
	2.46	-0.275
	2.088	-0.216
	1.717	-0.162
	1.345	-0.112
	0.973	-0.063
88		
	8.051	-2.556
	7.697	-2.351
	7.343	-2.139
	6.989	-1.932
	6.635	-1.743
	6.282	-1.577
	5.928	-1.421
	5.574	-1.263
	5.22	-1.11
	4.866	-0.97
	4.512	-0.845
	4.158	-0.731
	3.804	-0.622
	3.451	-0.518
	3.097	-0.423
	2.743	-0.341
	2.389	-0.27
	2.035	-0.209
	1.681	-0.155
	1.327	-0.107
	0.973	-0.063
89		
	7.475	-2.536
	7.177	-2.352
	6.879	-2.167
	6.582	-1.984
	6.284	-1.807
	5.987	-1.641
	5.689	-1.488
	5.392	-1.347
	5.094	-1.217
	4.797	-1.094
	4.499	-0.973
	4.201	-0.855
	3.904	-0.741
	3.606	-0.633
	3.309	-0.533
	3.011	-0.443
	2.714	-0.365
	2.416	-0.298
	2.118	-0.241
	1.821	-0.19
	1.523	-0.145
90		
	7.031	-2.556
	6.756	-2.331
	6.48	-2.145
	6.205	-1.978
	5.93	-1.808
	5.654	-1.631
	5.379	-1.471
	5.103	-1.332
	4.828	-1.207
	4.552	-1.086
	4.277	-0.967
	4.002	-0.854
	3.726	-0.75
	3.451	-0.654
	3.176	-0.563
	2.9	-0.475
	2.625	-0.39
	2.349	-0.31
	2.074	-0.24
	1.799	-0.183
	1.523	-0.145
91		
	6.694	-2.536
	6.436	-2.329
	6.177	-2.134
	5.918	-1.956
	5.66	-1.797
	5.401	-1.65
	5.143	-1.507
	4.884	-1.368
	4.626	-1.236
	4.367	-1.112
	4.109	-0.995
	3.85	-0.883
	3.592	-0.777
	3.333	-0.676
	3.075	-0.58
	2.816	-0.489
	2.557	-0.404
	2.299	-0.327
	2.04	-0.257
	1.782	-0.196
	1.523	-0.145
92		
	6.446	-2.536
	6.199	-2.321
	5.952	-2.138
	5.706	-1.969
	5.459	-1.804
	5.213	-1.649
	4.966	-1.505
	4.72	-1.371
	4.473	-1.246
	4.227	-1.128
	3.98	-1.015
	3.734	-0.903
	3.487	-0.791
	3.24	-0.684
	2.994	-0.584
	2.747	-0.494
	2.501	-0.414
	2.254	-0.343
	2.007	-0.281
	1.761	-0.225
	1.514	-0.176
93		
	7.989	1.422
	7.677	1.237
	7.365	1.101
	7.052	0.998
	6.74	0.914
	6.428	0.835
	6.116	0.754
	5.804	0.672
	5.491	0.59
	5.179	0.511
	4.867	0.436
	4.555	0.366
	4.243	0.302
	3.93	0.241
	3.618	0.179
	3.306	0.121
	2.994	0.069
	2.682	0.027
	2.369	-0.005
	2.057	-0.027
	1.745	-0.042
94		
	8.051	1.957
	7.736	1.775
	7.42	1.626
	7.105	1.498
	6.79	1.378
	6.475	1.253
	6.159	1.118
	5.844	0.986
	5.529	0.869
	5.213	0.764
	4.898	0.665
	4.583	0.567
	4.267	0.469
	3.952	0.378
	3.637	0.298
	3.322	0.23
	3.006	0.172
	2.691	0.12
	2.376	0.073
	2.06	0.029
	1.745	-0.011
95		
	8.051	2.421
	7.736	2.25
	7.42	2.077
	7.105	1.905
	6.79	1.736
	6.475	1.574
	6.159	1.419
	5.844	1.272
	5.529	1.13
	5.213	0.996
	4.898	0.873
	4.583	0.761
	4.267	0.656
	3.952	0.548
	3.637	0.438
	3.322	0.336
	3.006	0.254
	2.691	0.188
	2.376	0.127
	2.06	0.064
	1.745	-0.011
96		
	7.492	2.524
	7.205	2.373
	6.918	2.187
	6.63	1.985
	6.343	1.786
	6.055	1.607
	5.768	1.46
	5.481	1.325
	5.193	1.181
	4.906	1.031
	4.619	0.897
	4.331	0.793
	4.044	0.703
	3.757	0.599
	3.469	0.485
	3.182	0.377
	2.895	0.286
	2.607	0.207
	2.32	0.135
	2.032	0.064
	1.745	-0.011
97		
	6.481	2.524
	6.245	2.353
	6.008	2.165
	5.772	1.986
	5.536	1.825
	5.299	1.674
	5.063	1.527
	4.827	1.384
	4.59	1.249
	4.354	1.124
	4.117	1.006
	3.881	0.89
	3.645	0.773
	3.408	0.659
	3.172	0.551
	2.936	0.451
	2.699	0.359
	2.463	0.276
	2.227	0.202
	1.99	0.137
	1.754	0.082
98		
	5.905	2.524
	5.697	2.364
	5.49	2.192
	5.282	2.033
	5.075	1.901
	4.867	1.774
	4.659	1.623
	4.452	1.462
	4.244	1.313
	4.037	1.18
	3.829	1.056
	3.622	0.934
	3.414	0.817
	3.207	0.708
	2.999	0.609
	2.792	0.519
	2.584	0.437
	2.376	0.36
	2.169	0.286
	1.961	0.215
	1.754	0.144
99		
	5.39	2.452
	5.208	2.314
	5.027	2.162
	4.845	2.013
	4.663	1.874
	4.481	1.742
	4.299	1.612
	4.117	1.481
	3.936	1.346
	3.754	1.207
	3.572	1.072
	3.39	0.953
	3.208	0.853
	3.027	0.758
	2.845	0.662
	2.663	0.567
	2.481	0.474
	2.299	0.389
	2.118	0.312
	1.936	0.246
	1.754	0.195
100		
	5.071	2.442
	4.9	2.311
	4.729	2.158
	4.557	2.001
	4.386	1.855
	4.215	1.716
	4.044	1.581
	3.873	1.448
	3.702	1.316
	3.53	1.189
	3.359	1.068
	3.188	0.959
	3.017	0.862
	2.846	0.769
	2.674	0.674
	2.503	0.58
	2.332	0.488
	2.161	0.402
	1.99	0.322
	1.819	0.253
	1.648	0.195
101		
	4.823	2.432
	4.665	2.284
	4.507	2.152
	4.349	2.02
	4.191	1.874
	4.033	1.722
	3.875	1.583
	3.717	1.456
	3.56	1.339
	3.402	1.229
	3.244	1.121
	3.086	1.011
	2.928	0.895
	2.77	0.782
	2.612	0.679
	2.454	0.588
	2.297	0.506
	2.139	0.433
	1.981	0.366
	1.823	0.304
	1.665	0.247
102		
	4.681	2.463
	4.521	2.283
	4.361	2.135
	4.202	2.004
	4.042	1.872
	3.882	1.738
	3.723	1.602
	3.563	1.469
	3.404	1.343
	3.244	1.224
	3.084	1.11
	2.925	0.996
	2.765	0.877
	2.605	0.758
	2.446	0.65
	2.286	0.558
	2.126	0.478
	1.967	0.406
	1.807	0.338
	1.648	0.269
	1.488	0.195
103		
	4.53	2.473
	4.374	2.291
	4.218	2.14
	4.062	2.001
	3.905	1.86
	3.749	1.714
	3.593	1.568
	3.437	1.428
	3.281	1.302
	3.125	1.188
	2.969	1.079
	2.813	0.969
	2.657	0.852
	2.501	0.735
	2.345	0.629
	2.188	0.539
	2.032	0.46
	1.876	0.39
	1.72	0.325
	1.564	0.261
	1.408	0.195
104		
	4.415	2.463
	4.264	2.289
	4.114	2.144
	3.964	2.009
	3.813	1.869
	3.663	1.723
	3.513	1.578
	3.362	1.44
	3.212	1.31
	3.062	1.19
	2.911	1.076
	2.761	0.969
	2.611	0.867
	2.46	0.767
	2.31	0.671
	2.16	0.579
	2.009	0.49
	1.859	0.407
	1.709	0.329
	1.558	0.258
	1.408	0.195
105		
	4.22	2.452
	4.071	2.268
	3.922	2.102
	3.774	1.955
	3.625	1.822
	3.477	1.683
	3.328	1.533
	3.18	1.383
	3.031	1.248
	2.882	1.126
	2.734	1.015
	2.585	0.909
	2.437	0.805
	2.288	0.704
	2.14	0.61
	1.991	0.523
	1.843	0.443
	1.694	0.367
	1.546	0.296
	1.397	0.229
	1.248	0.164
106		
	4.113	2.463
	3.97	2.294
	3.827	2.132
	3.683	1.98
	3.54	1.836
	3.397	1.695
	3.254	1.551
	3.11	1.41
	2.967	1.277
	2.824	1.157
	2.681	1.047
	2.537	0.945
	2.394	0.849
	2.251	0.755
	2.108	0.66
	1.964	0.565
	1.821	0.473
	1.678	0.387
	1.535	0.308
	1.392	0.24
	1.248	0.185
107		
	4.033	2.483
	3.895	2.321
	3.757	2.163
	3.618	2.009
	3.48	1.862
	3.342	1.724
	3.203	1.594
	3.065	1.47
	2.926	1.348
	2.788	1.225
	2.65	1.104
	2.511	0.987
	2.373	0.877
	2.235	0.776
	2.096	0.683
	1.958	0.597
	1.819	0.516
	1.681	0.438
	1.543	0.36
	1.404	0.28
	1.266	0.195
108		
	3.953	2.493
	3.818	2.374
	3.682	2.193
	3.546	2.01
	3.411	1.868
	3.275	1.74
	3.139	1.595
	3.003	1.448
	2.868	1.316
	2.732	1.207
	2.596	1.106
	2.461	0.997
	2.325	0.872
	2.189	0.751
	2.054	0.649
	1.918	0.565
	1.782	0.493
	1.647	0.429
	1.511	0.366
	1.375	0.3
	1.24	0.226
109		
	9.302	0.319
	8.938	0.28
	8.574	0.243
	8.211	0.209
	7.847	0.178
	7.483	0.151
	7.12	0.129
	6.756	0.112
	6.392	0.097
	6.029	0.082
	5.665	0.062
	5.302	0.043
	4.938	0.027
	4.574	0.014
	4.211	0
	3.847	-0.015
	3.483	-0.03
	3.12	-0.044
	2.756	-0.054
	2.392	-0.057
	2.029	-0.052
110		
	9.24	1.071
	8.873	0.985
	8.506	0.905
	8.139	0.83
	7.773	0.757
	7.406	0.686
	7.039	0.613
	6.672	0.538
	6.306	0.465
	5.939	0.398
	5.572	0.338
	5.205	0.282
	4.839	0.224
	4.472	0.171
	4.105	0.127
	3.738	0.091
	3.372	0.056
	3.005	0.022
	2.638	-0.011
	2.271	-0.039
	1.905	-0.063
111		
	9.231	1.504
	8.856	1.366
	8.481	1.24
	8.106	1.123
	7.732	1.014
	7.357	0.909
	6.982	0.808
	6.608	0.707
	6.233	0.611
	5.858	0.523
	5.483	0.445
	5.109	0.377
	4.734	0.318
	4.359	0.263
	3.984	0.206
	3.61	0.151
	3.235	0.101
	2.86	0.056
	2.486	0.017
	2.111	-0.015
	1.736	-0.042
112		
	9	1.751
	8.644	1.588
	8.287	1.447
	7.93	1.32
	7.574	1.204
	7.217	1.092
	6.861	0.978
	6.504	0.862
	6.148	0.749
	5.791	0.643
	5.435	0.547
	5.078	0.464
	4.721	0.394
	4.365	0.328
	4.008	0.255
	3.652	0.186
	3.295	0.135
	2.939	0.096
	2.582	0.059
	2.226	0.017
	1.869	-0.042
113		
	8.973	2.256
	8.624	2.099
	8.274	1.94
	7.925	1.78
	7.576	1.622
	7.226	1.468
	6.877	1.319
	6.527	1.177
	6.178	1.041
	5.828	0.913
	5.479	0.791
	5.129	0.676
	4.78	0.568
	4.431	0.47
	4.081	0.384
	3.732	0.307
	3.382	0.233
	3.033	0.163
	2.683	0.101
	2.334	0.052
	1.985	0.02
114	x	y
	7.9934	2.5625
	7.6839	2.3711
	7.3744	2.1893
	7.0649	2.0141
	6.7554	1.8428
	6.4459	1.6726
	6.1364	1.5066
	5.8269	1.3526
	5.5174	1.2146
	5.2079	1.0882
	4.8985	0.9669
	4.589	0.8462
	4.2795	0.7276
	3.97	0.6147
	3.6605	0.5094
	3.351	0.4116
	3.0415	0.3218
	2.732	0.242
	2.4225	0.1743
	2.113	0.1207
	1.8035	0.0833
115	x	y
	7.1104	2.5
	6.8424	2.2984
	6.5744	2.1193
	6.3064	1.9563
	6.0384	1.8032
	5.7704	1.6554
	5.5024	1.5109
	5.2344	1.3683
	4.9664	1.2295
	4.6985	1.0969
	4.4305	0.9721
	4.1625	0.8536
	3.8945	0.7396
	3.6265	0.63
	3.3585	0.5269
	3.0905	0.4324
	2.8225	0.347
	2.5545	0.2706
	2.2865	0.2029
	2.0185	0.144
	1.7506	0.0938
116	x	y
	6.5894	2.5521
	6.3453	2.3758
	6.1011	2.1903
	5.857	2.0136
	5.6128	1.8547
	5.3687	1.7067
	5.1245	1.5635
	4.8804	1.4236
	4.6362	1.2863
	4.3921	1.1513
	4.1479	1.0203
	3.9038	0.8955
	3.6596	0.7777
	3.4155	0.6662
	3.1713	0.5598
	2.9272	0.4595
	2.683	0.3673
	2.4389	0.2856
	2.1947	0.2165
	1.9506	0.1622
	1.7064	0.125
117	x	y
	6.1744	2.5417
	5.9444	2.373
	5.7143	2.1989
	5.4843	2.03
	5.2543	1.8718
	5.0243	1.7184
	4.7943	1.5633
	4.5642	1.4086
	4.3342	1.2624
	4.1042	1.1285
	3.8742	1.0018
	3.6442	0.8759
	3.4141	0.7514
	3.1841	0.637
	2.9541	0.5387
	2.7241	0.4543
	2.494	0.3806
	2.264	0.3141
	2.034	0.2516
	1.804	0.1897
	1.574	0.125
118	x	y
	5.9007	2.5729
	5.6843	2.3989
	5.468	2.2573
	5.2517	2.1071
	5.0353	1.9329
	4.819	1.7609
	4.6026	1.6126
	4.3863	1.4794
	4.17	1.3467
	3.9536	1.2069
	3.7373	1.0647
	3.521	0.9263
	3.3046	0.7967
	3.0883	0.6793
	2.872	0.5768
	2.6556	0.4871
	2.4393	0.4073
	2.223	0.3343
	2.0066	0.2649
	1.7903	0.1962
	1.574	0.125
119	x	y
	5.5475	2.4896
	5.3488	2.2983
	5.1501	2.1443
	4.9514	2.0012
	4.7528	1.8618
	4.5541	1.726
	4.3554	1.5935
	4.1567	1.4603
	3.9581	1.3205
	3.7594	1.1722
	3.5607	1.0264
	3.362	0.8953
	3.1634	0.7817
	2.9647	0.6832
	2.766	0.5971
	2.5673	0.5198
	2.3687	0.4473
	2.17	0.3755
	1.9713	0.3005
	1.7726	0.2184
	1.574	0.125
120	x	y
	5.3091	2.5
	5.1157	2.3061
	4.9223	2.1471
	4.7289	1.9987
	4.5355	1.841
	4.3422	1.6841
	4.1488	1.5444
	3.9554	1.4133
	3.762	1.2769
	3.5687	1.1343
	3.3753	0.9956
	3.1819	0.8706
	2.9885	0.7612
	2.7951	0.6637
	2.6018	0.5747
	2.4084	0.4923
	2.215	0.415
	2.0216	0.3411
	1.8283	0.2692
	1.6349	0.1977
	1.4415	0.125
121	x	y
	5.1678	2.5
	4.977	2.3424
	4.7863	2.1758
	4.5956	2.013
	4.4049	1.8647
	4.2141	1.7219
	4.0234	1.5674
	3.8327	1.4084
	3.6419	1.2639
	3.4512	1.1384
	3.2605	1.0223
	3.0698	0.9054
	2.879	0.7867
	2.6883	0.673
	2.4976	0.5699
	2.3068	0.4774
	2.1161	0.3945
	1.9254	0.3199
	1.7347	0.2527
	1.5439	0.1915
	1.3532	0.1354
122	x	y
	4.9117	2.5
	4.7338	2.3336
	4.5558	2.1753
	4.3779	2.0244
	4.2	1.8796
	4.0221	1.7354
	3.8442	1.5826
	3.6662	1.4266
	3.4883	1.2857
	3.3104	1.1641
	3.1325	1.0518
	2.9545	0.9383
	2.7766	0.8176
	2.5987	0.6982
	2.4208	0.5895
	2.2428	0.4923
	2.0649	0.4054
	1.887	0.3275
	1.7091	0.2574
	1.5311	0.1938
	1.3532	0.1354
123	x	y
	4.7263	2.5104
	4.5545	2.3624
	4.3828	2.2091
	4.211	2.0511
	4.0393	1.8887
	3.8675	1.7263
	3.6958	1.5748
	3.5241	1.4357
	3.3523	1.3022
	3.1806	1.1705
	3.0088	1.0415
	2.8371	0.9166
	2.6653	0.7977
	2.4936	0.6884
	2.3219	0.5917
	2.1501	0.5061
	1.9784	0.4288
	1.8066	0.357
	1.6349	0.2878
	1.4631	0.2184
	1.2914	0.1458
124	x	y
	4.5232	2.5104
	4.3616	2.3377
	4.2	2.1826
	4.0384	2.0289
	3.8768	1.8616
	3.7152	1.6985
	3.5536	1.5697
	3.3921	1.4533
	3.2305	1.3206
	3.0689	1.1719
	2.9073	1.0282
	2.7457	0.9097
	2.5841	0.8147
	2.4225	0.7258
	2.2609	0.6323
	2.0993	0.5362
	1.9377	0.4414
	1.7762	0.3513
	1.6146	0.2696
	1.453	0.1999
	1.2914	0.1458
125	x	y
	4.426	2.5729
	4.268	2.3859
	4.1099	2.2006
	3.9519	2.0245
	3.7938	1.8643
	3.6358	1.717
	3.4777	1.5739
	3.3196	1.4345
	3.1616	1.3002
	3.0035	1.1712
	2.8455	1.0468
	2.6874	0.9267
	2.5294	0.8126
	2.3713	0.7088
	2.2132	0.6176
	2.0552	0.5361
	1.8971	0.4611
	1.7391	0.389
	1.581	0.3165
	1.423	0.24
	1.2649	0.1563
126	x	y
	8.9912	-0.2083
	8.6344	-0.2192
	8.2777	-0.2125
	7.921	-0.1947
	7.5642	-0.172
	7.2075	-0.1508
	6.8508	-0.1372
	6.494	-0.1371
	6.1373	-0.1466
	5.7806	-0.1554
	5.4238	-0.1533
	5.0671	-0.1402
	4.7104	-0.123
	4.3536	-0.1086
	3.9969	-0.1042
	3.6402	-0.1057
	3.2834	-0.0926
	2.9267	-0.0671
	2.57	-0.0448
	2.2132	-0.0415
	1.8565	-0.0729
127	x	y
	8.9823	0.2813
	8.626	0.2513
	8.2698	0.2216
	7.9135	0.192
	7.5572	0.1628
	7.2009	0.1337
	6.8446	0.105
	6.4883	0.0766
	6.132	0.0499
	5.7757	0.027
	5.4194	0.0098
	5.0631	-0.0023
	4.7068	-0.0113
	4.3506	-0.0202
	3.9943	-0.0355
	3.638	-0.0568
	3.2817	-0.0704
	2.9254	-0.0735
	2.5691	-0.0714
	2.2128	-0.0694
	1.8565	-0.0729
128	x	y
	8.9735	0.625
	8.6177	0.557
	8.2618	0.4957
	7.906	0.4401
	7.5501	0.3888
	7.1943	0.3406
	6.8384	0.2944
	6.4826	0.2501
	6.1267	0.2109
	5.7709	0.1801
	5.415	0.1557
	5.0592	0.1315
	4.7033	0.102
	4.3475	0.0672
	3.9916	0.0305
	3.6358	0.0014
	3.2799	-0.0181
	2.9241	-0.0316
	2.5682	-0.0428
	2.2124	-0.0553
	1.8565	-0.0729
129	x	y
	8.9382	0.9896
	8.5841	0.9038
	8.23	0.8204
	7.8759	0.7394
	7.5219	0.6608
	7.1678	0.5845
	6.8137	0.5107
	6.4596	0.4396
	6.1055	0.3732
	5.7514	0.3132
	5.3974	0.2599
	5.0433	0.2126
	4.6892	0.1706
	4.3351	0.1324
	3.981	0.096
	3.6269	0.0597
	3.2728	0.0236
	2.9188	-0.0102
	2.5647	-0.0392
	2.2106	-0.0609
	1.8565	-0.0729
130	x	y
	8.9294	1.2396
	8.5713	1.1258
	8.2132	1.0214
	7.8552	0.9243
	7.4971	0.8323
	7.1391	0.7433
	6.781	0.6551
	6.423	0.5673
	6.0649	0.4836
	5.7068	0.4083
	5.3488	0.3433
	4.9907	0.2892
	4.6327	0.2441
	4.2746	0.1969
	3.9166	0.1432
	3.5585	0.0965
	3.2004	0.063
	2.8424	0.0373
	2.4843	0.0136
	2.1263	-0.0142
	1.7682	-0.0521
131	x	y
	8.8852	1.6563
	8.5294	1.5183
	8.1735	1.3839
	7.8177	1.2536
	7.4618	1.1276
	7.106	1.0062
	6.7501	0.8898
	6.3943	0.7789
	6.0384	0.675
	5.6826	0.5793
	5.3267	0.4928
	4.9709	0.4161
	4.615	0.349
	4.2592	0.2871
	3.9033	0.2271
	3.5475	0.1703
	3.1916	0.1177
	2.8358	0.0692
	2.4799	0.0249
	2.1241	-0.0155
	1.7682	-0.0521
132	x	y
	8.9382	2.3542
	8.577	2.1831
	8.2159	2.0078
	7.8547	1.8315
	7.4936	1.6575
	7.1325	1.4892
	6.7713	1.3297
	6.4102	1.1814
	6.049	1.0404
	5.6879	0.902
	5.3267	0.7704
	4.9656	0.6539
	4.6044	0.5568
	4.2433	0.4683
	3.8821	0.3806
	3.521	0.2951
	3.1598	0.2142
	2.7987	0.14
	2.4375	0.0747
	2.0764	0.0204
	1.7152	-0.0208
133	x	y
	8.2978	2.5774
	7.9649	2.3827
	7.632	2.1901
	7.2991	2.0019
	6.9662	1.8205
	6.6333	1.648
	6.3004	1.485
	5.9676	1.3261
	5.6347	1.1655
	5.3018	1.0079
	4.9689	0.8644
	4.636	0.7412
	4.3031	0.6258
	3.9702	0.5098
	3.6373	0.4059
	3.3044	0.326
	2.9716	0.2652
	2.6387	0.2141
	2.3058	0.1635
	1.9729	0.104
	1.64	0.0262
134	x	y
	7.48	2.5354
	7.1867	2.3677
	6.8933	2.1756
	6.6	1.9813
	6.3067	1.8071
	6.0133	1.6634
	5.72	1.5253
	5.4267	1.3642
	5.1333	1.1878
	4.84	1.0275
	4.5467	0.9089
	4.2533	0.8134
	3.96	0.7082
	3.6667	0.5923
	3.3733	0.4795
	3.08	0.379
	2.7867	0.2912
	2.4933	0.2156
	2.2	0.1519
	1.9067	0.0994
	1.6133	0.0577
135	x	y
	7.0267	2.5564
	6.756	2.3425
	6.4853	2.1584
	6.2147	1.9901
	5.944	1.824
	5.6733	1.6581
	5.4027	1.4999
	5.132	1.3529
	4.8613	1.2167
	4.5907	1.0909
	4.32	0.9718
	4.0493	0.8533
	3.7787	0.7309
	3.508	0.6104
	3.2373	0.5001
	2.9667	0.4025
	2.696	0.3163
	2.4253	0.24
	2.1547	0.1724
	1.884	0.1121
	1.6133	0.0577
136	x	y
	6.6267	2.5669
	6.372	2.3505
	6.1173	2.162
	5.8627	1.9905
	5.608	1.8253
	5.3533	1.6645
	5.0987	1.5121
	4.844	1.3675
	4.5893	1.227
	4.3347	1.0879
	4.08	0.9516
	3.8253	0.8205
	3.5707	0.6976
	3.316	0.5867
	3.0613	0.4894
	2.8067	0.4038
	2.552	0.3275
	2.2973	0.2582
	2.0427	0.1935
	1.788	0.131
	1.5333	0.0682
137	x	y
	6.3422	2.5564
	6.1018	2.361
	5.8613	2.1997
	5.6209	2.0431
	5.3804	1.8642
	5.14	1.6756
	4.8996	1.5191
	4.6591	1.3909
	4.4187	1.2631
	4.1782	1.1167
	3.9378	0.9663
	3.6973	0.8342
	3.4569	0.7264
	3.2164	0.629
	2.976	0.5318
	2.7356	0.4358
	2.4951	0.3437
	2.2547	0.2581
	2.0142	0.1819
	1.7738	0.1177
	1.5333	0.0682
138	x	y
	6.0844	2.5564
	5.8547	2.3853
	5.6249	2.2047
	5.3951	2.0227
	5.1653	1.8474
	4.9356	1.6844
	4.7058	1.5364
	4.476	1.3998
	4.2462	1.2666
	4.0164	1.1319
	3.7867	0.9972
	3.5569	0.8652
	3.3271	0.7391
	3.0973	0.6245
	2.8676	0.5255
	2.6378	0.4401
	2.408	0.3647
	2.1782	0.2955
	1.9484	0.229
	1.7187	0.1615
	1.4889	0.0892
139	x	y
	5.8533	2.5564
	5.6351	2.3885
	5.4169	2.2247
	5.1987	2.0601
	4.9804	1.8897
	4.7622	1.7161
	4.544	1.5564
	4.3258	1.4115
	4.1076	1.2698
	3.8893	1.1258
	3.6711	0.9876
	3.4529	0.8643
	3.2347	0.759
	3.0164	0.664
	2.7982	0.5713
	2.58	0.4796
	2.3618	0.3903
	2.1436	0.3051
	1.9253	0.2255
	1.7071	0.153
	1.4889	0.0892
140	x	y
	5.4356	2.5291
	5.2342	2.3292
	5.0329	2.1735
	4.8316	2.0351
	4.6302	1.887
	4.4289	1.7199
	4.2276	1.5545
	4.0262	1.3988
	3.8249	1.256
	3.6236	1.1252
	3.4222	1.0024
	3.2209	0.8839
	3.0196	0.7686
	2.8182	0.6575
	2.6169	0.5519
	2.4156	0.4537
	2.2142	0.3647
	2.0129	0.2868
	1.8116	0.2217
	1.6102	0.1713
	1.4089	0.1376
141	x	y
	5.1511	2.5291
	4.964	2.3187
	4.7769	2.1578
	4.5898	2.0142
	4.4027	1.8573
	4.2156	1.6889
	4.0284	1.5345
	3.8413	1.3931
	3.6542	1.2595
	3.4671	1.1305
	3.28	1.0056
	3.0929	0.8846
	2.9058	0.7707
	2.7187	0.6688
	2.5316	0.5802
	2.3444	0.5016
	2.1573	0.4295
	1.9702	0.3606
	1.7831	0.2913
	1.596	0.2181
	1.4089	0.1376
142	x	y
	4.9911	2.5926
	4.812	2.3742
	4.6329	2.1958
	4.4538	2.0451
	4.2747	1.9095
	4.0956	1.7724
	3.9164	1.6206
	3.7373	1.4608
	3.5582	1.3046
	3.3791	1.16
	3.2	1.0291
	3.0209	0.9128
	2.8418	0.8091
	2.6627	0.7138
	2.4836	0.6233
	2.3044	0.5364
	2.1253	0.4525
	1.9462	0.3711
	1.7671	0.2919
	1.588	0.2142
	1.4089	0.1376
143	x	y
	4.8756	2.5608
	4.6996	2.4006
	4.5236	2.2521
	4.3476	2.0992
	4.1716	1.9291
	3.9956	1.7607
	3.8196	1.6131
	3.6436	1.4761
	3.4676	1.3373
	3.2916	1.1968
	3.1156	1.0646
	2.9396	0.9503
	2.7636	0.8519
	2.5876	0.7588
	2.4116	0.6647
	2.2356	0.5704
	2.0596	0.4771
	1.8836	0.386
	1.7076	0.2982
	1.5316	0.215
	1.3556	0.1376
144	x	y
	9.32	-0.1693
	8.9418	-0.154
	8.5636	-0.1446
	8.1853	-0.139
	7.8071	-0.1356
	7.4289	-0.1323
	7.0507	-0.1272
	6.6724	-0.1193
	6.2942	-0.1106
	5.916	-0.1041
	5.5378	-0.1005
	5.1596	-0.0974
	4.7813	-0.0919
	4.4031	-0.0839
	4.0249	-0.0753
	3.6467	-0.0678
	3.2684	-0.0604
	2.8902	-0.0507
	2.512	-0.039
	2.1338	-0.0306
	1.7556	-0.0317
145	x	y
	9.3111	0.6138
	8.9333	0.5576
	8.5556	0.5066
	8.1778	0.4591
	7.8	0.4137
	7.4222	0.3689
	7.0444	0.323
	6.6667	0.2752
	6.2889	0.2284
	5.9111	0.1866
	5.5333	0.1512
	5.1556	0.1197
	4.7778	0.0895
	4.4	0.0607
	4.0222	0.0354
	3.6444	0.0156
	3.2667	0.0002
	2.8889	-0.0132
	2.5111	-0.0253
	2.1333	-0.0327
	1.7556	-0.0317
146	x	y
	8.9911	1.3545
	8.6289	1.2544
	8.2667	1.1518
	7.9044	1.0476
	7.5422	0.9431
	7.18	0.8392
	6.8178	0.737
	6.4556	0.6404
	6.0933	0.556
	5.7311	0.489
	5.3689	0.4328
	5.0067	0.3747
	4.6444	0.3057
	4.2822	0.2344
	3.92	0.1742
	3.5578	0.1332
	3.1956	0.1022
	2.8333	0.0697
	2.4711	0.0336
	2.1089	0.0034
	1.7467	-0.0106
147	x	y
	8.9822	2.455
	8.616	2.2838
	8.2498	2.1095
	7.8836	1.9334
	7.5173	1.7569
	7.1511	1.581
	6.7849	1.4075
	6.4187	1.2414
	6.0524	1.0908
	5.6862	0.9613
	5.32	0.8455
	4.9538	0.7317
	4.5876	0.6131
	4.2213	0.4977
	3.8551	0.3962
	3.4889	0.3125
	3.1227	0.238
	2.7564	0.1639
	2.3902	0.0934
	2.024	0.0384
	1.6578	0.0106
148	x	y
	7.88	2.6243
	7.5627	2.4377
	7.2453	2.225
	6.928	2.007
	6.6107	1.8047
	6.2933	1.6379
	5.976	1.5028
	5.6587	1.3715
	5.3413	1.2175
	5.024	1.0457
	4.7067	0.8812
	4.3893	0.7474
	4.072	0.642
	3.7547	0.5476
	3.4373	0.4488
	3.12	0.3483
	2.8027	0.257
	2.4853	0.1827
	2.168	0.1241
	1.8507	0.0783
	1.5333	0.0423
149	x	y
	7	2.6243
	6.7204	2.3833
	6.4409	2.177
	6.1613	1.9936
	5.8818	1.8214
	5.6022	1.6512
	5.3227	1.4848
	5.0431	1.3275
	4.7636	1.1814
	4.484	1.0448
	4.2044	0.9156
	3.9249	0.7931
	3.6453	0.6783
	3.3658	0.5729
	3.0862	0.4771
	2.8067	0.3875
	2.5271	0.3002
	2.2476	0.2148
	1.968	0.1392
	1.6884	0.0822
	1.4089	0.0529
150	x	y
	6.4133	2.6032
	6.1631	2.3724
	5.9129	2.1882
	5.6627	2.0259
	5.4124	1.8611
	5.1622	1.687
	4.912	1.5173
	4.6618	1.3655
	4.4116	1.2309
	4.1613	1.1031
	3.9111	0.9719
	3.6609	0.836
	3.4107	0.706
	3.1604	0.5922
	2.9102	0.4953
	2.66	0.4097
	2.4098	0.33
	2.1596	0.2539
	1.9093	0.1818
	1.6591	0.1146
	1.4089	0.0529
151	x	y
	6.0489	2.6243
	5.8169	2.4015
	5.5849	2.2293
	5.3529	2.0774
	5.1209	1.9163
	4.8889	1.7381
	4.6569	1.5606
	4.4249	1.4
	4.1929	1.257
	3.9609	1.1271
	3.7289	1.0057
	3.4969	0.8889
	3.2649	0.7729
	3.0329	0.6542
	2.8009	0.5345
	2.5689	0.4256
	2.3369	0.3394
	2.1049	0.2741
	1.8729	0.2148
	1.6409	0.1462
	1.4089	0.0529
152	x	y
	5.6311	2.4934
	5.4187	2.2654
	5.2062	2.098
	4.9938	1.9619
	4.7813	1.8277
	4.5689	1.6688
	4.3564	1.4967
	4.144	1.3394
	3.9316	1.1969
	3.7191	1.0651
	3.5067	0.9403
	3.2942	0.8213
	3.0818	0.7073
	2.8693	0.5978
	2.6569	0.4959
	2.4444	0.4057
	2.232	0.3303
	2.0196	0.266
	1.8071	0.2068
	1.5947	0.1465
	1.3822	0.0787
153	x	y
	5.3911	2.4829
	5.1902	2.346
	4.9893	2.1769
	4.7884	1.9937
	4.5876	1.8147
	4.3867	1.6559
	4.1858	1.5109
	3.9849	1.3649
	3.784	1.2195
	3.5831	1.0797
	3.3822	0.9496
	3.1813	0.8311
	2.9804	0.7252
	2.7796	0.632
	2.5787	0.5458
	2.3778	0.4583
	2.1769	0.3635
	1.976	0.2684
	1.7751	0.1849
	1.5742	0.1247
	1.3733	0.0997
154	x	y
	5.1867	2.4829
	4.9973	2.2968
	4.808	2.1343
	4.6187	1.9857
	4.4293	1.8412
	4.24	1.6939
	4.0507	1.5483
	3.8613	1.4083
	3.672	1.2728
	3.4827	1.1409
	3.2933	1.0121
	3.104	0.8885
	2.9147	0.7732
	2.7253	0.6686
	2.536	0.5733
	2.3467	0.4838
	2.1573	0.3979
	1.968	0.3169
	1.7787	0.2436
	1.5893	0.1808
	1.4	0.1312
155	x	y
	9.2844	-0.1732
	8.8987	-0.1564
	8.5129	-0.1468
	8.1271	-0.1424
	7.7413	-0.1414
	7.3556	-0.1418
	6.9698	-0.1417
	6.584	-0.1395
	6.1982	-0.1344
	5.8124	-0.1261
	5.4267	-0.1152
	5.0409	-0.1028
	4.6551	-0.0903
	4.2693	-0.0785
	3.8836	-0.0681
	3.4978	-0.0602
	3.112	-0.0574
	2.7262	-0.0618
	2.3404	-0.0679
	1.9547	-0.0662
	1.5689	-0.0472
156	x	y
	8.9822	0.3937
	8.6116	0.3619
	8.2409	0.3271
	7.8702	0.2901
	7.4996	0.2514
	7.1289	0.2119
	6.7582	0.1722
	6.3876	0.1344
	6.0169	0.102
	5.6462	0.0774
	5.2756	0.0575
	4.9049	0.0379
	4.5342	0.0154
	4.1636	-0.0061
	3.7929	-0.0209
	3.4222	-0.0286
	3.0516	-0.0351
	2.6809	-0.0458
	2.3102	-0.0566
	1.9396	-0.0597
	1.5689	-0.0472
157	x	y
	9	1.0131
	8.6284	0.9247
	8.2569	0.8377
	7.8853	0.7528
	7.5138	0.6707
	7.1422	0.5923
	6.7707	0.5183
	6.3991	0.4489
	6.0276	0.3841
	5.656	0.3238
	5.2844	0.2682
	4.9129	0.2179
	4.5413	0.1725
	4.1698	0.1304
	3.7982	0.0897
	3.4267	0.0517
	3.0551	0.0206
	2.6836	0
	2.312	-0.0138
	1.9404	-0.0273
	1.5689	-0.0472
158	x	y
	9.3022	2.0735
	8.9156	1.9217
	8.5289	1.7622
	8.1422	1.5996
	7.7556	1.4385
	7.3689	1.2835
	6.9822	1.1391
	6.5956	1.0084
	6.2089	0.888
	5.8222	0.773
	5.4356	0.6616
	5.0489	0.555
	4.6622	0.455
	4.2756	0.3642
	3.8889	0.2859
	3.5022	0.2198
	3.1156	0.1586
	2.7289	0.0945
	2.3422	0.0337
	1.9556	-0.0057
	1.5689	-0.0052
159	x	y
	8.7333	2.5984
	8.3742	2.4399
	8.0151	2.257
	7.656	2.0591
	7.2969	1.8561
	6.9378	1.6574
	6.5787	1.4725
	6.2196	1.305
	5.8604	1.1525
	5.5013	1.0122
	5.1422	0.8813
	4.7831	0.7566
	4.424	0.6364
	4.0649	0.5213
	3.7058	0.4127
	3.3467	0.3127
	2.9876	0.2252
	2.6284	0.1531
	2.2693	0.0942
	1.9102	0.0432
	1.5511	-0.0052
160	x	y
	7.72	2.5879
	7.4111	2.3937
	7.1022	2.2125
	6.7933	2.0386
	6.4844	1.8662
	6.1756	1.6904
	5.8667	1.5141
	5.5578	1.3454
	5.2489	1.1891
	4.94	1.043
	4.6311	0.9033
	4.3222	0.7685
	4.0133	0.6414
	3.7044	0.5257
	3.3956	0.4236
	3.0867	0.3345
	2.7778	0.257
	2.4689	0.1892
	2.16	0.1283
	1.8511	0.0714
	1.5422	0.0157
161	x	y
	7.0444	2.5564
	6.7684	2.3377
	6.4924	2.1566
	6.2164	1.9935
	5.9404	1.8292
	5.6644	1.6575
	5.3884	1.489
	5.1124	1.3341
	4.8364	1.1927
	4.5604	1.061
	4.2844	0.9354
	4.0084	0.8144
	3.7324	0.6979
	3.4564	0.5856
	3.1804	0.4787
	2.9044	0.3795
	2.6284	0.29
	2.3524	0.2115
	2.0764	0.1445
	1.8004	0.0895
	1.5244	0.0472
162	x	y
	6.5644	2.5774
	6.3124	2.3746
	6.0604	2.1994
	5.8084	2.0317
	5.5564	1.8547
	5.3044	1.6757
	5.0524	1.5145
	4.8004	1.3763
	4.5484	1.2494
	4.2964	1.121
	4.0444	0.9847
	3.7924	0.8476
	3.5404	0.7183
	3.2884	0.6038
	3.0364	0.5038
	2.7844	0.4159
	2.5324	0.3379
	2.2804	0.2662
	2.0284	0.1966
	1.7764	0.125
	1.5244	0.0472
163	x	y
	6.2	2.5774
	5.9636	2.3772
	5.7271	2.1922
	5.4907	2.0196
	5.2542	1.8566
	5.0178	1.7002
	4.7813	1.5468
	4.5449	1.3949
	4.3084	1.2469
	4.072	1.1056
	3.8356	0.9721
	3.5991	0.8453
	3.3627	0.7245
	3.1262	0.6102
	2.8898	0.5052
	2.6533	0.4127
	2.4169	0.3333
	2.1804	0.2628
	1.944	0.1965
	1.7076	0.1297
	1.4711	0.0577
164	x	y
	5.9511	2.5879
	5.724	2.4096
	5.4969	2.2302
	5.2698	2.0508
	5.0427	1.8724
	4.8156	1.6972
	4.5884	1.5322
	4.3613	1.3813
	4.1342	1.2419
	3.9071	1.1105
	3.68	0.9847
	3.4529	0.8624
	3.2258	0.7415
	2.9987	0.6232
	2.7716	0.5128
	2.5444	0.4162
	2.3173	0.3345
	2.0902	0.2634
	1.8631	0.1984
	1.636	0.1349
	1.4089	0.0682
165	x	y
	5.6489	2.5249
	5.4369	2.3278
	5.2249	2.1558
	5.0129	2.0017
	4.8009	1.8586
	4.5889	1.7183
	4.3769	1.5703
	4.1649	1.412
	3.9529	1.2541
	3.7409	1.1078
	3.5289	0.9748
	3.3169	0.851
	3.1049	0.7324
	2.8929	0.6185
	2.6809	0.5127
	2.4689	0.4183
	2.2569	0.3362
	2.0449	0.2648
	1.8329	0.2026
	1.6209	0.1481
	1.4089	0.0997
166	x	y
	9.3289	-0.1942
	8.944	-0.1801
	8.5591	-0.1676
	8.1742	-0.1569
	7.7893	-0.1488
	7.4044	-0.1435
	7.0196	-0.1417
	6.6347	-0.1431
	6.2498	-0.1439
	5.8649	-0.1393
	5.48	-0.1282
	5.0951	-0.1145
	4.7102	-0.1022
	4.3253	-0.0935
	3.9404	-0.0892
	3.5556	-0.0892
	3.1707	-0.0899
	2.7858	-0.0874
	2.4009	-0.0817
	2.016	-0.0773
	1.6311	-0.0787
167	x	y
	9.3467	0.9501
	8.9609	0.8813
	8.5751	0.8029
	8.1893	0.7195
	7.8036	0.6356
	7.4178	0.5558
	7.032	0.4846
	6.6462	0.4251
	6.2604	0.3733
	5.8747	0.3228
	5.4889	0.2708
	5.1031	0.2192
	4.7173	0.1707
	4.3316	0.1268
	3.9458	0.0888
	3.56	0.057
	3.1742	0.0294
	2.7884	0.0033
	2.4027	-0.0222
	2.0169	-0.0463
	1.6311	-0.0682
168	x	y
	9.3467	1.811
	8.9609	1.6901
	8.5751	1.5633
	8.1893	1.4325
	7.8036	1.2992
	7.4178	1.1655
	7.032	1.033
	6.6462	0.904
	6.2604	0.7825
	5.8747	0.6738
	5.4889	0.5781
	5.1031	0.4888
	4.7173	0.3998
	4.3316	0.3132
	3.9458	0.2352
	3.56	0.1711
	3.1742	0.1209
	2.7884	0.083
	2.4027	0.0531
	2.0169	0.0229
	1.6311	-0.0157
169	x	y
	8.9911	2.4514
	8.6222	2.241
	8.2533	2.0537
	7.8844	1.8827
	7.5156	1.721
	7.1467	1.5616
	6.7778	1.3981
	6.4089	1.2327
	6.04	1.0763
	5.6711	0.938
	5.3022	0.8146
	4.9333	0.6983
	4.5644	0.5851
	4.1956	0.4788
	3.8267	0.3846
	3.4578	0.3033
	3.0889	0.2292
	2.72	0.1568
	2.3511	0.0892
	1.9822	0.0357
	1.6133	0.0052
170	x	y
	8.1911	2.5984
	7.86	2.3818
	7.5289	2.1801
	7.1978	1.9904
	6.8667	1.8096
	6.5356	1.6348
	6.2044	1.4642
	5.8733	1.3018
	5.5422	1.1533
	5.2111	1.0174
	4.88	0.8856
	4.5489	0.7515
	4.2178	0.6216
	3.8867	0.5063
	3.5556	0.4131
	3.2244	0.3347
	2.8933	0.2594
	2.5622	0.181
	2.2311	0.1082
	1.9	0.0527
	1.5689	0.0262
171	x	y
	7.5333	2.5669
	7.2351	2.3847
	6.9369	2.1919
	6.6387	1.997
	6.3404	1.8087
	6.0422	1.6359
	5.744	1.4814
	5.4458	1.3351
	5.1476	1.1856
	4.8493	1.0361
	4.5511	0.8985
	4.2529	0.7786
	3.9547	0.6717
	3.6564	0.5723
	3.3582	0.4765
	3.06	0.3838
	2.7618	0.2945
	2.4636	0.2099
	2.1653	0.1342
	1.8671	0.0715
	1.5689	0.0262
172	x	y
	7.0356	2.5984
	6.7604	2.3985
	6.4853	2.1874
	6.2102	1.9805
	5.9351	1.7934
	5.66	1.6331
	5.3849	1.4889
	5.1098	1.3481
	4.8347	1.2065
	4.5596	1.0661
	4.2844	0.9291
	4.0093	0.7975
	3.7342	0.6738
	3.4591	0.5598
	3.184	0.4572
	2.9089	0.367
	2.6338	0.29
	2.3587	0.224
	2.0836	0.1656
	1.8084	0.1113
	1.5333	0.0577
173	x	y
	6.3422	2.5984
	6.1018	2.3668
	5.8613	2.1886
	5.6209	2.0301
	5.3804	1.8585
	5.14	1.6752
	4.8996	1.5188
	4.6591	1.3854
	4.4187	1.2569
	4.1782	1.1184
	3.9378	0.9732
	3.6973	0.8304
	3.4569	0.6985
	3.2164	0.5812
	2.976	0.4796
	2.7356	0.3945
	2.4951	0.3231
	2.2547	0.2598
	2.0142	0.1985
	1.7738	0.1331
	1.5333	0.0577
174	x	y
	6.1467	2.5984
	5.9151	2.3828
	5.6836	2.209
	5.452	2.0522
	5.2204	1.888
	4.9889	1.7098
	4.7573	1.5494
	4.5258	1.4067
	4.2942	1.2663
	4.0627	1.1219
	3.8311	0.9801
	3.5996	0.8482
	3.368	0.7317
	3.1364	0.6289
	2.9049	0.5364
	2.6733	0.4511
	2.4418	0.371
	2.2102	0.2949
	1.9787	0.2215
	1.7471	0.1499
	1.5156	0.0787
175	x	y
	9.1867	-0.1522
	8.8187	-0.1335
	8.4507	-0.1197
	8.0827	-0.1108
	7.7147	-0.1067
	7.3467	-0.1071
	6.9787	-0.112
	6.6107	-0.1191
	6.2427	-0.122
	5.8747	-0.1147
	5.5067	-0.0987
	5.1387	-0.0809
	4.7707	-0.0674
	4.4027	-0.0597
	4.0347	-0.0578
	3.6667	-0.0609
	3.2987	-0.0658
	2.9307	-0.0688
	2.5627	-0.066
	2.1947	-0.0533
	1.8267	-0.0262
176	x	y
	9.3378	0.6667
	8.9622	0.611
	8.5867	0.5539
	8.2111	0.4967
	7.8356	0.4409
	7.46	0.3877
	7.0844	0.3384
	6.7089	0.2937
	6.3333	0.2511
	5.9578	0.2078
	5.5822	0.1638
	5.2067	0.1227
	4.8311	0.0883
	4.4556	0.0608
	4.08	0.0388
	3.7044	0.0207
	3.3289	0.0052
	2.9533	-0.0085
	2.5778	-0.0201
	2.2022	-0.027
	1.8267	-0.0262
178	x	y
	9.4089	1.4226
	9.0298	1.3007
	8.6507	1.1915
	8.2716	1.0913
	7.8924	0.9962
	7.5133	0.9023
	7.1342	0.8057
	6.7551	0.7046
	6.376	0.605
	5.9969	0.5153
	5.6178	0.4379
	5.2387	0.3683
	4.8596	0.3024
	4.4804	0.2408
	4.1013	0.1856
	3.7222	0.138
	3.3431	0.0971
	2.964	0.062
	2.5849	0.0311
	2.2058	0.0024
	1.8267	-0.0262
179	x	y
	9.3264	2.0735
	8.9453	1.9242
	8.5643	1.7678
	8.1832	1.6085
	7.8022	1.4501
	7.4212	1.2966
	7.0401	1.1522
	6.6591	1.0194
	6.2781	0.8959
	5.897	0.7779
	5.516	0.6647
	5.135	0.5578
	4.7539	0.459
	4.3729	0.3697
	3.9918	0.2912
	3.6108	0.2244
	3.2298	0.1692
	2.8487	0.1254
	2.4677	0.0897
	2.0867	0.0555
	1.7056	0.0157
180	x	y
	9.0353	2.4619
	8.6688	2.2897
	8.3023	2.1143
	7.9358	1.9375
	7.5693	1.7612
	7.2029	1.5869
	6.8364	1.4165
	6.4699	1.2519
	6.1034	1.0964
	5.7369	0.953
	5.3705	0.8219
	5.004	0.7014
	4.6375	0.5902
	4.271	0.489
	3.9045	0.3986
	3.538	0.3187
	3.1716	0.2469
	2.8051	0.1808
	2.4386	0.1195
	2.0721	0.0641
	1.7056	0.0157
181	x	y
	8.4443	2.5774
	8.1017	2.4231
	7.759	2.234
	7.4163	2.0269
	7.0736	1.8185
	6.731	1.6255
	6.3883	1.4594
	6.0456	1.3092
	5.703	1.1591
	5.3603	1.0067
	5.0176	0.8611
	4.675	0.7308
	4.3323	0.6159
	3.9896	0.5116
	3.647	0.4141
	3.3043	0.3235
	2.9616	0.241
	2.619	0.1679
	2.2763	0.1063
	1.9336	0.0583
	1.591	0.0262
182	x	y
	7.774	2.5564
	7.4648	2.343
	7.1557	2.157
	6.8465	1.9875
	6.5374	1.824
	6.2282	1.6558
	5.9191	1.481
	5.6099	1.3127
	5.3008	1.161
	4.9916	1.0221
	4.6825	0.8899
	4.3733	0.7613
	4.0642	0.6391
	3.755	0.5264
	3.4459	0.4249
	3.1367	0.3345
	2.8276	0.2548
	2.5184	0.1853
	2.2093	0.1249
	1.9001	0.0723
	1.591	0.0262
183	x	y
	7.2977	2.5774
	7.0101	2.3847
	6.7226	2.1893
	6.4351	1.9965
	6.1475	1.8114
	5.86	1.6392
	5.5724	1.4808
	5.2849	1.3317
	4.9974	1.1885
	4.7098	1.0507
	4.4223	0.9181
	4.1347	0.7915
	3.8472	0.6731
	3.5596	0.5652
	3.2721	0.4684
	2.9846	0.3797
	2.697	0.2959
	2.4095	0.2158
	2.1219	0.1422
	1.8344	0.078
	1.5469	0.0262
184	x	y
	6.9713	2.5879
	6.6983	2.3884
	6.4254	2.1917
	6.1524	2.0013
	5.8794	1.8208
	5.6064	1.6532
	5.3334	1.4977
	5.0604	1.3506
	4.7874	1.2082
	4.5144	1.0682
	4.2415	0.9279
	3.9685	0.7896
	3.6955	0.6632
	3.4225	0.5587
	3.1495	0.4743
	2.8765	0.3985
	2.6035	0.3196
	2.3305	0.2347
	2.0576	0.1529
	1.7846	0.0836
	1.5116	0.0367
185	x	y
	6.7244	2.6509
	6.4633	2.413
	6.2022	2.2127
	5.9411	2.033
	5.68	1.8567
	5.419	1.6726
	5.1579	1.4947
	4.8968	1.3405
	4.6357	1.2062
	4.3746	1.0789
	4.1136	0.9464
	3.8525	0.81
	3.5914	0.6819
	3.3303	0.5723
	3.0692	0.479
	2.8082	0.3951
	2.5471	0.3141
	2.286	0.2356
	2.0249	0.1638
	1.7638	0.1031
	1.5028	0.0577
200	x	y
	8.9647	0.8451
	8.6132	0.7828
	8.2617	0.7225
	7.9103	0.6633
	7.5588	0.6044
	7.2073	0.5448
	6.8558	0.4854
	6.5043	0.4289
	6.1528	0.3773
	5.8013	0.3303
	5.4498	0.2874
	5.0983	0.248
	4.7469	0.2118
	4.3954	0.1792
	4.0439	0.1501
	3.6924	0.1223
	3.3409	0.0905
	2.9894	0.052
	2.6379	0.0153
	2.2864	-0.0077
	1.935	-0.0052
201	x	y
	8.7354	1.9055
	8.3914	1.7903
	8.0474	1.6556
	7.7034	1.5131
	7.3594	1.3747
	7.0154	1.2518
	6.6714	1.1453
	6.3275	1.0423
	5.9835	0.9318
	5.6395	0.8187
	5.2955	0.7127
	4.9515	0.6234
	4.6075	0.5512
	4.2635	0.4882
	3.9195	0.4262
	3.5755	0.3624
	3.2315	0.2992
	2.8875	0.2386
	2.5436	0.1794
	2.1996	0.1198
	1.8556	0.0577
202	x	y
	7.8534	2.6089
	7.5486	2.3977
	7.2439	2.2091
	6.9391	2.0331
	6.6344	1.8603
	6.3297	1.6882
	6.0249	1.5245
	5.7202	1.3766
	5.4154	1.2449
	5.1107	1.1259
	4.806	1.0163
	4.5012	0.9125
	4.1965	0.8104
	3.8917	0.706
	3.587	0.6005
	3.2822	0.5029
	2.9775	0.4226
	2.6728	0.3592
	2.368	0.3011
	2.0633	0.2362
	1.7585	0.1522
203	x	y
	6.3716	2.5879
	6.1413	2.371
	5.9111	2.195
	5.6809	2.0457
	5.4507	1.9087
	5.2205	1.7699
	4.9903	1.626
	4.7601	1.4855
	4.5299	1.3519
	4.2997	1.2257
	4.0695	1.1066
	3.8393	0.9937
	3.609	0.8863
	3.3788	0.784
	3.1486	0.687
	2.9184	0.5954
	2.6882	0.5113
	2.458	0.4383
	2.2278	0.3798
	1.9976	0.3392
	1.7674	0.3202
204	x	y
	5.5183	2.5774
	5.3353	2.3395
	5.1524	2.1502
	4.9694	1.9989
	4.7865	1.8729
	4.6035	1.7586
	4.4206	1.6432
	4.2377	1.5211
	4.0547	1.3909
	3.8718	1.257
	3.6888	1.132
	3.5059	1.0264
	3.3229	0.9377
	3.14	0.8586
	2.957	0.7818
	2.7741	0.702
	2.5911	0.6214
	2.4082	0.5441
	2.2252	0.4741
	2.0423	0.4156
	1.8594	0.3727
205	x	y
	9.3101	0.6247
	8.9411	0.6045
	8.5721	0.5577
	8.2031	0.498
	7.8341	0.4393
	7.4651	0.394
	7.0961	0.3616
	6.7271	0.3339
	6.3581	0.3029
	5.9891	0.2669
	5.6202	0.2296
	5.2512	0.194
	4.8822	0.1608
	4.5132	0.1303
	4.1442	0.1029
	3.7752	0.0789
	3.4062	0.0581
	3.0372	0.04
	2.6682	0.0238
	2.2992	0.009
	1.9302	-0.0052
206	x	y
	9.2126	1.4226
	8.8485	1.312
	8.4844	1.2
	8.1203	1.0917
	7.7561	0.9923
	7.392	0.9069
	7.0279	0.8311
	6.6638	0.7463
	6.2997	0.6566
	5.9355	0.5785
	5.5714	0.5122
	5.2073	0.4539
	4.8432	0.4007
	4.4791	0.3498
	4.115	0.2987
	3.7508	0.2455
	3.3867	0.1923
	3.0226	0.1419
	2.6585	0.0973
	2.2944	0.0613
	1.9302	0.0367
207	x	y
	9.1949	2.3255
	8.8281	2.1704
	8.4614	1.999
	8.0946	1.8227
	7.7278	1.6532
	7.361	1.502
	6.9942	1.3756
	6.6275	1.2506
	6.2607	1.1121
	5.8939	0.9868
	5.5271	0.8801
	5.1604	0.7755
	4.7936	0.6696
	4.4268	0.568
	4.06	0.4765
	3.6932	0.3991
	3.3265	0.3335
	2.9597	0.2758
	2.5929	0.222
	2.2261	0.1681
	1.8594	0.1102
208	x	y
	8.0963	2.5459
	7.7841	2.3502
	7.4718	2.1577
	7.1595	1.9755
	6.8472	1.8103
	6.5349	1.6587
	6.2226	1.5125
	5.9103	1.374
	5.598	1.2486
	5.2857	1.1332
	4.9734	1.0233
	4.6611	0.9175
	4.3488	0.8153
	4.0365	0.7163
	3.7243	0.6202
	3.412	0.528
	3.0997	0.4407
	2.7874	0.3593
	2.4751	0.2852
	2.1628	0.2192
	1.8505	0.1627
209	x	y
	7.0155	2.5669
	6.7564	2.3493
	6.4972	2.1895
	6.2381	2.0441
	5.979	1.8715
	5.7198	1.6979
	5.4607	1.5686
	5.2016	1.4442
	4.9424	1.3112
	4.6833	1.1834
	4.4241	1.0732
	4.165	0.9786
	3.9059	0.8914
	3.6467	0.8031
	3.3876	0.7102
	3.1285	0.6156
	2.8693	0.5231
	2.6102	0.4363
	2.3511	0.3589
	2.0919	0.2945
	1.8328	0.2467
210	x	y
	9.2924	0.4882
	8.915	0.4422
	8.5375	0.4015
	8.1601	0.3648
	7.7827	0.3307
	7.4053	0.2977
	7.0279	0.2647
	6.6505	0.2322
	6.2731	0.2008
	5.8957	0.1716
	5.5183	0.1464
	5.1409	0.1262
	4.7635	0.1072
	4.386	0.0838
	4.0086	0.059
	3.6312	0.0409
	3.2538	0.0316
	2.8764	0.0254
	2.499	0.0161
	2.1216	-0.0025
	1.7442	-0.0367
211	x	y
	9.3189	1.1076
	8.9393	1.0366
	8.5597	0.9621
	8.1801	0.8856
	7.8004	0.8082
	7.4208	0.7313
	7.0412	0.6563
	6.6616	0.5866
	6.2819	0.5267
	5.9023	0.4758
	5.5227	0.4231
	5.1431	0.3584
	4.7635	0.2907
	4.3838	0.2405
	4.0042	0.2114
	3.6246	0.1848
	3.245	0.1499
	2.8653	0.1098
	2.4857	0.0692
	2.1061	0.0328
	1.7265	0.0052
212	x	y
	9.2924	1.8635
	8.9141	1.6978
	8.5358	1.548
	8.1575	1.4111
	7.7792	1.2841
	7.4009	1.164
	7.0226	1.048
	6.6443	0.9366
	6.266	0.8348
	5.8877	0.7448
	5.5094	0.6604
	5.1311	0.5745
	4.7528	0.4897
	4.3745	0.4169
	3.9962	0.3591
	3.6179	0.3055
	3.2396	0.2492
	2.8614	0.1926
	2.4831	0.1394
	2.1048	0.0933
	1.7265	0.0577
213	x	y
	9.1772	2.5144
	8.802	2.324
	8.4268	2.1332
	8.0516	1.9461
	7.6764	1.7666
	7.3012	1.5989
	6.926	1.4465
	6.5508	1.3075
	6.1756	1.1746
	5.8004	1.0436
	5.4252	0.9173
	5.0501	0.7993
	4.6749	0.6929
	4.2997	0.6005
	3.9245	0.5192
	3.5493	0.4405
	3.1741	0.3603
	2.7989	0.282
	2.4237	0.2098
	2.0485	0.1477
	1.6733	0.0997
214	x	y
	8.0609	2.6089
	7.742	2.3665
	7.423	2.1689
	7.1041	1.9979
	6.7852	1.8353
	6.4662	1.667
	6.1473	1.501
	5.8283	1.3523
	5.5094	1.2262
	5.1905	1.1111
	4.8715	0.9949
	4.5526	0.8788
	4.2337	0.772
	3.9147	0.6779
	3.5958	0.5894
	3.2769	0.4998
	2.9579	0.4108
	2.639	0.3281
	2.32	0.2572
	2.0011	0.2037
	1.6822	0.1732
215	x	y
	9.2835	0.4672
	8.907	0.4315
	8.5305	0.3912
	8.1539	0.3485
	7.7774	0.3055
	7.4009	0.2644
	7.0244	0.2271
	6.6478	0.1938
	6.2713	0.1627
	5.8948	0.1328
	5.5183	0.1045
	5.1417	0.0793
	4.7652	0.0588
	4.3887	0.0458
	4.0122	0.0406
	3.6357	0.0371
	3.2591	0.0293
	2.8826	0.0169
	2.5061	0.001
	2.1296	-0.0172
	1.753	-0.0367
216	x	y
	9.2924	0.9711
	8.9123	0.8887
	8.5322	0.8094
	8.1522	0.7338
	7.7721	0.6628
	7.392	0.597
	7.012	0.5373
	6.6319	0.4829
	6.2518	0.431
	5.8718	0.3787
	5.4917	0.3269
	5.1116	0.2777
	4.7316	0.2323
	4.3515	0.1908
	3.9714	0.1532
	3.5914	0.1196
	3.2113	0.09
	2.8312	0.063
	2.4512	0.0374
	2.0711	0.0116
	1.691	-0.0157
217	x	y
	9.2924	1.5591
	8.9127	1.4418
	8.5331	1.3325
	8.1535	1.2284
	7.7739	1.1268
	7.3942	1.0249
	7.0146	0.9201
	6.635	0.8136
	6.2554	0.7137
	5.8757	0.6277
	5.4961	0.5532
	5.1165	0.4836
	4.7369	0.4153
	4.3573	0.3516
	3.9776	0.2952
	3.598	0.2436
	3.2184	0.1936
	2.8388	0.1451
	2.4591	0.0987
	2.0795	0.0553
	1.6999	0.0157
218	x	y
	8.7608	2.5459
	8.4086	2.3685
	8.0565	2.1851
	7.7043	2.0003
	7.3522	1.8184
	7	1.6438
	6.6478	1.4808
	6.2957	1.3314
	5.9435	1.1949
	5.5914	1.0702
	5.2392	0.954
	4.887	0.8426
	4.5349	0.7348
	4.1827	0.6333
	3.8306	0.5407
	3.4784	0.4559
	3.1262	0.3775
	2.7741	0.3059
	2.4219	0.2421
	2.0698	0.1871
	1.7176	0.1417
219	x	y
	7.7542	2.561
	7.4583	2.3653
	7.1624	2.174
	6.8665	2.0013
	6.5706	1.8346
	6.2747	1.6738
	5.9789	1.525
	5.683	1.3763
	5.3871	1.2718
	5.0912	1.1704
	4.7953	1.0597
	4.4994	0.9446
	4.2036	0.8406
	3.9077	0.752
	3.6118	0.6639
	3.3159	0.5805
	3.02	0.5006
	2.7241	0.4279
	2.4283	0.3633
	2.1324	0.3037
	1.8365	0.2442
220	x	y
	8.9288	-1.4182
	8.5764	-1.3232
	8.224	-1.2283
	7.8716	-1.1416
	7.5192	-1.0687
	7.1669	-0.9959
	6.8145	-0.9168
	6.4621	-0.8374
	6.1097	-0.7586
	5.7573	-0.6873
	5.4049	-0.6171
	5.0525	-0.5521
	4.7001	-0.4872
	4.3477	-0.4481
	3.9953	-0.4152
	3.6429	-0.374
	3.2905	-0.3287
	2.9382	-0.2764
	2.5858	-0.2516
	2.2334	-0.2294
	1.881	-0.213
221	x	y
	8.6263	-2.4883
	8.289	-2.3048
	7.9517	-2.1213
	7.6145	-1.9499
	7.2772	-1.8093
	6.9399	-1.6664
	6.6027	-1.5205
	6.2654	-1.381
	5.9281	-1.2561
	5.5909	-1.136
	5.2536	-1.0461
	4.9164	-0.9562
	4.5791	-0.8641
	4.2418	-0.7712
	3.9046	-0.6826
	3.5673	-0.5951
	3.23	-0.5178
	2.8928	-0.4445
	2.5555	-0.3789
	2.2182	-0.3179
	1.881	-0.2649
222	x	y
	6.7931	-2.4364
	6.5324	-2.2456
	6.2716	-2.0868
	6.0109	-1.9263
	5.7502	-1.7839
	5.4894	-1.656
	5.2287	-1.5306
	4.968	-1.4056
	4.7072	-1.2806
	4.4465	-1.1786
	4.1858	-1.0917
	3.925	-0.9974
	3.6643	-0.9
	3.4036	-0.8043
	3.1428	-0.7195
	2.8821	-0.6353
	2.6214	-0.5637
	2.3606	-0.492
	2.0999	-0.4422
	1.8392	-0.4003
	1.5784	-0.3584
223	x	y
	5.743	-2.3532
	5.5348	-2.2059
	5.3266	-2.0662
	5.1184	-1.9319
	4.9101	-1.8001
	4.7019	-1.6684
	4.4937	-1.5557
	4.2854	-1.4448
	4.0772	-1.338
	3.869	-1.2357
	3.6607	-1.1336
	3.4525	-1.0388
	3.2443	-0.9441
	3.036	-0.8587
	2.8278	-0.7819
	2.6196	-0.7058
	2.4113	-0.6363
	2.2031	-0.5668
	1.9949	-0.5081
	1.7867	-0.454
	1.5784	-0.4
224	x	y
	9.3115	-1.0545
	8.9324	-0.9922
	8.5533	-0.9298
	8.1742	-0.8674
	7.7951	-0.8014
	7.416	-0.7317
	7.0369	-0.662
	6.6578	-0.6188
	6.2788	-0.5765
	5.8997	-0.5318
	5.5206	-0.4807
	5.1415	-0.4379
	4.7624	-0.4056
	4.3833	-0.3726
	4.0042	-0.3366
	3.6251	-0.3007
	3.2461	-0.2649
	2.867	-0.2297
	2.4879	-0.1969
	2.1088	-0.1703
	1.7297	-0.1403
225	x	y
	9.3026	-1.9169
	8.923	-1.7823
	8.5435	-1.6477
	8.164	-1.5132
	7.7844	-1.395
	7.4049	-1.2801
	7.0254	-1.1709
	6.6458	-1.0748
	6.2663	-0.9786
	5.8868	-0.8871
	5.5072	-0.7965
	5.1277	-0.7053
	4.7482	-0.6136
	4.3686	-0.5472
	3.9891	-0.498
	3.6096	-0.4488
	3.23	-0.3881
	2.8505	-0.3254
	2.471	-0.272
	2.0914	-0.2298
	1.7119	-0.1922
226	x	y
	8.5551	-2.4364
	8.2111	-2.2595
	7.8672	-2.0826
	7.5232	-1.9199
	7.1793	-1.7602
	6.8354	-1.6133
	6.4914	-1.477
	6.1475	-1.3406
	5.8036	-1.2201
	5.4596	-1.1033
	5.1157	-0.9974
	4.7717	-0.8992
	4.4278	-0.8049
	4.0839	-0.7217
	3.7399	-0.6385
	3.396	-0.5591
	3.0521	-0.4861
	2.7081	-0.4131
	2.3642	-0.3382
	2.0202	-0.2798
	1.6763	-0.2338
227	x	y
	7.327	-2.4987
	7.0392	-2.3263
	6.7513	-2.1277
	6.4634	-1.9642
	6.1755	-1.8201
	5.8877	-1.6761
	5.5998	-1.5404
	5.3119	-1.4059
	5.024	-1.2873
	4.7362	-1.1752
	4.4483	-1.0652
	4.1604	-0.9717
	3.8725	-0.8782
	3.5846	-0.7846
	3.2968	-0.6989
	3.0089	-0.6194
	2.721	-0.5398
	2.4331	-0.475
	2.1453	-0.417
	1.8574	-0.3665
	1.5695	-0.3169
228	x	y
	6.4816	-2.4987
	6.2338	-2.3285
	5.986	-2.1586
	5.7382	-1.9904
	5.4903	-1.855
	5.2425	-1.7392
	4.9947	-1.6213
	4.7468	-1.4863
	4.499	-1.3632
	4.2512	-1.2522
	4.0033	-1.1412
	3.7555	-1.0319
	3.5077	-0.9229
	3.2598	-0.8281
	3.012	-0.7549
	2.7642	-0.6818
	2.5164	-0.607
	2.2685	-0.5281
	2.0207	-0.4606
	1.7729	-0.4199
	1.525	-0.3792
229	x	y
	9.2759	-0.8779
	8.8932	-0.8276
	8.5106	-0.7772
	8.1279	-0.7269
	7.7453	-0.6744
	7.3626	-0.6209
	6.98	-0.5675
	6.5973	-0.5186
	6.2147	-0.4699
	5.832	-0.428
	5.4494	-0.3955
	5.0667	-0.363
	4.6841	-0.3303
	4.3014	-0.2976
	3.9188	-0.2649
	3.5362	-0.2446
	3.1535	-0.2222
	2.7709	-0.1974
	2.3882	-0.1628
	2.0056	-0.1423
	1.6229	-0.1299
230	x	y
	9.1958	-1.5429
	8.8162	-1.4368
	8.4367	-1.3307
	8.0572	-1.2246
	7.6776	-1.1244
	7.2981	-1.0273
	6.9186	-0.9301
	6.539	-0.8495
	6.1595	-0.7689
	5.78	-0.6926
	5.4004	-0.6222
	5.0209	-0.5518
	4.6414	-0.4951
	4.2618	-0.4397
	3.8823	-0.3847
	3.5028	-0.3341
	3.1232	-0.2915
	2.7437	-0.2584
	2.3642	-0.2255
	1.9846	-0.1931
	1.6051	-0.161
232	x	y
	9.2403	-2.187
	8.8572	-2.0299
	8.4741	-1.8727
	8.091	-1.7156
	7.7079	-1.5758
	7.3248	-1.4497
	6.9417	-1.3235
	6.5586	-1.2069
	6.1755	-1.092
	5.7924	-0.9837
	5.4093	-0.89
	5.0263	-0.7963
	4.6432	-0.709
	4.2601	-0.6227
	3.877	-0.5403
	3.4939	-0.4715
	3.1108	-0.4077
	2.7277	-0.3509
	2.3446	-0.3101
	1.9615	-0.2675
	1.5784	-0.2234
233	x	y
	8.3771	-2.5195
	8.0363	-2.3305
	7.6954	-2.1415
	7.3546	-1.9837
	7.0138	-1.8289
	6.673	-1.6778
	6.3321	-1.5295
	5.9913	-1.3811
	5.6505	-1.2595
	5.3097	-1.1499
	4.9689	-1.0413
	4.628	-0.9402
	4.2872	-0.839
	3.9464	-0.7382
	3.6056	-0.6449
	3.2647	-0.5515
	2.9239	-0.4825
	2.5831	-0.4137
	2.2423	-0.34
	1.9014	-0.2849
	1.5606	-0.2338
234	x	y
	7.3982	-2.5195
	7.105	-2.3405
	6.8118	-2.1644
	6.5186	-1.9953
	6.2254	-1.8517
	5.9321	-1.7082
	5.6389	-1.5695
	5.3457	-1.4398
	5.0525	-1.3101
	4.7593	-1.1925
	4.4661	-1.0886
	4.1729	-0.9847
	3.8796	-0.881
	3.5864	-0.78
	3.2932	-0.6791
	3	-0.5996
	2.7068	-0.5291
	2.4136	-0.4599
	2.1204	-0.3939
	1.8271	-0.345
	1.5339	-0.2961
235	x	y
	9.3382	-0.8052
	8.9493	-0.7433
	8.5604	-0.6814
	8.1715	-0.6195
	7.7826	-0.5695
	7.3938	-0.5327
	7.0049	-0.4959
	6.616	-0.4591
	6.2271	-0.4222
	5.8383	-0.389
	5.4494	-0.3611
	5.0605	-0.3332
	4.6716	-0.3088
	4.2828	-0.2853
	3.8939	-0.2618
	3.505	-0.2382
	3.1161	-0.2102
	2.7273	-0.1748
	2.3384	-0.153
	1.9495	-0.1346
	1.5606	-0.1195
236	x	y
	9.3204	-1.9273
	8.9306	-1.7947
	8.5408	-1.6621
	8.1511	-1.5295
	7.7613	-1.4032
	7.3715	-1.2822
	6.9818	-1.1624
	6.592	-1.0617
	6.2022	-0.961
	5.8125	-0.8702
	5.4227	-0.7899
	5.0329	-0.7096
	4.6432	-0.6348
	4.2534	-0.5617
	3.8636	-0.4887
	3.4739	-0.4166
	3.0841	-0.3496
	2.6943	-0.2927
	2.3046	-0.2471
	1.9148	-0.2004
	1.525	-0.1506
237	x	y
	7.8966	-2.4468
	7.5753	-2.2398
	7.2541	-2.0539
	6.9328	-1.9002
	6.6116	-1.7493
	6.2903	-1.6242
	5.9691	-1.4992
	5.6478	-1.3748
	5.3266	-1.2521
	5.0053	-1.1293
	4.6841	-1.0138
	4.3628	-0.9236
	4.0416	-0.8335
	3.7204	-0.7445
	3.3991	-0.658
	3.0779	-0.5729
	2.7566	-0.4945
	2.4354	-0.4239
	2.1141	-0.3695
	1.7929	-0.3167
	1.4716	-0.2649
238	x	y
	7.1758	-2.4675
	6.8888	-2.2915
	6.6018	-2.1222
	6.3148	-1.9859
	6.0278	-1.8421
	5.7408	-1.6839
	5.4538	-1.53
	5.1669	-1.4113
	4.8799	-1.2926
	4.5929	-1.1747
	4.3059	-1.0619
	4.0189	-0.949
	3.7319	-0.842
	3.4449	-0.7603
	3.158	-0.6787
	2.871	-0.613
	2.584	-0.5521
	2.297	-0.4717
	2.01	-0.3838
	1.723	-0.3359
	1.436	-0.2961
300	x	y
	9.0632	0.0987
	8.6903	0.0522
	8.3174	0.0057
	7.9445	-0.0379
	7.5716	-0.0538
	7.1986	-0.0696
	6.8257	-0.1006
	6.4528	-0.1478
	6.0799	-0.195
	5.707	-0.2183
	5.3341	-0.2369
	4.9612	-0.2548
	4.5883	-0.2586
	4.2153	-0.2624
	3.8424	-0.2662
	3.4695	-0.2702
	3.0966	-0.2742
	2.7237	-0.2685
	2.3508	-0.2589
	1.9779	-0.2435
	1.605	-0.2234
301	x	y
	7.0135	-0.3065
	6.7427	-0.3177
	6.4718	-0.329
	6.2009	-0.3402
	5.93	-0.3522
	5.6591	-0.366
	5.3883	-0.3798
	5.1174	-0.3936
	4.8465	-0.4015
	4.5756	-0.4043
	4.3047	-0.4071
	4.0339	-0.4098
	3.763	-0.4013
	3.4921	-0.39
	3.2212	-0.3787
	2.9503	-0.3665
	2.6795	-0.349
	2.4086	-0.3315
	2.1377	-0.3137
	1.8668	-0.2945
	1.5959	-0.2753
302	x	y
	9.0632	-0.1403
	8.6894	-0.1618
	8.3156	-0.1833
	7.9418	-0.2034
	7.5679	-0.2115
	7.1941	-0.2197
	6.8203	-0.2213
	6.4465	-0.2176
	6.0727	-0.2138
	5.6989	-0.213
	5.3251	-0.213
	4.9512	-0.213
	4.5774	-0.213
	4.2036	-0.213
	3.8298	-0.2099
	3.456	-0.2023
	3.0822	-0.1947
	2.7084	-0.1846
	2.3345	-0.1733
	1.9607	-0.162
	1.5869	-0.1506
303	x	y
	9.0903	-0.0364
	8.7151	-0.0609
	8.34	-0.0855
	7.9648	-0.1101
	7.5896	-0.1343
	7.2144	-0.1585
	6.8393	-0.1785
	6.4641	-0.1938
	6.0889	-0.2091
	5.7138	-0.213
	5.3386	-0.213
	4.9634	-0.213
	4.5883	-0.213
	4.2131	-0.213
	3.8379	-0.2101
	3.4628	-0.2025
	3.0876	-0.1948
	2.7124	-0.1847
	2.3372	-0.1734
	1.9621	-0.162
	1.5869	-0.1506
304	x	y
	9.0903	-0.0364
	8.7151	-0.0609
	8.34	-0.0855
	7.9648	-0.1101
	7.5896	-0.1343
	7.2144	-0.1585
	6.8393	-0.1837
	6.4641	-0.2102
	6.0889	-0.2368
	5.7138	-0.2442
	5.3386	-0.2442
	4.9634	-0.2453
	4.5883	-0.2606
	4.2131	-0.2758
	3.8379	-0.283
	3.4628	-0.2754
	3.0876	-0.2677
	2.7124	-0.245
	2.3372	-0.2135
	1.9621	-0.1821
	1.5869	-0.1506
305	x	y
	9.0903	-0.0364
	8.7138	-0.061
	8.3372	-0.0857
	7.9607	-0.1117
	7.5842	-0.1634
	7.2077	-0.215
	6.8312	-0.259
	6.4546	-0.2929
	6.0781	-0.3268
	5.7016	-0.3404
	5.3251	-0.3445
	4.9485	-0.3494
	4.572	-0.3611
	4.1955	-0.3728
	3.819	-0.3724
	3.4424	-0.3572
	3.0659	-0.342
	2.6894	-0.3196
	2.3129	-0.2945
	1.9363	-0.2693
	1.5598	-0.2442
306	x	y
	9.0903	-0.1091
	8.7133	-0.1091
	8.3363	-0.1091
	7.9594	-0.1097
	7.5824	-0.1217
	7.2054	-0.1336
	6.8284	-0.1487
	6.4515	-0.1677
	6.0745	-0.1867
	5.6975	-0.195
	5.3205	-0.199
	4.9436	-0.2026
	4.5666	-0.2026
	4.1896	-0.2026
	3.8126	-0.1971
	3.4357	-0.1859
	3.0587	-0.1747
	2.6817	-0.1595
	2.3047	-0.1427
	1.9278	-0.1259
	1.5508	-0.1091
307	x	y
	9.0993	-0.0364
	8.7219	-0.0609
	8.3445	-0.0854
	7.967	-0.1105
	7.5896	-0.154
	7.2122	-0.1974
	6.8348	-0.2265
	6.4573	-0.2342
	6.0799	-0.2418
	5.7025	-0.2609
	5.3251	-0.2848
	4.9476	-0.3069
	4.5702	-0.3109
	4.1928	-0.3149
	3.8153	-0.3094
	3.4379	-0.2945
	3.0605	-0.2797
	2.6831	-0.2575
	2.3056	-0.2323
	1.9282	-0.207
	1.5508	-0.1818
308	x	y
	9.0993	-0.0675
	8.7251	-0.0814
	8.3508	-0.0953
	7.9765	-0.1092
	7.6023	-0.125
	7.228	-0.1408
	6.8537	-0.1478
	6.4795	-0.1402
	6.1052	-0.1327
	5.7309	-0.1368
	5.3567	-0.1477
	4.9824	-0.1586
	4.6081	-0.1644
	4.2339	-0.1688
	3.8596	-0.1671
	3.4853	-0.156
	3.1111	-0.145
	2.7368	-0.132
	2.3625	-0.1174
	1.9883	-0.1029
	1.614	-0.0883
309	x	y
	9.0903	-0.0571
	8.7165	-0.0712
	8.3427	-0.0853
	7.9688	-0.0991
	7.595	-0.1068
	7.2212	-0.1145
	6.8474	-0.1222
	6.4736	-0.13
	6.0998	-0.1378
	5.726	-0.1452
	5.3521	-0.1524
	4.9783	-0.1595
	4.6045	-0.1645
	4.2307	-0.1688
	3.8569	-0.167
	3.4831	-0.156
	3.1093	-0.1449
	2.7354	-0.1319
	2.3616	-0.1174
	1.9878	-0.1028
	1.614	-0.0883
310	x	y
	9.0903	-0.047
	8.7151	-0.0612
	8.34	-0.0755
	7.9648	-0.0902
	7.5896	-0.1133
	7.2144	-0.1363
	6.8393	-0.1542
	6.4641	-0.1621
	6.0889	-0.1701
	5.7138	-0.1826
	5.3386	-0.1968
	4.9634	-0.211
	4.5883	-0.221
	4.2131	-0.2299
	3.8379	-0.2334
	3.4628	-0.2297
	3.0876	-0.2259
	2.7124	-0.2118
	2.3372	-0.1917
	1.9621	-0.1716
	1.5869	-0.1514
311	x	y
	9.0903	-0.047
	8.7151	-0.0612
	8.34	-0.0755
	7.9648	-0.0907
	7.5896	-0.1215
	7.2144	-0.1522
	6.8393	-0.1818
	6.4641	-0.2094
	6.0889	-0.2371
	5.7138	-0.2479
	5.3386	-0.2515
	4.9634	-0.2551
	4.5883	-0.2592
	4.2131	-0.2635
	3.8379	-0.265
	3.4628	-0.2612
	3.0876	-0.2574
	2.7124	-0.2382
	2.3372	-0.2093
	1.9621	-0.1804
	1.5869	-0.1514
312	x	y
	9.0903	-0.047
	8.7413	-0.0076
	8.3923	0.0318
	8.0433	0.0711
	7.6944	0.092
	7.3454	0.1086
	6.9964	0.1253
	6.6474	0.1359
	6.2984	0.1438
	5.9494	0.1516
	5.6005	0.1609
	5.2515	0.1701
	4.9025	0.1794
	4.5535	0.1828
	4.2045	0.1828
	3.8555	0.1828
	3.5065	0.1828
	3.1576	0.1828
	2.8086	0.1777
	2.4596	0.1593
	2.1106	0.141
313	x	y
	9.0903	-0.047
	8.7327	-0.0066
	8.3752	0.0337
	8.0176	0.074
	7.66	0.129
	7.3025	0.1857
	6.9449	0.2424
	6.5874	0.2703
	6.2298	0.2893
	5.8722	0.3083
	5.5147	0.328
	5.1571	0.3477
	4.7995	0.3674
	4.442	0.3783
	4.0844	0.3874
	3.7269	0.3842
	3.3693	0.3702
	3.0117	0.3562
	2.6542	0.3251
	2.2966	0.28
	1.9391	0.235
314	x	y
	9.0903	-0.047
	8.7305	-0.0064
	8.3707	0.0342
	8.0108	0.0748
	7.651	0.0783
	7.2912	0.0783
	6.9314	0.0783
	6.5716	0.0897
	6.2117	0.1048
	5.8519	0.12
	5.4921	0.1135
	5.1323	0.1067
	4.7725	0.1
	4.4126	0.103
	4.0528	0.1073
	3.693	0.1016
	3.3332	0.0835
	2.9734	0.0654
	2.6135	0.0552
	2.2537	0.0511
	1.8939	0.047
315	x	y
	9.0903	-0.047
	8.7287	-0.0062
	8.367	0.0346
	8.0054	0.0754
	7.6438	0.0968
	7.2822	0.1167
	6.9205	0.1367
	6.5589	0.1498
	6.1973	0.1611
	5.8357	0.1725
	5.474	0.186
	5.1124	0.1995
	4.7508	0.213
	4.3892	0.2064
	4.0275	0.1979
	3.6659	0.1899
	3.3043	0.1823
	2.9427	0.1748
	2.581	0.1566
	2.2194	0.1331
	1.8578	0.1097
316	x	y
	9.0903	-0.047
	8.7264	-0.0059
	8.3625	0.0351
	7.9986	0.0762
	7.6348	0.123
	7.2709	0.1702
	6.907	0.2173
	6.5431	0.2441
	6.1792	0.2673
	5.8153	0.2891
	5.4515	0.3025
	5.0876	0.3158
	4.7237	0.3288
	4.3598	0.3165
	3.9959	0.3043
	3.6321	0.2922
	3.2682	0.2804
	2.9043	0.2686
	2.5404	0.2454
	2.1765	0.2193
	1.8126	0.1932
317	x	y
	9.0903	-0.047
	8.7255	-0.0058
	8.3607	0.0353
	7.9959	0.0765
	7.6312	0.0752
	7.2664	0.0718
	6.9016	0.0685
	6.5368	0.0743
	6.172	0.0822
	5.8072	0.0888
	5.4424	0.0888
	5.0777	0.0888
	4.7129	0.0888
	4.3481	0.0926
	3.9833	0.0968
	3.6185	0.0943
	3.2537	0.0827
	2.8889	0.0711
	2.5242	0.0623
	2.1594	0.0547
	1.7946	0.047
318	x	y
	9.0903	-0.047
	8.7246	-0.0057
	8.3589	0.0355
	7.9932	0.0768
	7.6275	0.0815
	7.2619	0.0849
	6.8962	0.0882
	6.5305	0.0987
	6.1648	0.1106
	5.7991	0.1201
	5.4334	0.1201
	5.0677	0.1201
	4.702	0.1201
	4.3363	0.1201
	3.9707	0.1201
	3.605	0.1147
	3.2393	0.103
	2.8736	0.0912
	2.5079	0.0917
	2.1422	0.0955
	1.7765	0.0992
319	x	y
	9.0903	-0.047
	8.7237	-0.0056
	8.3571	0.0357
	7.9905	0.0771
	7.6239	0.0978
	7.2573	0.1178
	6.8907	0.1378
	6.5242	0.1578
	6.1576	0.1778
	5.791	0.1961
	5.4244	0.2087
	5.0578	0.2212
	4.6912	0.2338
	4.3246	0.2233
	3.958	0.2105
	3.5914	0.2018
	3.2248	0.1979
	2.8582	0.194
	2.4916	0.1692
	2.1251	0.1394
	1.7585	0.1097
320	x	y
	9.0903	-0.047
	8.7237	-0.0056
	8.3571	0.0357
	7.9905	0.0771
	7.6239	0.0718
	7.2573	0.0652
	6.8907	0.0585
	6.5242	0.0676
	6.1576	0.0796
	5.791	0.0873
	5.4244	0.081
	5.0578	0.0747
	4.6912	0.0683
	4.3246	0.06
	3.958	0.0515
	3.5914	0.0415
	3.2248	0.0297
	2.8582	0.0179
	2.4916	0.0157
	2.1251	0.0157
	1.7585	0.0157
321	x	y
	9.0903	-0.047
	8.7187	-0.0051
	8.3472	0.0369
	7.9756	0.0784
	7.6041	0.0816
	7.2325	0.0848
	6.8609	0.088
	6.4894	0.1086
	6.1178	0.1349
	5.7463	0.1502
	5.3747	0.1471
	5.0032	0.1439
	4.6316	0.1406
	4.26	0.1363
	3.8885	0.1321
	3.5169	0.123
	3.1454	0.1112
	2.7738	0.0993
	2.4023	0.0958
	2.0307	0.0923
	1.6591	0.0888
322	x	y
	9.0993	-0.0261
	8.7273	0.0086
	8.3553	0.0433
	7.9833	0.078
	7.6113	0.1036
	7.2393	0.1291
	6.8673	0.1546
	6.4953	0.1714
	6.1233	0.1847
	5.7512	0.1921
	5.3792	0.1889
	5.0072	0.1858
	4.6352	0.1831
	4.2632	0.1917
	3.8912	0.2003
	3.5192	0.199
	3.1472	0.1912
	2.7752	0.1834
	2.4032	0.1533
	2.0312	0.121
	1.6591	0.0888
