#	time(s)	count A	count B	count C	count D
1	0.0100	-12	-14		
2	0.0200	-12	-14		
3	0.0300	-12	-14		
4	0.0400	-12	-14		
5	0.0500	-12	-14		
6	0.0600	-12	-14		
7	0.0700	-12	-14		
8	0.0800	-12	-14		
9	0.0900	-12	-14		
10	0.1000	-12	-14		
11	0.1100	-12	-14		
12	0.1200	-12	-14		
13	0.1300	-12	-14		
14	0.1400	-12	-14		
15	0.1500	-12	-14		
16	0.1600	-12	-15		
17	0.1700	-12	-15		
18	0.1800	-12	-15		
19	0.1900	-12	-15		
20	0.2000	-12	-15		
21	0.2100	-12	-15		
22	0.2200	-12	-15		
23	0.2300	-12	-15		
24	0.2400	-12	-15		
25	0.2500	-12	-15		
26	0.2600	-12	-15		
27	0.2700	-12	-16		
28	0.2800	-12	-16		
29	0.2900	-12	-16		
30	0.3000	-12	-16		
31	0.3100	-12	-16		
32	0.3200	-12	-16		
33	0.3300	-12	-16		
34	0.3400	-12	-16		
35	0.3500	-12	-16		
36	0.3600	-12	-16		
37	0.3700	-12	-16		
38	0.3800	-12	-16		
39	0.3900	-12	-16		
40	0.4000	-12	-16		
41	0.4100	-12	-16		
42	0.4200	-12	-16		
43	0.4300	-12	-16		
44	0.4400	-12	-16		
45	0.4500	-12	-16		
46	0.4600	-12	-16		
47	0.4700	-12	-16		
48	0.4800	-12	-16		
49	0.4900	-12	-16		
50	0.5000	-12	-16		
51	0.5100	-12	-16		
52	0.5200	-12	-16		
53	0.5300	-12	-16		
54	0.5400	-12	-16		
55	0.5500	-12	-15		
56	0.5600	-12	-15		
57	0.5700	-12	-15		
58	0.5800	-12	-15		
59	0.5900	-12	-15		
60	0.6000	-12	-15		
61	0.6100	-12	-15		
62	0.6200	-12	-15		
63	0.6300	-11	-15		
64	0.6400	-11	-15		
65	0.6500	-10	-14		
66	0.6600	-9	-14		
67	0.6700	-8	-14		
68	0.6800	-7	-14		
69	0.6900	-6	-14		
70	0.7000	-5	-14		
71	0.7100	-4	-14		
72	0.7200	-3	-14		
73	0.7300	-2	-14		
74	0.7400	-2	-14		
75	0.7500	-1	-14		
76	0.7600	0	-14		
77	0.7700	1	-13		
78	0.7800	2	-13		
79	0.7900	2	-13		
80	0.8000	3	-13		
81	0.8100	4	-13		
82	0.8200	5	-12		
83	0.8300	6	-12		
84	0.8400	7	-12		
85	0.8500	8	-12		
86	0.8600	8	-12		
87	0.8700	9	-11		
88	0.8800	10	-11		
89	0.8900	10	-11		
90	0.9000	11	-11		
91	0.9100	11	-10		
92	0.9200	12	-10		
93	0.9300	12	-10		
94	0.9400	12	-10		
95	0.9500	12	-9		
96	0.9600	12	-9		
97	0.9700	12	-8		
98	0.9800	12	-8		
99	0.9900	12	-8		
100	1.0000	12	-8		
101	1.0100	12	-7		
102	1.0200	12	-7		
103	1.0300	12	-7		
104	1.0400	11	-6		
105	1.0500	11	-6		
106	1.0600	10	-6		
107	1.0700	10	-6		
108	1.0800	9	-5		
109	1.0900	8	-5		
110	1.1000	8	-5		
111	1.1100	7	-4		
112	1.1200	6	-4		
113	1.1300	5	-4		
114	1.1400	4	-4		
115	1.1500	4	-4		
116	1.1600	3	-4		
117	1.1700	2	-4		
118	1.1800	1	-4		
119	1.1900	0	-4		
120	1.2000	-1	-4		
121	1.2100	-2	-4		
122	1.2200	-3	-4		
123	1.2300	-4	-4		
124	1.2400	-5	-4		
125	1.2500	-6	-4		
126	1.2600	-6	-4		
127	1.2700	-7	-4		
128	1.2800	-8	-5		
129	1.2900	-9	-5		
130	1.3000	-10	-6		
131	1.3100	-10	-6		
132	1.3200	-11	-6		
133	1.3300	-12	-7		
134	1.3400	-12	-7		
135	1.3500	-12	-8		
136	1.3600	-13	-8		
137	1.3700	-13	-9		
138	1.3800	-14	-10		
139	1.3900	-14	-10		
140	1.4000	-14	-11		
141	1.4100	-14	-12		
142	1.4200	-14	-12		
143	1.4300	-14	-13		
144	1.4400	-14	-14		
145	1.4500	-14	-14		
146	1.4600	-14	-15		
147	1.4700	-13	-16		
148	1.4800	-13	-16		
149	1.4900	-12	-17		
150	1.5000	-12	-18		
151	1.5100	-11	-18		
152	1.5200	-11	-19		
153	1.5300	-10	-20		
154	1.5400	-9	-20		
155	1.5500	-8	-21		
156	1.5600	-8	-22		
157	1.5700	-7	-22		
158	1.5800	-6	-22		
159	1.5900	-5	-23		
160	1.6000	-4	-23		
161	1.6100	-4	-24		
162	1.6200	-2	-24		
163	1.6300	-2	-24		
164	1.6400	-1	-24		
165	1.6500	0	-25		
166	1.6600	1	-25		
167	1.6700	2	-25		
168	1.6800	3	-25		
169	1.6900	4	-25		
170	1.7000	5	-25		
171	1.7100	6	-24		
172	1.7200	6	-24		
173	1.7300	7	-24		
174	1.7400	8	-24		
175	1.7500	8	-23		
176	1.7600	9	-23		
177	1.7700	10	-22		
178	1.7800	10	-22		
179	1.7900	11	-21		
180	1.8000	11	-20		
181	1.8100	12	-19		
182	1.8200	12	-19		
183	1.8300	12	-18		
184	1.8400	12	-17		
185	1.8500	12	-16		
186	1.8600	12	-15		
187	1.8700	12	-14		
188	1.8800	12	-13		
189	1.8900	12	-12		
190	1.9000	12	-11		
191	1.9100	12	-10		
192	1.9200	12	-9		
193	1.9300	11	-8		
194	1.9400	10	-7		
195	1.9500	10	-6		
196	1.9600	10	-4		
197	1.9700	9	-4		
198	1.9800	8	-2		
199	1.9900	8	-2		
200	2.0000	6	-1		
201	2.0100	6	0		
202	2.0200	5	1		
203	2.0300	4	2		
204	2.0400	3	3		
205	2.0500	2	4		
206	2.0600	1	4		
207	2.0700	0	5		
208	2.0800	0	6		
209	2.0900	-2	6		
210	2.1000	-2	6		
211	2.1100	-3	7		
212	2.1200	-4	7		
213	2.1300	-5	7		
214	2.1400	-6	7		
215	2.1500	-7	7		
216	2.1600	-8	7		
217	2.1700	-8	7		
218	2.1800	-9	7		
219	2.1900	-10	6		
220	2.2000	-10	6		
221	2.2100	-11	6		
222	2.2200	-12	5		
223	2.2300	-12	4		
224	2.2400	-12	4		
225	2.2500	-13	3		
226	2.2600	-13	2		
227	2.2700	-14	1		
228	2.2800	-14	0		
229	2.2900	-14	-1		
230	2.3000	-14	-2		
231	2.3100	-14	-3		
232	2.3200	-14	-4		
233	2.3300	-14	-6		
234	2.3400	-14	-7		
235	2.3500	-13	-8		
236	2.3600	-13	-10		
237	2.3700	-12	-11		
238	2.3800	-12	-12		
239	2.3900	-12	-14		
240	2.4000	-11	-15		
241	2.4100	-10	-17		
242	2.4200	-10	-18		
243	2.4300	-9	-20		
244	2.4400	-8	-21		
245	2.4500	-8	-22		
246	2.4600	-6	-23		
247	2.4700	-6	-25		
248	2.4800	-5	-26		
249	2.4900	-4	-27		
250	2.5000	-3	-28		
251	2.5100	-2	-29		
252	2.5200	-1	-30		
253	2.5300	0	-31		
254	2.5400	1	-32		
255	2.5500	2	-32		
256	2.5600	2	-33		
257	2.5700	4	-34		
258	2.5800	4	-34		
259	2.5900	5	-34		
260	2.6000	6	-34		
261	2.6100	7	-35		
262	2.6200	8	-35		
263	2.6300	8	-35		
264	2.6400	9	-34		
265	2.6500	10	-34		
266	2.6600	10	-34		
267	2.6700	10	-33		
268	2.6800	11	-33		
269	2.6900	12	-32		
270	2.7000	12	-31		
271	2.7100	12	-30		
272	2.7200	12	-29		
273	2.7300	12	-28		
274	2.7400	12	-27		
275	2.7500	12	-26		
276	2.7600	12	-24		
277	2.7700	12	-23		
278	2.7800	12	-22		
279	2.7900	12	-20		
280	2.8000	12	-18		
281	2.8100	11	-17		
282	2.8200	11	-15		
283	2.8300	10	-14		
284	2.8400	10	-12		
285	2.8500	9	-10		
286	2.8600	8	-8		
287	2.8700	8	-7		
288	2.8800	7	-5		
289	2.8900	6	-3		
290	2.9000	5	-2		
291	2.9100	4	0		
292	2.9200	4	2		
293	2.9300	2	3		
294	2.9400	2	4		
295	2.9500	1	6		
296	2.9600	0	7		
297	2.9700	-1	8		
298	2.9800	-2	10		
299	2.9900	-3	11		
300	3.0000	-4	12		
301	3.0100	-5	13		
302	3.0200	-6	14		
303	3.0300	-6	14		
304	3.0400	-8	15		
305	3.0500	-8	15		
306	3.0600	-9	16		
307	3.0700	-10	16		
308	3.0800	-10	16		
309	3.0900	-11	16		
310	3.1000	-12	16		
311	3.1100	-12	16		
312	3.1200	-12	15		
313	3.1300	-13	15		
314	3.1400	-13	14		
315	3.1500	-14	14		
316	3.1600	-14	13		
317	3.1700	-14	12		
318	3.1800	-14	11		
319	3.1900	-14	10		
320	3.2000	-14	8		
321	3.2100	-14	7		
322	3.2200	-14	5		
323	3.2300	-13	4		
324	3.2400	-13	2		
325	3.2500	-13	0		
326	3.2600	-12	-1		
327	3.2700	-12	-3		
328	3.2800	-11	-5		
329	3.2900	-10	-7		
330	3.3000	-10	-9		
331	3.3100	-9	-11		
332	3.3200	-8	-13		
333	3.3300	-8	-15		
334	3.3400	-7	-16		
335	3.3500	-6	-18		
336	3.3600	-5	-20		
337	3.3700	-4	-22		
338	3.3800	-4	-24		
339	3.3900	-2	-26		
340	3.4000	-2	-28		
341	3.4100	0	-29		
342	3.4200	0	-31		
343	3.4300	1	-32		
344	3.4400	2	-34		
345	3.4500	3	-35		
346	3.4600	4	-36		
347	3.4700	5	-38		
348	3.4800	6	-38		
349	3.4900	6	-40		
350	3.5000	7	-40		
351	3.5100	8	-41		
352	3.5200	8	-41		
353	3.5300	9	-42		
354	3.5400	10	-42		
355	3.5500	10	-42		
356	3.5600	11	-42		
357	3.5700	11	-42		
358	3.5800	12	-42		
359	3.5900	12	-41		
360	3.6000	12	-40		
361	3.6100	12	-40		
362	3.6200	12	-39		
363	3.6300	12	-38		
364	3.6400	12	-37		
365	3.6500	12	-36		
366	3.6600	12	-34		
367	3.6700	12	-33		
368	3.6800	12	-31		
369	3.6900	11	-30		
370	3.7000	11	-28		
371	3.7100	10	-26		
372	3.7200	10	-24		
373	3.7300	9	-22		
374	3.7400	8	-20		
375	3.7500	8	-18		
376	3.7600	7	-16		
377	3.7700	6	-14		
378	3.7800	6	-12		
379	3.7900	5	-10		
380	3.8000	4	-8		
381	3.8100	3	-6		
382	3.8200	2	-4		
383	3.8300	1	-1		
384	3.8400	0	1		
385	3.8500	-1	3		
386	3.8600	-2	5		
387	3.8700	-3	7		
388	3.8800	-4	8		
389	3.8900	-4	10		
390	3.9000	-6	12		
391	3.9100	-6	13		
392	3.9200	-7	15		
393	3.9300	-8	16		
394	3.9400	-9	17		
395	3.9500	-10	18		
396	3.9600	-10	19		
397	3.9700	-11	20		
398	3.9800	-11	20		
399	3.9900	-12	21		
400	4.0000	-12	22		
401	4.0100	-13	22		
402	4.0200	-13	22		
403	4.0300	-14	22		
404	4.0400	-14	22		
405	4.0500	-14	21		
406	4.0600	-14	21		
407	4.0700	-14	20		
408	4.0800	-14	19		
409	4.0900	-14	18		
410	4.1000	-14	17		
411	4.1100	-14	16		
412	4.1200	-13	14		
413	4.1300	-13	13		
414	4.1400	-12	12		
415	4.1500	-12	10		
416	4.1600	-12	8		
417	4.1700	-11	6		
418	4.1800	-10	4		
419	4.1900	-10	2		
420	4.2000	-9	0		
421	4.2100	-8	-2		
422	4.2200	-7	-4		
423	4.2300	-6	-6		
424	4.2400	-6	-9		
425	4.2500	-5	-11		
426	4.2600	-4	-13		
427	4.2700	-3	-16		
428	4.2800	-2	-18		
429	4.2900	-1	-20		
430	4.3000	0	-22		
431	4.3100	1	-24		
432	4.3200	2	-26		
433	4.3300	3	-28		
434	4.3400	4	-30		
435	4.3500	4	-32		
436	4.3600	5	-34		
437	4.3700	6	-36		
438	4.3800	7	-37		
439	4.3900	8	-39		
440	4.4000	8	-40		
441	4.4100	9	-41		
442	4.4200	10	-42		
443	4.4300	10	-44		
444	4.4400	11	-44		
445	4.4500	11	-45		
446	4.4600	12	-45		
447	4.4700	12	-46		
448	4.4800	12	-46		
449	4.4900	12	-46		
450	4.5000	12	-46		
451	4.5100	12	-46		
452	4.5200	12	-45		
453	4.5300	12	-44		
454	4.5400	12	-44		
455	4.5500	12	-43		
456	4.5600	12	-42		
457	4.5700	11	-41		
458	4.5800	11	-40		
459	4.5900	10	-38		
460	4.6000	10	-36		
461	4.6100	10	-35		
462	4.6200	9	-33		
463	4.6300	8	-31		
464	4.6400	8	-29		
465	4.6500	6	-27		
466	4.6600	6	-25		
467	4.6700	5	-23		
468	4.6800	4	-21		
469	4.6900	3	-18		
470	4.7000	2	-16		
471	4.7100	2	-14		
472	4.7200	0	-11		
473	4.7300	0	-9		
474	4.7400	-2	-7		
475	4.7500	-2	-4		
476	4.7600	-3	-2		
477	4.7700	-4	0		
478	4.7800	-5	2		
479	4.7900	-6	4		
480	4.8000	-7	6		
481	4.8100	-8	8		
482	4.8200	-8	10		
483	4.8300	-9	12		
484	4.8400	-10	14		
485	4.8500	-10	16		
486	4.8600	-11	17		
487	4.8700	-12	18		
488	4.8800	-12	20		
489	4.8900	-12	20		
490	4.9000	-13	21		
491	4.9100	-13	22		
492	4.9200	-14	23		
493	4.9300	-14	23		
494	4.9400	-14	24		
495	4.9500	-14	24		
496	4.9600	-14	24		
497	4.9700	-14	24		
498	4.9800	-14	23		
499	4.9900	-14	23		
500	5.0000	-13	22		
501	5.0100	-13	21		
502	5.0200	-12	20		
503	5.0300	-12	19		
504	5.0400	-12	18		
505	5.0500	-11	17		
506	5.0600	-10	15		
507	5.0700	-10	14		
508	5.0800	-9	12		
509	5.0900	-8	10		
510	5.1000	-8	8		
511	5.1100	-7	6		
512	5.1200	-6	4		
513	5.1300	-5	2		
514	5.1400	-4	0		
515	5.1500	-3	-2		
516	5.1600	-2	-5		
517	5.1700	-1	-7		
518	5.1800	0	-9		
519	5.1900	0	-12		
520	5.2000	2	-14		
521	5.2100	2	-16		
522	5.2200	3	-19		
523	5.2300	4	-21		
524	5.2400	5	-23		
525	5.2500	6	-25		
526	5.2600	7	-28		
527	5.2700	8	-30		
528	5.2800	8	-31		
529	5.2900	9	-33		
530	5.3000	9	-35		
531	5.3100	10	-36		
532	5.3200	10	-38		
533	5.3300	11	-40		
534	5.3400	11	-41		
535	5.3500	12	-42		
536	5.3600	12	-43		
537	5.3700	12	-44		
538	5.3800	12	-44		
539	5.3900	12	-45		
540	5.4000	12	-46		
541	5.4100	12	-46		
542	5.4200	12	-46		
543	5.4300	12	-46		
544	5.4400	12	-46		
545	5.4500	12	-45		
546	5.4600	11	-45		
547	5.4700	11	-44		
548	5.4800	10	-43		
549	5.4900	10	-42		
550	5.5000	9	-41		
551	5.5100	8	-40		
552	5.5200	8	-38		
553	5.5300	7	-37		
554	5.5400	6	-36		
555	5.5500	5	-34		
556	5.5600	4	-32		
557	5.5700	4	-30		
558	5.5800	3	-28		
559	5.5900	2	-26		
560	5.6000	1	-24		
561	5.6100	0	-22		
562	5.6200	-1	-20		
563	5.6300	-2	-17		
564	5.6400	-3	-15		
565	5.6500	-4	-13		
566	5.6600	-5	-11		
567	5.6700	-6	-8		
568	5.6800	-6	-6		
569	5.6900	-7	-4		
570	5.7000	-8	-2		
571	5.7100	-9	0		
572	5.7200	-10	2		
573	5.7300	-10	4		
574	5.7400	-11	6		
575	5.7500	-12	8		
576	5.7600	-12	10		
577	5.7700	-12	12		
578	5.7800	-13	13		
579	5.7900	-13	15		
580	5.8000	-14	16		
581	5.8100	-14	17		
582	5.8200	-14	18		
583	5.8300	-14	19		
584	5.8400	-14	20		
585	5.8500	-14	20		
586	5.8600	-14	21		
587	5.8700	-14	21		
588	5.8800	-14	22		
589	5.8900	-13	22		
590	5.9000	-13	22		
591	5.9100	-12	21		
592	5.9200	-12	21		
593	5.9300	-11	20		
594	5.9400	-11	20		
595	5.9500	-10	19		
596	5.9600	-9	18		
597	5.9700	-8	17		
598	5.9800	-8	16		
599	5.9900	-7	14		
600	6.0000	-6	13		
601	6.0100	-5	11		
602	6.0200	-4	10		
603	6.0300	-4	8		
604	6.0400	-2	6		
605	6.0500	-2	4		
606	6.0600	-1	2		
607	6.0700	0	0		
608	6.0800	1	-2		
609	6.0900	2	-4		
610	6.1000	3	-6		
611	6.1100	4	-8		
612	6.1200	5	-10		
613	6.1300	6	-12		
614	6.1400	6	-14		
615	6.1500	7	-16		
616	6.1600	8	-19		
617	6.1700	8	-21		
618	6.1800	9	-22		
619	6.1900	10	-24		
620	6.2000	10	-26		
621	6.2100	11	-28		
622	6.2200	11	-30		
623	6.2300	12	-32		
624	6.2400	12	-33		
625	6.2500	12	-34		
626	6.2600	12	-36		
627	6.2700	12	-37		
628	6.2800	12	-38		
629	6.2900	12	-39		
630	6.3000	12	-40		
631	6.3100	12	-40		
632	6.3200	12	-41		
633	6.3300	12	-41		
634	6.3400	11	-42		
635	6.3500	11	-42		
636	6.3600	10	-42		
637	6.3700	10	-42		
638	6.3800	9	-42		
639	6.3900	9	-41		
640	6.4000	8	-40		
641	6.4100	7	-40		
642	6.4200	6	-39		
643	6.4300	6	-38		
644	6.4400	5	-37		
645	6.4500	4	-36		
646	6.4600	3	-35		
647	6.4700	2	-33		
648	6.4800	1	-32		
649	6.4900	0	-30		
650	6.5000	-1	-29		
651	6.5100	-2	-27		
652	6.5200	-2	-25		
653	6.5300	-4	-24		
654	6.5400	-4	-22		
655	6.5500	-5	-20		
656	6.5600	-6	-18		
657	6.5700	-7	-16		
658	6.5800	-8	-14		
659	6.5900	-8	-12		
660	6.6000	-9	-10		
661	6.6100	-10	-8		
662	6.6200	-11	-6		
663	6.6300	-11	-4		
664	6.6400	-12	-3		
665	6.6500	-12	-1		
666	6.6600	-13	1		
667	6.6700	-13	2		
668	6.6800	-14	4		
669	6.6900	-14	6		
670	6.7000	-14	7		
671	6.7100	-14	8		
672	6.7200	-14	10		
673	6.7300	-14	11		
674	6.7400	-14	12		
675	6.7500	-14	13		
676	6.7600	-14	14		
677	6.7700	-13	14		
678	6.7800	-13	15		
679	6.7900	-12	15		
680	6.8000	-12	16		
681	6.8100	-12	16		
682	6.8200	-11	16		
683	6.8300	-10	16		
684	6.8400	-10	16		
685	6.8500	-9	15		
686	6.8600	-8	15		
687	6.8700	-7	14		
688	6.8800	-6	14		
689	6.8900	-6	13		
690	6.9000	-5	12		
691	6.9100	-4	11		
692	6.9200	-3	10		
693	6.9300	-2	9		
694	6.9400	-1	8		
695	6.9500	0	7		
696	6.9600	1	5		
697	6.9700	2	4		
698	6.9800	2	2		
699	6.9900	4	1		
700	7.0000	4	-1		
701	7.0100	5	-2		
702	7.0200	6	-4		
703	7.0300	7	-6		
704	7.0400	8	-7		
705	7.0500	8	-9		
706	7.0600	9	-11		
707	7.0700	10	-12		
708	7.0800	10	-14		
709	7.0900	10	-16		
710	7.1000	11	-17		
711	7.1100	12	-19		
712	7.1200	12	-20		
713	7.1300	12	-22		
714	7.1400	12	-23		
715	7.1500	12	-25		
716	7.1600	12	-26		
717	7.1700	12	-27		
718	7.1800	12	-28		
719	7.1900	12	-29		
720	7.2000	12	-30		
721	7.2100	12	-31		
722	7.2200	12	-32		
723	7.2300	11	-32		
724	7.2400	10	-33		
725	7.2500	10	-34		
726	7.2600	10	-34		
727	7.2700	9	-34		
728	7.2800	8	-34		
729	7.2900	8	-34		
730	7.3000	7	-34		
731	7.3100	6	-34		
732	7.3200	5	-34		
733	7.3300	4	-34		
734	7.3400	4	-33		
735	7.3500	2	-32		
736	7.3600	2	-32		
737	7.3700	0	-31		
738	7.3800	0	-30		
739	7.3900	-1	-30		
740	7.4000	-2	-28		
741	7.4100	-3	-27		
742	7.4200	-4	-26		
743	7.4300	-5	-25		
744	7.4400	-6	-24		
745	7.4500	-7	-23		
746	7.4600	-8	-21		
747	7.4700	-8	-20		
748	7.4800	-9	-19		
749	7.4900	-10	-17		
750	7.5000	-10	-16		
751	7.5100	-11	-15		
752	7.5200	-12	-13		
753	7.5300	-12	-12		
754	7.5400	-12	-10		
755	7.5500	-13	-9		
756	7.5600	-13	-8		
757	7.5700	-14	-6		
758	7.5800	-14	-5		
759	7.5900	-14	-4		
760	7.6000	-14	-3		
761	7.6100	-14	-2		
762	7.6200	-14	0		
763	7.6300	-14	0		
764	7.6400	-14	1		
765	7.6500	-13	2		
766	7.6600	-13	3		
767	7.6700	-13	4		
768	7.6800	-12	4		
769	7.6900	-12	5		
770	7.7000	-11	6		
771	7.7100	-10	6		
772	7.7200	-10	6		
773	7.7300	-9	6		
774	7.7400	-8	7		
775	7.7500	-8	7		
776	7.7600	-7	7		
777	7.7700	-6	7		
778	7.7800	-5	6		
779	7.7900	-4	6		
780	7.8000	-3	6		
781	7.8100	-2	6		
782	7.8200	-2	5		
783	7.8300	0	5		
784	7.8400	0	4		
785	7.8500	1	3		
786	7.8600	2	3		
787	7.8700	3	2		
788	7.8800	4	1		
789	7.8900	5	0		
790	7.9000	6	-1		
791	7.9100	6	-2		
792	7.9200	7	-2		
793	7.9300	8	-4		
794	7.9400	9	-4		
795	7.9500	9	-6		
796	7.9600	10	-7		
797	7.9700	10	-8		
798	7.9800	11	-9		
799	7.9900	11	-10		
800	8.0000	12	-11		
801	8.0100	12	-12		
802	8.0200	12	-13		
803	8.0300	12	-14		
804	8.0400	12	-15		
805	8.0500	12	-16		
806	8.0600	12	-17		
807	8.0700	12	-18		
808	8.0800	12	-18		
809	8.0900	12	-19		
810	8.1000	12	-20		
811	8.1100	11	-20		
812	8.1200	11	-21		
813	8.1300	10	-22		
814	8.1400	10	-22		
815	8.1500	9	-23		
816	8.1600	8	-23		
817	8.1700	8	-24		
818	8.1800	7	-24		
819	8.1900	6	-24		
820	8.2000	6	-24		
821	8.2100	4	-24		
822	8.2200	4	-24		
823	8.2300	3	-24		
824	8.2400	2	-24		
825	8.2500	1	-24		
826	8.2600	0	-24		
827	8.2700	-1	-24		
828	8.2800	-2	-24		
829	8.2900	-3	-23		
830	8.3000	-4	-23		
831	8.3100	-4	-22		
832	8.3200	-6	-22		
833	8.3300	-6	-22		
834	8.3400	-7	-21		
835	8.3500	-8	-20		
836	8.3600	-9	-20		
837	8.3700	-10	-19		
838	8.3800	-10	-18		
839	8.3900	-11	-18		
840	8.4000	-12	-17		
841	8.4100	-12	-16		
842	8.4200	-12	-16		
843	8.4300	-13	-15		
844	8.4400	-13	-14		
845	8.4500	-14	-14		
846	8.4600	-14	-13		
847	8.4700	-14	-12		
848	8.4800	-14	-12		
849	8.4900	-14	-11		
850	8.5000	-14	-10		
851	8.5100	-14	-10		
852	8.5200	-14	-9		
853	8.5300	-14	-9		
854	8.5400	-13	-8		
855	8.5500	-13	-8		
856	8.5600	-12	-7		
857	8.5700	-12	-7		
858	8.5800	-12	-6		
859	8.5900	-11	-6		
860	8.6000	-10	-6		
861	8.6100	-10	-5		
862	8.6200	-9	-5		
863	8.6300	-8	-5		
864	8.6400	-7	-4		
865	8.6500	-6	-4		
866	8.6600	-6	-4		
867	8.6700	-4	-4		
868	8.6800	-4	-4		
869	8.6900	-3	-4		
870	8.7000	-2	-4		
871	8.7100	-1	-4		
872	8.7200	0	-4		
873	8.7300	1	-4		
874	8.7400	2	-4		
875	8.7500	3	-4		
876	8.7600	4	-5		
877	8.7700	4	-5		
878	8.7800	6	-5		
879	8.7900	6	-5		
880	8.8000	7	-6		
881	8.8100	8	-6		
882	8.8200	8	-6		
883	8.8300	9	-6		
884	8.8400	10	-7		
885	8.8500	10	-7		
886	8.8600	11	-7		
887	8.8700	11	-8		
888	8.8800	12	-8		
889	8.8900	12	-8		
890	8.9000	12	-8		
891	8.9100	12	-9		
892	8.9200	12	-9		
893	8.9300	12	-10		
894	8.9400	12	-10		
895	8.9500	12	-10		
896	8.9600	12	-10		
897	8.9700	12	-11		
898	8.9800	12	-11		
899	8.9900	12	-11		
900	9.0000	11	-11		
901	9.0100	10	-12		
902	9.0200	10	-12		
903	9.0300	10	-12		
904	9.0400	9	-12		
905	9.0500	8	-12		
906	9.0600	8	-12		
907	9.0700	6	-12		
908	9.0800	6	-13		
909	9.0900	5	-13		
910	9.1000	4	-13		
911	9.1100	3	-13		
912	9.1200	2	-13		
913	9.1300	2	-13		
914	9.1400	0	-13		
915	9.1500	0	-13		
916	9.1600	-2	-13		
917	9.1700	-2	-13		
918	9.1800	-3	-13		
919	9.1900	-4	-13		
920	9.2000	-5	-13		
921	9.2100	-6	-13		
922	9.2200	-7	-13		
923	9.2300	-8	-13		
924	9.2400	-8	-13		
925	9.2500	-9	-13		
926	9.2600	-10	-13		
927	9.2700	-10	-13		
928	9.2800	-11	-13		
929	9.2900	-12	-13		
930	9.3000	-12	-13		
931	9.3100	-13	-13		
932	9.3200	-13	-13		
933	9.3300	-14	-14		
934	9.3400	-14	-14		
935	9.3500	-14	-14		
936	9.3600	-14	-14		
937	9.3700	-14	-14		
938	9.3800	-14	-14		
939	9.3900	-14	-14		
940	9.4000	-14	-14		
941	9.4100	-14	-14		
942	9.4200	-13	-14		
943	9.4300	-13	-14		
944	9.4400	-12	-14		
945	9.4500	-12	-14		
946	9.4600	-12	-15		
947	9.4700	-11	-15		
948	9.4800	-10	-15		
949	9.4900	-10	-15		
950	9.5000	-9	-15		
951	9.5100	-8	-15		
952	9.5200	-8	-15		
953	9.5300	-7	-15		
954	9.5400	-6	-15		
955	9.5500	-5	-16		
956	9.5600	-4	-16		
957	9.5700	-3	-16		
958	9.5800	-2	-16		
959	9.5900	-1	-16		
960	9.6000	0	-16		
961	9.6100	0	-16		
962	9.6200	2	-16		
963	9.6300	2	-16		
964	9.6400	3	-16		
965	9.6500	4	-15		
966	9.6600	5	-15		
967	9.6700	6	-15		
968	9.6800	7	-15		
969	9.6900	8	-15		
970	9.7000	8	-14		
971	9.7100	9	-14		
972	9.7200	10	-14		
973	9.7300	10	-14		
974	9.7400	10	-14		
975	9.7500	11	-13		
976	9.7600	12	-13		
977	9.7700	12	-12		
978	9.7800	12	-12		
979	9.7900	12	-12		
980	9.8000	12	-11		
981	9.8100	12	-11		
982	9.8200	12	-10		
983	9.8300	12	-10		
984	9.8400	12	-10		
985	9.8500	12	-9		
986	9.8600	12	-9		
987	9.8700	12	-8		
988	9.8800	11	-8		
989	9.8900	11	-7		
990	9.9000	10	-7		
991	9.9100	10	-6		
992	9.9200	9	-6		
993	9.9300	8	-6		
994	9.9400	8	-5		
995	9.9500	7	-5		
996	9.9600	6	-4		
997	9.9700	5	-4		
998	9.9800	4	-4		
999	9.9900	4	-3		
1000	10.0000	3	-3		
1001	10.0100	2	-3		
1002	10.0200	1	-2		
1003	10.0300	0	-2		
1004	10.0400	-1	-2		
1005	10.0500	-2	-2		
1006	10.0600	-3	-2		
1007	10.0700	-4	-2		
1008	10.0800	-5	-2		
1009	10.0900	-6	-2		
1010	10.1000	-6	-2		
1011	10.1100	-7	-2		
1012	10.1200	-8	-2		
1013	10.1300	-9	-2		
1014	10.1400	-10	-3		
1015	10.1500	-10	-3		
1016	10.1600	-11	-4		
1017	10.1700	-12	-4		
1018	10.1800	-12	-4		
1019	10.1900	-12	-5		
1020	10.2000	-13	-5		
1021	10.2100	-13	-6		
1022	10.2200	-14	-6		
1023	10.2300	-14	-7		
1024	10.2400	-14	-8		
1025	10.2500	-14	-8		
1026	10.2600	-14	-9		
1027	10.2700	-14	-10		
1028	10.2800	-14	-11		
1029	10.2900	-14	-12		
1030	10.3000	-14	-12		
1031	10.3100	-13	-13		
1032	10.3200	-13	-14		
1033	10.3300	-12	-15		
1034	10.3400	-12	-16		
1035	10.3500	-11	-16		
1036	10.3600	-11	-17		
1037	10.3700	-10	-18		
1038	10.3800	-9	-19		
1039	10.3900	-8	-20		
1040	10.4000	-8	-20		
1041	10.4100	-7	-21		
1042	10.4200	-6	-22		
1043	10.4300	-5	-22		
1044	10.4400	-4	-23		
1045	10.4500	-4	-24		
1046	10.4600	-2	-24		
1047	10.4700	-2	-25		
1048	10.4800	-1	-25		
1049	10.4900	0	-25		
1050	10.5000	1	-26		
1051	10.5100	2	-26		
1052	10.5200	3	-26		
1053	10.5300	4	-26		
1054	10.5400	5	-26		
1055	10.5500	6	-26		
1056	10.5600	6	-26		
1057	10.5700	7	-26		
1058	10.5800	8	-26		
1059	10.5900	8	-26		
1060	10.6000	9	-25		
1061	10.6100	10	-25		
1062	10.6200	10	-24		
1063	10.6300	11	-24		
1064	10.6400	11	-23		
1065	10.6500	12	-22		
1066	10.6600	12	-22		
1067	10.6700	12	-21		
1068	10.6800	12	-20		
1069	10.6900	12	-19		
1070	10.7000	12	-18		
1071	10.7100	12	-17		
1072	10.7200	12	-16		
1073	10.7300	12	-15		
1074	10.7400	12	-14		
1075	10.7500	12	-13		
1076	10.7600	11	-12		
1077	10.7700	11	-10		
1078	10.7800	10	-9		
1079	10.7900	10	-8		
1080	10.8000	9	-7		
1081	10.8100	8	-6		
1082	10.8200	8	-5		
1083	10.8300	7	-4		
1084	10.8400	6	-2		
1085	10.8500	6	-1		
1086	10.8600	5	0		
1087	10.8700	4	1		
1088	10.8800	3	2		
1089	10.8900	2	2		
1090	10.9000	1	4		
1091	10.9100	0	4		
1092	10.9200	-1	5		
1093	10.9300	-2	6		
1094	10.9400	-2	6		
1095	10.9500	-4	7		
1096	10.9600	-4	7		
1097	10.9700	-5	8		
1098	10.9800	-6	8		
1099	10.9900	-7	8		
1100	11.0000	-8	8		
1101	11.0100	-8	8		
1102	11.0200	-9	8		
1103	11.0300	-10	8		
1104	11.0400	-11	8		
1105	11.0500	-11	8		
1106	11.0600	-12	7		
1107	11.0700	-12	7		
1108	11.0800	-13	6		
1109	11.0900	-13	6		
1110	11.1000	-14	5		
1111	11.1100	-14	4		
1112	11.1200	-14	3		
1113	11.1300	-14	2		
1114	11.1400	-14	1		
1115	11.1500	-14	0		
1116	11.1600	-14	-2		
1117	11.1700	-14	-3		
1118	11.1800	-14	-4		
1119	11.1900	-13	-5		
1120	11.2000	-13	-7		
1121	11.2100	-12	-8		
1122	11.2200	-12	-10		
1123	11.2300	-12	-11		
1124	11.2400	-11	-12		
1125	11.2500	-10	-14		
1126	11.2600	-10	-15		
1127	11.2700	-9	-17		
1128	11.2800	-8	-18		
1129	11.2900	-8	-20		
1130	11.3000	-6	-21		
1131	11.3100	-6	-22		
1132	11.3200	-5	-24		
1133	11.3300	-4	-25		
1134	11.3400	-3	-26		
1135	11.3500	-2	-28		
1136	11.3600	-1	-29		
1137	11.3700	0	-30		
1138	11.3800	1	-31		
1139	11.3900	2	-32		
1140	11.4000	2	-32		
1141	11.4100	4	-33		
1142	11.4200	4	-34		
1143	11.4300	5	-34		
1144	11.4400	6	-35		
1145	11.4500	7	-35		
1146	11.4600	8	-35		
1147	11.4700	8	-35		
1148	11.4800	9	-35		
1149	11.4900	10	-35		
1150	11.5000	10	-35		
1151	11.5100	10	-35		
1152	11.5200	11	-34		
1153	11.5300	12	-34		
1154	11.5400	12	-33		
1155	11.5500	12	-32		
1156	11.5600	12	-31		
1157	11.5700	12	-30		
1158	11.5800	12	-29		
1159	11.5900	12	-28		
1160	11.6000	12	-27		
1161	11.6100	12	-26		
1162	11.6200	12	-24		
1163	11.6300	12	-23		
1164	11.6400	12	-22		
1165	11.6500	11	-20		
1166	11.6600	10	-18		
1167	11.6700	10	-17		
1168	11.6800	10	-15		
1169	11.6900	9	-13		
1170	11.7000	8	-12		
1171	11.7100	8	-10		
1172	11.7200	7	-8		
1173	11.7300	6	-6		
1174	11.7400	5	-5		
1175	11.7500	4	-3		
1176	11.7600	4	-1		
1177	11.7700	2	0		
1178	11.7800	2	2		
1179	11.7900	0	4		
1180	11.8000	0	5		
1181	11.8100	-1	6		
1182	11.8200	-2	8		
1183	11.8300	-3	9		
1184	11.8400	-4	10		
1185	11.8500	-5	11		
1186	11.8600	-6	12		
1187	11.8700	-7	13		
1188	11.8800	-8	14		
1189	11.8900	-8	14		
1190	11.9000	-9	15		
1191	11.9100	-10	16		
1192	11.9200	-10	16		
1193	11.9300	-11	16		
1194	11.9400	-12	16		
1195	11.9500	-12	16		
1196	11.9600	-12	16		
1197	11.9700	-13	16		
1198	11.9800	-13	15		
1199	11.9900	-14	15		
1200	12.0000	-14	14		
1201	12.0100	-14	13		
1202	12.0200	-14	12		
1203	12.0300	-14	11		
1204	12.0400	-14	10		
1205	12.0500	-14	9		
1206	12.0600	-14	8		
1207	12.0700	-13	6		
1208	12.0800	-13	5		
1209	12.0900	-13	3		
1210	12.1000	-12	2		
1211	12.1100	-12	0		
1212	12.1200	-11	-2		
1213	12.1300	-10	-4		
1214	12.1400	-10	-6		
1215	12.1500	-9	-8		
1216	12.1600	-8	-10		
1217	12.1700	-8	-12		
1218	12.1800	-7	-13		
1219	12.1900	-6	-15		
1220	12.2000	-5	-17		
1221	12.2100	-4	-19		
1222	12.2200	-3	-21		
1223	12.2300	-2	-23		
1224	12.2400	-2	-25		
1225	12.2500	0	-26		
1226	12.2600	0	-28		
1227	12.2700	1	-30		
1228	12.2800	2	-31		
1229	12.2900	3	-33		
1230	12.3000	4	-34		
1231	12.3100	5	-35		
1232	12.3200	6	-36		
1233	12.3300	6	-38		
1234	12.3400	7	-38		
1235	12.3500	8	-39		
1236	12.3600	9	-40		
1237	12.3700	9	-41		
1238	12.3800	10	-41		
1239	12.3900	10	-41		
1240	12.4000	11	-42		
1241	12.4100	11	-42		
1242	12.4200	12	-41		
1243	12.4300	12	-41		
1244	12.4400	12	-41		
1245	12.4500	12	-40		
1246	12.4600	12	-40		
1247	12.4700	12	-39		
1248	12.4800	12	-38		
1249	12.4900	12	-37		
1250	12.5000	12	-36		
1251	12.5100	12	-34		
1252	12.5200	12	-33		
1253	12.5300	11	-32		
1254	12.5400	11	-30		
1255	12.5500	10	-28		
1256	12.5600	10	-27		
1257	12.5700	9	-25		
1258	12.5800	8	-23		
1259	12.5900	8	-21		
1260	12.6000	7	-19		
1261	12.6100	6	-17		
1262	12.6200	6	-15		
1263	12.6300	4	-13		
1264	12.6400	4	-11		
1265	12.6500	3	-9		
1266	12.6600	2	-6		
1267	12.6700	1	-4		
1268	12.6800	0	-2		
1269	12.6900	-1	0		
1270	12.7000	-2	2		
1271	12.7100	-3	4		
1272	12.7200	-4	6		
1273	12.7300	-4	7		
1274	12.7400	-6	9		
1275	12.7500	-6	10		
1276	12.7600	-7	12		
1277	12.7700	-8	14		
1278	12.7800	-9	15		
1279	12.7900	-10	16		
1280	12.8000	-10	17		
1281	12.8100	-11	18		
1282	12.8200	-12	19		
1283	12.8300	-12	20		
1284	12.8400	-12	20		
1285	12.8500	-13	20		
1286	12.8600	-13	21		
1287	12.8700	-14	21		
1288	12.8800	-14	21		
1289	12.8900	-14	20		
1290	12.9000	-14	20		
1291	12.9100	-14	20		
1292	12.9200	-14	19		
1293	12.9300	-14	18		
1294	12.9400	-14	18		
1295	12.9500	-14	16		
1296	12.9600	-13	15		
1297	12.9700	-13	14		
1298	12.9800	-12	13		
1299	12.9900	-12	11		
1300	13.0000	-11	10		
1301	13.0100	-11	8		
1302	13.0200	-10	6		
1303	13.0300	-10	4		
1304	13.0400	-9	2		
1305	13.0500	-8	0		
1306	13.0600	-7	-2		
1307	13.0700	-6	-4		
1308	13.0800	-6	-6		
1309	13.0900	-4	-8		
1310	13.1000	-4	-10		
1311	13.1100	-3	-13		
1312	13.1200	-2	-15		
1313	13.1300	-1	-17		
1314	13.1400	0	-19		
1315	13.1500	1	-21		
1316	13.1600	2	-23		
1317	13.1700	3	-26		
1318	13.1800	4	-27		
1319	13.1900	4	-29		
1320	13.2000	6	-31		
1321	13.2100	6	-33		
1322	13.2200	7	-34		
1323	13.2300	8	-36		
1324	13.2400	8	-37		
1325	13.2500	9	-39		
1326	13.2600	10	-40		
1327	13.2700	10	-41		
1328	13.2800	11	-42		
1329	13.2900	11	-43		
1330	13.3000	12	-43		
1331	13.3100	12	-44		
1332	13.3200	12	-44		
1333	13.3300	12	-44		
1334	13.3400	12	-44		
1335	13.3500	12	-44		
1336	13.3600	12	-44		
1337	13.3700	12	-44		
1338	13.3800	12	-43		
1339	13.3900	12	-42		
1340	13.4000	12	-42		
1341	13.4100	11	-40		
1342	13.4200	11	-40		
1343	13.4300	10	-38		
1344	13.4400	10	-37		
1345	13.4500	9	-36		
1346	13.4600	9	-34		
1347	13.4700	8	-32		
1348	13.4800	7	-30		
1349	13.4900	6	-28		
1350	13.5000	6	-27		
1351	13.5100	5	-24		
1352	13.5200	4	-22		
1353	13.5300	3	-20		
1354	13.5400	2	-18		
1355	13.5500	1	-16		
1356	13.5600	0	-14		
1357	13.5700	0	-12		
1358	13.5800	-2	-9		
1359	13.5900	-2	-7		
1360	13.6000	-4	-5		
1361	13.6100	-4	-3		
1362	13.6200	-5	0		
1363	13.6300	-6	2		
1364	13.6400	-7	4		
1365	13.6500	-8	6		
1366	13.6600	-8	7		
1367	13.6700	-9	9		
1368	13.6800	-10	11		
1369	13.6900	-10	12		
1370	13.7000	-11	14		
1371	13.7100	-12	15		
1372	13.7200	-12	17		
1373	13.7300	-13	18		
1374	13.7400	-13	19		
1375	13.7500	-13	20		
1376	13.7600	-14	20		
1377	13.7700	-14	21		
1378	13.7800	-14	21		
1379	13.7900	-14	22		
1380	13.8000	-14	22		
1381	13.8100	-14	22		
1382	13.8200	-14	22		
1383	13.8300	-14	21		
1384	13.8400	-13	21		
1385	13.8500	-13	20		
1386	13.8600	-12	20		
1387	13.8700	-12	18		
1388	13.8800	-12	18		
1389	13.8900	-11	16		
1390	13.9000	-10	15		
1391	13.9100	-10	14		
1392	13.9200	-9	12		
1393	13.9300	-8	10		
1394	13.9400	-8	9		
1395	13.9500	-6	7		
1396	13.9600	-6	5		
1397	13.9700	-5	3		
1398	13.9800	-4	1		
1399	13.9900	-3	-1		
1400	14.0000	-2	-3		
1401	14.0100	-1	-5		
1402	14.0200	0	-7		
1403	14.0300	1	-10		
1404	14.0400	2	-12		
1405	14.0500	2	-14		
1406	14.0600	4	-16		
1407	14.0700	4	-18		
1408	14.0800	5	-20		
1409	14.0900	6	-22		
1410	14.1000	7	-24		
1411	14.1100	8	-26		
1412	14.1200	8	-28		
1413	14.1300	9	-30		
1414	14.1400	10	-32		
1415	14.1500	10	-34		
1416	14.1600	10	-35		
1417	14.1700	11	-36		
1418	14.1800	11	-38		
1419	14.1900	12	-39		
1420	14.2000	12	-40		
1421	14.2100	12	-41		
1422	14.2200	12	-42		
1423	14.2300	12	-42		
1424	14.2400	12	-43		
1425	14.2500	12	-43		
1426	14.2600	12	-44		
1427	14.2700	12	-44		
1428	14.2800	12	-44		
1429	14.2900	12	-43		
1430	14.3000	11	-43		
1431	14.3100	10	-42		
1432	14.3200	10	-42		
1433	14.3300	10	-41		
1434	14.3400	9	-40		
1435	14.3500	8	-39		
1436	14.3600	8	-38		
1437	14.3700	7	-36		
1438	14.3800	6	-35		
1439	14.3900	5	-34		
1440	14.4000	4	-32		
1441	14.4100	4	-30		
1442	14.4200	2	-28		
1443	14.4300	2	-26		
1444	14.4400	1	-25		
1445	14.4500	0	-23		
1446	14.4600	-1	-21		
1447	14.4700	-2	-18		
1448	14.4800	-3	-16		
1449	14.4900	-4	-14		
1450	14.5000	-5	-12		
1451	14.5100	-6	-10		
1452	14.5200	-6	-8		
1453	14.5300	-8	-6		
1454	14.5400	-8	-4		
1455	14.5500	-9	-2		
1456	14.5600	-10	0		
1457	14.5700	-10	2		
1458	14.5800	-11	4		
1459	14.5900	-12	6		
1460	14.6000	-12	7		
1461	14.6100	-12	9		
1462	14.6200	-13	10		
1463	14.6300	-13	12		
1464	14.6400	-14	13		
1465	14.6500	-14	14		
1466	14.6600	-14	15		
1467	14.6700	-14	16		
1468	14.6800	-14	17		
1469	14.6900	-14	18		
1470	14.7000	-14	18		
1471	14.7100	-14	19		
1472	14.7200	-14	19		
1473	14.7300	-13	19		
1474	14.7400	-13	19		
1475	14.7500	-12	19		
1476	14.7600	-12	19		
1477	14.7700	-11	18		
1478	14.7800	-10	18		
1479	14.7900	-10	17		
1480	14.8000	-9	16		
1481	14.8100	-8	15		
1482	14.8200	-8	14		
1483	14.8300	-7	13		
1484	14.8400	-6	12		
1485	14.8500	-5	10		
1486	14.8600	-4	9		
1487	14.8700	-4	8		
1488	14.8800	-2	6		
1489	14.8900	-2	4		
1490	14.9000	0	2		
1491	14.9100	0	0		
1492	14.9200	1	-1		
1493	14.9300	2	-3		
1494	14.9400	3	-5		
1495	14.9500	4	-7		
1496	14.9600	5	-9		
1497	14.9700	6	-11		
1498	14.9800	6	-13		
1499	14.9900	7	-15		
1500	15.0000	8	-17		
1501	15.0100	8	-19		
1502	15.0200	9	-20		
1503	15.0300	10	-22		
1504	15.0400	10	-24		
1505	15.0500	11	-26		
1506	15.0600	11	-27		
1507	15.0700	12	-29		
1508	15.0800	12	-30		
1509	15.0900	12	-32		
1510	15.1000	12	-33		
1511	15.1100	12	-34		
1512	15.1200	12	-35		
1513	15.1300	12	-36		
1514	15.1400	12	-37		
1515	15.1500	12	-37		
1516	15.1600	12	-38		
1517	15.1700	12	-38		
1518	15.1800	11	-39		
1519	15.1900	11	-39		
1520	15.2000	10	-39		
1521	15.2100	10	-39		
1522	15.2200	9	-39		
1523	15.2300	8	-38		
1524	15.2400	8	-38		
1525	15.2500	7	-37		
1526	15.2600	6	-37		
1527	15.2700	6	-36		
1528	15.2800	5	-35		
1529	15.2900	4	-34		
1530	15.3000	3	-33		
1531	15.3100	2	-32		
1532	15.3200	1	-30		
1533	15.3300	0	-29		
1534	15.3400	-1	-28		
1535	15.3500	-2	-26		
1536	15.3600	-3	-25		
1537	15.3700	-4	-23		
1538	15.3800	-4	-22		
1539	15.3900	-6	-20		
1540	15.4000	-6	-18		
1541	15.4100	-7	-16		
1542	15.4200	-8	-15		
1543	15.4300	-9	-13		
1544	15.4400	-10	-11		
1545	15.4500	-10	-9		
1546	15.4600	-11	-8		
1547	15.4700	-11	-6		
1548	15.4800	-12	-4		
1549	15.4900	-12	-3		
1550	15.5000	-13	-1		
1551	15.5100	-13	0		
1552	15.5200	-14	2		
1553	15.5300	-14	3		
1554	15.5400	-14	4		
1555	15.5500	-14	6		
1556	15.5600	-14	7		
1557	15.5700	-14	8		
1558	15.5800	-14	9		
1559	15.5900	-14	10		
1560	15.6000	-14	10		
1561	15.6100	-13	11		
1562	15.6200	-13	12		
1563	15.6300	-12	12		
1564	15.6400	-12	12		
1565	15.6500	-12	13		
1566	15.6600	-11	13		
1567	15.6700	-10	13		
1568	15.6800	-10	13		
1569	15.6900	-9	12		
1570	15.7000	-8	12		
1571	15.7100	-7	12		
1572	15.7200	-6	11		
1573	15.7300	-6	10		
1574	15.7400	-4	10		
1575	15.7500	-4	9		
1576	15.7600	-3	8		
1577	15.7700	-2	7		
1578	15.7800	-1	6		
1579	15.7900	0	5		
1580	15.8000	1	4		
1581	15.8100	2	2		
1582	15.8200	3	1		
1583	15.8300	4	0		
1584	15.8400	4	-2		
1585	15.8500	5	-3		
1586	15.8600	6	-4		
1587	15.8700	7	-6		
1588	15.8800	8	-8		
1589	15.8900	8	-9		
1590	15.9000	9	-10		
1591	15.9100	10	-12		
1592	15.9200	10	-14		
1593	15.9300	11	-15		
1594	15.9400	11	-16		
1595	15.9500	12	-18		
1596	15.9600	12	-19		
1597	15.9700	12	-20		
1598	15.9800	12	-22		
1599	15.9900	12	-23		
1600	16.0000	12	-24		
1601	16.0100	12	-25		
1602	16.0200	12	-26		
1603	16.0300	12	-27		
1604	16.0400	12	-28		
1605	16.0500	12	-28		
1606	16.0600	11	-29		
1607	16.0700	11	-30		
1608	16.0800	10	-30		
1609	16.0900	10	-31		
1610	16.1000	10	-31		
1611	16.1100	9	-31		
1612	16.1200	8	-31		
1613	16.1300	8	-31		
1614	16.1400	6	-31		
1615	16.1500	6	-31		
1616	16.1600	5	-31		
1617	16.1700	4	-31		
1618	16.1800	3	-30		
1619	16.1900	2	-30		
1620	16.2000	2	-29		
1621	16.2100	0	-28		
1622	16.2200	0	-28		
1623	16.2300	-2	-27		
1624	16.2400	-2	-26		
1625	16.2500	-3	-25		
1626	16.2600	-4	-24		
1627	16.2700	-5	-23		
1628	16.2800	-6	-22		
1629	16.2900	-7	-21		
1630	16.3000	-8	-20		
1631	16.3100	-8	-19		
1632	16.3200	-9	-18		
1633	16.3300	-10	-16		
1634	16.3400	-10	-15		
1635	16.3500	-11	-14		
1636	16.3600	-12	-13		
1637	16.3700	-12	-12		
1638	16.3800	-13	-10		
1639	16.3900	-13	-9		
1640	16.4000	-13	-8		
1641	16.4100	-14	-7		
1642	16.4200	-14	-6		
1643	16.4300	-14	-5		
1644	16.4400	-14	-4		
1645	16.4500	-14	-3		
1646	16.4600	-14	-2		
1647	16.4700	-14	-1		
1648	16.4800	-14	0		
1649	16.4900	-13	0		
1650	16.5000	-13	1		
1651	16.5100	-12	2		
1652	16.5200	-12	2		
1653	16.5300	-12	2		
1654	16.5400	-11	3		
1655	16.5500	-10	3		
1656	16.5600	-10	4		
1657	16.5700	-9	4		
1658	16.5800	-8	4		
1659	16.5900	-8	4		
1660	16.6000	-7	4		
1661	16.6100	-6	4		
1662	16.6200	-5	4		
1663	16.6300	-4	4		
1664	16.6400	-3	3		
1665	16.6500	-2	3		
1666	16.6600	-1	2		
1667	16.6700	0	2		
1668	16.6800	0	1		
1669	16.6900	2	1		
1670	16.7000	2	0		
1671	16.7100	3	0		
1672	16.7200	4	-1		
1673	16.7300	5	-2		
1674	16.7400	6	-3		
1675	16.7500	7	-4		
1676	16.7600	8	-4		
1677	16.7700	8	-5		
1678	16.7800	9	-6		
1679	16.7900	10	-7		
1680	16.8000	10	-8		
1681	16.8100	10	-9		
1682	16.8200	11	-10		
1683	16.8300	11	-10		
1684	16.8400	12	-11		
1685	16.8500	12	-12		
1686	16.8600	12	-13		
1687	16.8700	12	-14		
1688	16.8800	12	-14		
1689	16.8900	12	-15		
1690	16.9000	12	-16		
1691	16.9100	12	-17		
1692	16.9200	12	-17		
1693	16.9300	12	-18		
1694	16.9400	12	-18		
1695	16.9500	11	-19		
1696	16.9600	11	-20		
1697	16.9700	10	-20		
1698	16.9800	10	-20		
1699	16.9900	9	-20		
1700	17.0000	8	-21		
1701	17.0100	8	-21		
1702	17.0200	7	-21		
1703	17.0300	6	-22		
1704	17.0400	5	-22		
1705	17.0500	4	-22		
1706	17.0600	4	-22		
1707	17.0700	3	-22		
1708	17.0800	2	-21		
1709	17.0900	1	-21		
1710	17.1000	0	-21		
1711	17.1100	-1	-21		
1712	17.1200	-2	-20		
1713	17.1300	-3	-20		
1714	17.1400	-4	-20		
1715	17.1500	-5	-20		
1716	17.1600	-6	-19		
1717	17.1700	-6	-19		
1718	17.1800	-7	-18		
1719	17.1900	-8	-18		
1720	17.2000	-9	-17		
1721	17.2100	-10	-17		
1722	17.2200	-10	-16		
1723	17.2300	-11	-16		
1724	17.2400	-12	-15		
1725	17.2500	-12	-15		
1726	17.2600	-12	-14		
1727	17.2700	-13	-14		
1728	17.2800	-13	-13		
1729	17.2900	-14	-13		
1730	17.3000	-14	-12		
1731	17.3100	-14	-12		
1732	17.3200	-14	-11		
1733	17.3300	-14	-11		
1734	17.3400	-14	-10		
1735	17.3500	-14	-10		
1736	17.3600	-14	-10		
1737	17.3700	-14	-9		
1738	17.3800	-13	-9		
1739	17.3900	-13	-8		
1740	17.4000	-12	-8		
1741	17.4100	-12	-8		
1742	17.4200	-11	-8		
1743	17.4300	-11	-8		
1744	17.4400	-10	-7		
1745	17.4500	-10	-7		
1746	17.4600	-9	-7		
1747	17.4700	-8	-7		
1748	17.4800	-7	-7		
1749	17.4900	-6	-7		
1750	17.5000	-6	-7		
1751	17.5100	-4	-7		
1752	17.5200	-4	-7		
1753	17.5300	-2	-7		
1754	17.5400	-2	-7		
1755	17.5500	-1	-7		
1756	17.5600	0	-7		
1757	17.5700	1	-7		
1758	17.5800	2	-8		
1759	17.5900	3	-8		
1760	17.6000	4	-8		
1761	17.6100	5	-8		
1762	17.6200	6	-8		
1763	17.6300	6	-8		
1764	17.6400	7	-9		
1765	17.6500	8	-9		
1766	17.6600	8	-9		
1767	17.6700	9	-9		
1768	17.6800	10	-10		
1769	17.6900	10	-10		
1770	17.7000	11	-10		
1771	17.7100	11	-10		
1772	17.7200	12	-10		
1773	17.7300	12	-10		
1774	17.7400	12	-10		
1775	17.7500	12	-10		
1776	17.7600	12	-11		
1777	17.7700	12	-11		
1778	17.7800	12	-11		
1779	17.7900	12	-11		
1780	17.8000	12	-11		
1781	17.8100	12	-11		
1782	17.8200	12	-11		
1783	17.8300	11	-11		
1784	17.8400	11	-11		
1785	17.8500	10	-11		
1786	17.8600	10	-11		
1787	17.8700	9	-11		
1788	17.8800	9	-11		
1789	17.8900	8	-11		
1790	17.9000	7	-11		
1791	17.9100	6	-11		
1792	17.9200	6	-11		
1793	17.9300	5	-10		
1794	17.9400	4	-10		
1795	17.9500	3	-10		
1796	17.9600	2	-10		
1797	17.9700	1	-10		
1798	17.9800	0	-10		
1799	17.9900	-1	-10		
1800	18.0000	-2	-10		
1801	18.0100	-2	-10		
1802	18.0200	-4	-10		
1803	18.0300	-4	-10		
1804	18.0400	-5	-10		
1805	18.0500	-6	-10		
1806	18.0600	-7	-10		
1807	18.0700	-8	-10		
1808	18.0800	-8	-10		
1809	18.0900	-9	-10		
1810	18.1000	-10	-10		
1811	18.1100	-11	-10		
1812	18.1200	-11	-10		
1813	18.1300	-12	-10		
1814	18.1400	-12	-10		
1815	18.1500	-13	-10		
1816	18.1600	-13	-10		
1817	18.1700	-14	-11		
1818	18.1800	-14	-11		
1819	18.1900	-14	-11		
1820	18.2000	-14	-11		
1821	18.2100	-14	-11		
1822	18.2200	-14	-12		
1823	18.2300	-14	-12		
1824	18.2400	-14	-12		
1825	18.2500	-14	-12		
1826	18.2600	-13	-13		
1827	18.2700	-13	-13		
1828	18.2800	-12	-13		
1829	18.2900	-12	-14		
1830	18.3000	-12	-14		
1831	18.3100	-11	-14		
1832	18.3200	-10	-15		
1833	18.3300	-10	-15		
1834	18.3400	-9	-15		
1835	18.3500	-8	-16		
1836	18.3600	-8	-16		
1837	18.3700	-6	-16		
1838	18.3800	-6	-16		
1839	18.3900	-5	-17		
1840	18.4000	-4	-17		
1841	18.4100	-3	-17		
1842	18.4200	-2	-17		
1843	18.4300	-1	-18		
1844	18.4400	0	-18		
1845	18.4500	1	-18		
1846	18.4600	2	-18		
1847	18.4700	2	-18		
1848	18.4800	4	-18		
1849	18.4900	4	-18		
1850	18.5000	5	-18		
1851	18.5100	6	-18		
1852	18.5200	7	-18		
1853	18.5300	8	-18		
1854	18.5400	8	-18		
1855	18.5500	9	-18		
1856	18.5600	10	-17		
1857	18.5700	10	-17		
1858	18.5800	10	-17		
1859	18.5900	11	-16		
1860	18.6000	12	-16		
1861	18.6100	12	-16		
1862	18.6200	12	-15		
1863	18.6300	12	-15		
1864	18.6400	12	-14		
1865	18.6500	12	-14		
1866	18.6600	12	-13		
1867	18.6700	12	-13		
1868	18.6800	12	-12		
1869	18.6900	12	-12		
1870	18.7000	12	-11		
1871	18.7100	12	-10		
1872	18.7200	11	-10		
1873	18.7300	10	-9		
1874	18.7400	10	-8		
1875	18.7500	10	-8		
1876	18.7600	9	-7		
1877	18.7700	8	-6		
1878	18.7800	8	-6		
1879	18.7900	7	-5		
1880	18.8000	6	-5		
1881	18.8100	5	-4		
1882	18.8200	4	-4		
1883	18.8300	4	-3		
1884	18.8400	2	-3		
1885	18.8500	2	-2		
1886	18.8600	1	-2		
1887	18.8700	0	-1		
1888	18.8800	-1	-1		
1889	18.8900	-2	-1		
1890	18.9000	-3	0		
1891	18.9100	-4	0		
1892	18.9200	-5	0		
1893	18.9300	-6	0		
1894	18.9400	-7	0		
1895	18.9500	-8	0		
1896	18.9600	-8	0		
1897	18.9700	-9	0		
1898	18.9800	-10	0		
1899	18.9900	-10	0		
1900	19.0000	-11	-1		
1901	19.0100	-12	-1		
1902	19.0200	-12	-1		
1903	19.0300	-12	-2		
1904	19.0400	-13	-2		
1905	19.0500	-13	-3		
1906	19.0600	-14	-3		
1907	19.0700	-14	-4		
1908	19.0800	-14	-5		
1909	19.0900	-14	-5		
1910	19.1000	-14	-6		
1911	19.1100	-14	-7		
1912	19.1200	-14	-8		
1913	19.1300	-14	-9		
1914	19.1400	-14	-10		
1915	19.1500	-13	-10		
1916	19.1600	-13	-11		
1917	19.1700	-12	-12		
1918	19.1800	-12	-13		
1919	19.1900	-11	-14		
1920	19.2000	-10	-15		
1921	19.2100	-10	-16		
1922	19.2200	-9	-17		
1923	19.2300	-8	-18		
1924	19.2400	-8	-19		
1925	19.2500	-7	-20		
1926	19.2600	-6	-21		
1927	19.2700	-5	-22		
1928	19.2800	-4	-22		
1929	19.2900	-4	-23		
1930	19.3000	-2	-24		
1931	19.3100	-2	-24		
1932	19.3200	0	-25		
1933	19.3300	0	-26		
1934	19.3400	1	-26		
1935	19.3500	2	-26		
1936	19.3600	3	-27		
1937	19.3700	4	-27		
1938	19.3800	5	-28		
1939	19.3900	6	-28		
1940	19.4000	6	-28		
1941	19.4100	7	-28		
1942	19.4200	8	-28		
1943	19.4300	9	-28		
1944	19.4400	9	-27		
1945	19.4500	10	-27		
1946	19.4600	10	-27		
1947	19.4700	11	-26		
1948	19.4800	11	-26		
1949	19.4900	12	-25		
1950	19.5000	12	-24		
1951	19.5100	12	-24		
1952	19.5200	12	-23		
1953	19.5300	12	-22		
1954	19.5400	12	-21		
1955	19.5500	12	-20		
1956	19.5600	12	-19		
1957	19.5700	12	-18		
1958	19.5800	12	-17		
1959	19.5900	12	-16		
1960	19.6000	11	-15		
1961	19.6100	11	-13		
1962	19.6200	10	-12		
1963	19.6300	10	-11		
1964	19.6400	9	-10		
1965	19.6500	8	-8		
1966	19.6600	8	-7		
1967	19.6700	7	-6		
1968	19.6800	6	-5		
1969	19.6900	6	-4		
1970	19.7000	5	-2		
1971	19.7100	4	-1		
1972	19.7200	3	0		
1973	19.7300	2	1		
1974	19.7400	1	2		
1975	19.7500	0	3		
1976	19.7600	-1	4		
1977	19.7700	-2	5		
1978	19.7800	-3	6		
1979	19.7900	-4	6		
1980	19.8000	-4	7		
1981	19.8100	-6	7		
1982	19.8200	-6	8		
1983	19.8300	-7	8		
1984	19.8400	-8	8		
1985	19.8500	-9	9		
1986	19.8600	-10	9		
1987	19.8700	-10	9		
1988	19.8800	-11	9		
1989	19.8900	-11	9		
1990	19.9000	-12	8		
1991	19.9100	-12	8		
1992	19.9200	-13	8		
1993	19.9300	-13	7		
1994	19.9400	-14	6		
1995	19.9500	-14	6		
1996	19.9600	-14	5		
1997	19.9700	-14	4		
1998	19.9800	-14	3		
1999	19.9900	-14	2		
2000	20.0000	-14	1		
