#	time(s)	count A	count B	count C	count D
1	0.0100	-6	-1		
2	0.0200	-6	-1		
3	0.0300	-6	-1		
4	0.0400	-6	-1		
5	0.0500	-6	-1		
6	0.0600	-6	-1		
7	0.0700	-6	-1		
8	0.0800	-6	-1		
9	0.0900	-6	-1		
10	0.1000	-6	-1		
11	0.1100	-6	-1		
12	0.1200	-6	-1		
13	0.1300	-6	-1		
14	0.1400	-6	-1		
15	0.1500	-6	-1		
16	0.1600	-6	-1		
17	0.1700	-6	-1		
18	0.1800	-6	-1		
19	0.1900	-6	-1		
20	0.2000	-6	-1		
21	0.2100	-6	-1		
22	0.2200	-6	-1		
23	0.2300	-6	-1		
24	0.2400	-6	-1		
25	0.2500	-5	-1		
26	0.2600	-5	-1		
27	0.2700	-5	-1		
28	0.2800	-4	-1		
29	0.2900	-4	-2		
30	0.3000	-3	-2		
31	0.3100	-2	-2		
32	0.3200	-2	-2		
33	0.3300	-1	-2		
34	0.3400	-1	-2		
35	0.3500	0	-2		
36	0.3600	0	-2		
37	0.3700	0	-2		
38	0.3800	0	-2		
39	0.3900	1	-2		
40	0.4000	1	-2		
41	0.4100	1	-2		
42	0.4200	1	-2		
43	0.4300	1	-1		
44	0.4400	1	-1		
45	0.4500	2	-1		
46	0.4600	2	-1		
47	0.4700	2	-1		
48	0.4800	2	-1		
49	0.4900	2	-1		
50	0.5000	2	-1		
51	0.5100	1	-1		
52	0.5200	1	-1		
53	0.5300	1	0		
54	0.5400	1	0		
55	0.5500	0	0		
56	0.5600	0	0		
57	0.5700	0	0		
58	0.5800	0	0		
59	0.5900	-1	0		
60	0.6000	-1	0		
61	0.6100	-2	0		
62	0.6200	-2	0		
63	0.6300	-2	0		
64	0.6400	-3	1		
65	0.6500	-4	1		
66	0.6600	-4	1		
67	0.6700	-4	1		
68	0.6800	-5	1		
69	0.6900	-6	1		
70	0.7000	-6	1		
71	0.7100	-6	1		
72	0.7200	-7	1		
73	0.7300	-8	2		
74	0.7400	-8	2		
75	0.7500	-9	2		
76	0.7600	-9	2		
77	0.7700	-10	2		
78	0.7800	-10	1		
79	0.7900	-11	1		
80	0.8000	-11	1		
81	0.8100	-12	1		
82	0.8200	-12	1		
83	0.8300	-12	1		
84	0.8400	-13	0		
85	0.8500	-13	0		
86	0.8600	-14	0		
87	0.8700	-14	0		
88	0.8800	-14	0		
89	0.8900	-14	0		
90	0.9000	-14	0		
91	0.9100	-15	-1		
92	0.9200	-15	-1		
93	0.9300	-15	-1		
94	0.9400	-15	-2		
95	0.9500	-15	-2		
96	0.9600	-15	-2		
97	0.9700	-15	-2		
98	0.9800	-15	-3		
99	0.9900	-15	-3		
100	1.0000	-15	-4		
101	1.0100	-15	-4		
102	1.0200	-14	-4		
103	1.0300	-14	-4		
104	1.0400	-14	-5		
105	1.0500	-14	-5		
106	1.0600	-14	-6		
107	1.0700	-13	-6		
108	1.0800	-13	-6		
109	1.0900	-12	-6		
110	1.1000	-12	-6		
111	1.1100	-12	-7		
112	1.1200	-11	-7		
113	1.1300	-10	-8		
114	1.1400	-10	-8		
115	1.1500	-10	-8		
116	1.1600	-9	-8		
117	1.1700	-8	-8		
118	1.1800	-8	-8		
119	1.1900	-8	-8		
120	1.2000	-7	-8		
121	1.2100	-6	-8		
122	1.2200	-6	-8		
123	1.2300	-6	-8		
124	1.2400	-5	-8		
125	1.2500	-4	-8		
126	1.2600	-4	-8		
127	1.2700	-4	-8		
128	1.2800	-3	-8		
129	1.2900	-2	-8		
130	1.3000	-2	-8		
131	1.3100	-2	-8		
132	1.3200	-1	-7		
133	1.3300	-1	-7		
134	1.3400	0	-6		
135	1.3500	0	-6		
136	1.3600	0	-6		
137	1.3700	0	-6		
138	1.3800	1	-5		
139	1.3900	1	-4		
140	1.4000	1	-4		
141	1.4100	1	-4		
142	1.4200	2	-3		
143	1.4300	2	-2		
144	1.4400	2	-2		
145	1.4500	2	-2		
146	1.4600	2	-1		
147	1.4700	2	0		
148	1.4800	2	0		
149	1.4900	2	0		
150	1.5000	1	1		
151	1.5100	1	2		
152	1.5200	1	2		
153	1.5300	0	3		
154	1.5400	0	4		
155	1.5500	0	4		
156	1.5600	0	4		
157	1.5700	-1	5		
158	1.5800	-1	6		
159	1.5900	-2	6		
160	1.6000	-2	6		
161	1.6100	-2	7		
162	1.6200	-3	7		
163	1.6300	-3	7		
164	1.6400	-4	8		
165	1.6500	-4	8		
166	1.6600	-5	8		
167	1.6700	-5	8		
168	1.6800	-6	8		
169	1.6900	-6	8		
170	1.7000	-7	9		
171	1.7100	-8	9		
172	1.7200	-8	9		
173	1.7300	-8	9		
174	1.7400	-9	8		
175	1.7500	-10	8		
176	1.7600	-10	8		
177	1.7700	-10	8		
178	1.7800	-11	8		
179	1.7900	-11	7		
180	1.8000	-12	7		
181	1.8100	-12	6		
182	1.8200	-12	6		
183	1.8300	-13	6		
184	1.8400	-13	5		
185	1.8500	-14	4		
186	1.8600	-14	4		
187	1.8700	-14	3		
188	1.8800	-14	3		
189	1.8900	-14	2		
190	1.9000	-15	1		
191	1.9100	-15	0		
192	1.9200	-15	0		
193	1.9300	-15	-1		
194	1.9400	-15	-2		
195	1.9500	-15	-2		
196	1.9600	-15	-4		
197	1.9700	-15	-4		
198	1.9800	-15	-5		
199	1.9900	-14	-6		
200	2.0000	-14	-6		
201	2.0100	-14	-7		
202	2.0200	-14	-8		
203	2.0300	-14	-9		
204	2.0400	-14	-10		
205	2.0500	-13	-10		
206	2.0600	-13	-11		
207	2.0700	-12	-12		
208	2.0800	-12	-12		
209	2.0900	-12	-13		
210	2.1000	-11	-13		
211	2.1100	-10	-14		
212	2.1200	-10	-14		
213	2.1300	-10	-15		
214	2.1400	-9	-15		
215	2.1500	-9	-15		
216	2.1600	-8	-16		
217	2.1700	-8	-16		
218	2.1800	-7	-16		
219	2.1900	-6	-16		
220	2.2000	-6	-16		
221	2.2100	-6	-16		
222	2.2200	-5	-16		
223	2.2300	-4	-16		
224	2.2400	-4	-16		
225	2.2500	-4	-15		
226	2.2600	-3	-15		
227	2.2700	-2	-14		
228	2.2800	-2	-14		
229	2.2900	-2	-14		
230	2.3000	-1	-13		
231	2.3100	-1	-12		
232	2.3200	0	-12		
233	2.3300	0	-11		
234	2.3400	0	-10		
235	2.3500	0	-10		
236	2.3600	1	-9		
237	2.3700	1	-8		
238	2.3800	1	-7		
239	2.3900	1	-6		
240	2.4000	2	-5		
241	2.4100	2	-4		
242	2.4200	2	-3		
243	2.4300	2	-2		
244	2.4400	2	-1		
245	2.4500	2	0		
246	2.4600	2	1		
247	2.4700	2	2		
248	2.4800	1	3		
249	2.4900	1	4		
250	2.5000	1	5		
251	2.5100	1	6		
252	2.5200	0	7		
253	2.5300	0	8		
254	2.5400	0	9		
255	2.5500	0	10		
256	2.5600	-1	10		
257	2.5700	-1	11		
258	2.5800	-2	12		
259	2.5900	-2	12		
260	2.6000	-2	13		
261	2.6100	-3	14		
262	2.6200	-4	14		
263	2.6300	-4	15		
264	2.6400	-4	15		
265	2.6500	-5	16		
266	2.6600	-6	16		
267	2.6700	-6	16		
268	2.6800	-7	16		
269	2.6900	-7	16		
270	2.7000	-8	16		
271	2.7100	-8	16		
272	2.7200	-9	16		
273	2.7300	-9	16		
274	2.7400	-10	15		
275	2.7500	-10	15		
276	2.7600	-11	14		
277	2.7700	-11	14		
278	2.7800	-12	13		
279	2.7900	-12	12		
280	2.8000	-12	12		
281	2.8100	-13	11		
282	2.8200	-13	10		
283	2.8300	-14	9		
284	2.8400	-14	8		
285	2.8500	-14	8		
286	2.8600	-14	6		
287	2.8700	-14	5		
288	2.8800	-15	4		
289	2.8900	-15	3		
290	2.9000	-15	2		
291	2.9100	-15	0		
292	2.9200	-15	-1		
293	2.9300	-15	-2		
294	2.9400	-15	-3		
295	2.9500	-15	-4		
296	2.9600	-15	-6		
297	2.9700	-15	-7		
298	2.9800	-14	-8		
299	2.9900	-14	-10		
300	3.0000	-14	-11		
301	3.0100	-14	-12		
302	3.0200	-14	-13		
303	3.0300	-13	-14		
304	3.0400	-13	-15		
305	3.0500	-12	-16		
306	3.0600	-12	-17		
307	3.0700	-12	-18		
308	3.0800	-11	-19		
309	3.0900	-11	-20		
310	3.1000	-10	-20		
311	3.1100	-10	-21		
312	3.1200	-9	-22		
313	3.1300	-9	-22		
314	3.1400	-8	-22		
315	3.1500	-8	-23		
316	3.1600	-7	-23		
317	3.1700	-7	-23		
318	3.1800	-6	-23		
319	3.1900	-6	-23		
320	3.2000	-5	-23		
321	3.2100	-4	-23		
322	3.2200	-4	-22		
323	3.2300	-4	-22		
324	3.2400	-3	-22		
325	3.2500	-2	-21		
326	3.2600	-2	-20		
327	3.2700	-2	-20		
328	3.2800	-1	-19		
329	3.2900	-1	-18		
330	3.3000	0	-17		
331	3.3100	0	-16		
332	3.3200	0	-15		
333	3.3300	0	-14		
334	3.3400	1	-13		
335	3.3500	1	-12		
336	3.3600	1	-10		
337	3.3700	1	-9		
338	3.3800	2	-8		
339	3.3900	2	-6		
340	3.4000	2	-5		
341	3.4100	2	-3		
342	3.4200	2	-2		
343	3.4300	2	0		
344	3.4400	2	1		
345	3.4500	2	3		
346	3.4600	2	4		
347	3.4700	1	6		
348	3.4800	1	7		
349	3.4900	1	8		
350	3.5000	0	10		
351	3.5100	0	11		
352	3.5200	0	12		
353	3.5300	0	14		
354	3.5400	-1	15		
355	3.5500	-1	16		
356	3.5600	-2	17		
357	3.5700	-2	18		
358	3.5800	-2	19		
359	3.5900	-3	20		
360	3.6000	-4	21		
361	3.6100	-4	21		
362	3.6200	-4	22		
363	3.6300	-5	22		
364	3.6400	-6	23		
365	3.6500	-6	23		
366	3.6600	-6	23		
367	3.6700	-7	24		
368	3.6800	-8	24		
369	3.6900	-8	23		
370	3.7000	-9	23		
371	3.7100	-9	23		
372	3.7200	-10	22		
373	3.7300	-10	22		
374	3.7400	-10	21		
375	3.7500	-11	20		
376	3.7600	-12	20		
377	3.7700	-12	19		
378	3.7800	-12	18		
379	3.7900	-13	17		
380	3.8000	-13	16		
381	3.8100	-14	14		
382	3.8200	-14	13		
383	3.8300	-14	12		
384	3.8400	-14	10		
385	3.8500	-14	8		
386	3.8600	-14	7		
387	3.8700	-15	6		
388	3.8800	-15	4		
389	3.8900	-15	2		
390	3.9000	-15	0		
391	3.9100	-15	-1		
392	3.9200	-15	-3		
393	3.9300	-15	-5		
394	3.9400	-15	-6		
395	3.9500	-15	-8		
396	3.9600	-14	-10		
397	3.9700	-14	-12		
398	3.9800	-14	-13		
399	3.9900	-14	-15		
400	4.0000	-14	-16		
401	4.0100	-13	-18		
402	4.0200	-13	-19		
403	4.0300	-12	-21		
404	4.0400	-12	-22		
405	4.0500	-12	-23		
406	4.0600	-11	-24		
407	4.0700	-11	-26		
408	4.0800	-10	-26		
409	4.0900	-10	-27		
410	4.1000	-10	-28		
411	4.1100	-9	-28		
412	4.1200	-8	-29		
413	4.1300	-8	-30		
414	4.1400	-7	-30		
415	4.1500	-7	-30		
416	4.1600	-6	-30		
417	4.1700	-6	-30		
418	4.1800	-5	-30		
419	4.1900	-5	-30		
420	4.2000	-4	-30		
421	4.2100	-4	-29		
422	4.2200	-3	-29		
423	4.2300	-3	-28		
424	4.2400	-2	-27		
425	4.2500	-2	-26		
426	4.2600	-2	-25		
427	4.2700	-1	-24		
428	4.2800	0	-23		
429	4.2900	0	-22		
430	4.3000	0	-20		
431	4.3100	0	-18		
432	4.3200	1	-17		
433	4.3300	1	-15		
434	4.3400	1	-14		
435	4.3500	1	-12		
436	4.3600	2	-10		
437	4.3700	2	-8		
438	4.3800	2	-6		
439	4.3900	2	-4		
440	4.4000	2	-2		
441	4.4100	2	0		
442	4.4200	2	2		
443	4.4300	2	3		
444	4.4400	2	5		
445	4.4500	1	7		
446	4.4600	1	9		
447	4.4700	1	11		
448	4.4800	0	13		
449	4.4900	0	14		
450	4.5000	0	16		
451	4.5100	0	18		
452	4.5200	-1	20		
453	4.5300	-1	21		
454	4.5400	-2	22		
455	4.5500	-2	24		
456	4.5600	-2	25		
457	4.5700	-3	26		
458	4.5800	-3	27		
459	4.5900	-4	28		
460	4.6000	-4	28		
461	4.6100	-5	29		
462	4.6200	-6	30		
463	4.6300	-6	30		
464	4.6400	-6	30		
465	4.6500	-7	30		
466	4.6600	-8	30		
467	4.6700	-8	30		
468	4.6800	-8	30		
469	4.6900	-9	30		
470	4.7000	-10	29		
471	4.7100	-10	28		
472	4.7200	-10	28		
473	4.7300	-11	27		
474	4.7400	-12	26		
475	4.7500	-12	25		
476	4.7600	-12	24		
477	4.7700	-13	22		
478	4.7800	-13	21		
479	4.7900	-13	19		
480	4.8000	-14	18		
481	4.8100	-14	16		
482	4.8200	-14	14		
483	4.8300	-14	12		
484	4.8400	-14	10		
485	4.8500	-15	8		
486	4.8600	-15	6		
487	4.8700	-15	4		
488	4.8800	-15	2		
489	4.8900	-15	0		
490	4.9000	-15	-2		
491	4.9100	-15	-5		
492	4.9200	-15	-7		
493	4.9300	-15	-9		
494	4.9400	-14	-11		
495	4.9500	-14	-13		
496	4.9600	-14	-16		
497	4.9700	-14	-18		
498	4.9800	-14	-20		
499	4.9900	-13	-21		
500	5.0000	-13	-23		
501	5.0100	-12	-25		
502	5.0200	-12	-27		
503	5.0300	-12	-28		
504	5.0400	-12	-30		
505	5.0500	-11	-31		
506	5.0600	-10	-32		
507	5.0700	-10	-33		
508	5.0800	-10	-34		
509	5.0900	-9	-35		
510	5.1000	-8	-36		
511	5.1100	-8	-36		
512	5.1200	-8	-37		
513	5.1300	-7	-37		
514	5.1400	-6	-38		
515	5.1500	-6	-38		
516	5.1600	-5	-38		
517	5.1700	-5	-37		
518	5.1800	-4	-37		
519	5.1900	-4	-36		
520	5.2000	-3	-36		
521	5.2100	-3	-35		
522	5.2200	-2	-34		
523	5.2300	-2	-32		
524	5.2400	-2	-31		
525	5.2500	-1	-30		
526	5.2600	-1	-28		
527	5.2700	0	-27		
528	5.2800	0	-25		
529	5.2900	0	-23		
530	5.3000	0	-22		
531	5.3100	1	-20		
532	5.3200	1	-17		
533	5.3300	1	-15		
534	5.3400	2	-13		
535	5.3500	2	-11		
536	5.3600	2	-8		
537	5.3700	2	-6		
538	5.3800	2	-4		
539	5.3900	2	-1		
540	5.4000	2	1		
541	5.4100	2	4		
542	5.4200	2	6		
543	5.4300	1	8		
544	5.4400	1	11		
545	5.4500	1	13		
546	5.4600	1	15		
547	5.4700	0	18		
548	5.4800	0	20		
549	5.4900	0	22		
550	5.5000	0	24		
551	5.5100	-1	25		
552	5.5200	-2	27		
553	5.5300	-2	29		
554	5.5400	-2	30		
555	5.5500	-3	32		
556	5.5600	-3	33		
557	5.5700	-4	34		
558	5.5800	-4	35		
559	5.5900	-5	36		
560	5.6000	-5	36		
561	5.6100	-6	37		
562	5.6200	-6	37		
563	5.6300	-7	38		
564	5.6400	-7	38		
565	5.6500	-8	38		
566	5.6600	-8	37		
567	5.6700	-9	37		
568	5.6800	-10	36		
569	5.6900	-10	36		
570	5.7000	-10	34		
571	5.7100	-11	34		
572	5.7200	-11	32		
573	5.7300	-12	31		
574	5.7400	-12	30		
575	5.7500	-12	28		
576	5.7600	-13	26		
577	5.7700	-13	24		
578	5.7800	-14	22		
579	5.7900	-14	20		
580	5.8000	-14	18		
581	5.8100	-14	16		
582	5.8200	-14	13		
583	5.8300	-15	11		
584	5.8400	-15	8		
585	5.8500	-15	6		
586	5.8600	-15	3		
587	5.8700	-15	1		
588	5.8800	-15	-2		
589	5.8900	-15	-4		
590	5.9000	-15	-7		
591	5.9100	-15	-10		
592	5.9200	-14	-12		
593	5.9300	-14	-15		
594	5.9400	-14	-18		
595	5.9500	-14	-20		
596	5.9600	-14	-22		
597	5.9700	-13	-24		
598	5.9800	-13	-27		
599	5.9900	-13	-29		
600	6.0000	-12	-31		
601	6.0100	-12	-33		
602	6.0200	-12	-35		
603	6.0300	-11	-36		
604	6.0400	-10	-38		
605	6.0500	-10	-39		
606	6.0600	-10	-40		
607	6.0700	-9	-42		
608	6.0800	-9	-42		
609	6.0900	-8	-43		
610	6.1000	-8	-44		
611	6.1100	-7	-44		
612	6.1200	-6	-44		
613	6.1300	-6	-45		
614	6.1400	-6	-44		
615	6.1500	-5	-44		
616	6.1600	-4	-44		
617	6.1700	-4	-43		
618	6.1800	-4	-42		
619	6.1900	-3	-42		
620	6.2000	-2	-40		
621	6.2100	-2	-39		
622	6.2200	-2	-38		
623	6.2300	-1	-36		
624	6.2400	-1	-34		
625	6.2500	0	-32		
626	6.2600	0	-30		
627	6.2700	0	-28		
628	6.2800	0	-26		
629	6.2900	1	-24		
630	6.3000	1	-21		
631	6.3100	1	-19		
632	6.3200	1	-16		
633	6.3300	2	-13		
634	6.3400	2	-10		
635	6.3500	2	-8		
636	6.3600	2	-5		
637	6.3700	2	-2		
638	6.3800	2	1		
639	6.3900	2	4		
640	6.4000	2	6		
641	6.4100	1	9		
642	6.4200	1	12		
643	6.4300	1	15		
644	6.4400	1	18		
645	6.4500	0	20		
646	6.4600	0	22		
647	6.4700	0	25		
648	6.4800	0	27		
649	6.4900	-1	30		
650	6.5000	-1	32		
651	6.5100	-2	34		
652	6.5200	-2	36		
653	6.5300	-2	37		
654	6.5400	-3	38		
655	6.5500	-4	40		
656	6.5600	-4	41		
657	6.5700	-4	42		
658	6.5800	-5	43		
659	6.5900	-6	44		
660	6.6000	-6	44		
661	6.6100	-7	44		
662	6.6200	-7	44		
663	6.6300	-8	44		
664	6.6400	-8	44		
665	6.6500	-9	44		
666	6.6600	-9	43		
667	6.6700	-10	42		
668	6.6800	-10	41		
669	6.6900	-11	40		
670	6.7000	-11	39		
671	6.7100	-12	37		
672	6.7200	-12	36		
673	6.7300	-12	34		
674	6.7400	-13	32		
675	6.7500	-13	30		
676	6.7600	-14	27		
677	6.7700	-14	25		
678	6.7800	-14	22		
679	6.7900	-14	20		
680	6.8000	-14	17		
681	6.8100	-14	14		
682	6.8200	-15	11		
683	6.8300	-15	8		
684	6.8400	-15	5		
685	6.8500	-15	2		
686	6.8600	-15	-1		
687	6.8700	-15	-4		
688	6.8800	-15	-7		
689	6.8900	-15	-10		
690	6.9000	-14	-13		
691	6.9100	-14	-16		
692	6.9200	-14	-19		
693	6.9300	-14	-22		
694	6.9400	-14	-25		
695	6.9500	-14	-28		
696	6.9600	-13	-30		
697	6.9700	-13	-32		
698	6.9800	-12	-35		
699	6.9900	-12	-37		
700	7.0000	-12	-40		
701	7.0100	-11	-42		
702	7.0200	-11	-43		
703	7.0300	-10	-45		
704	7.0400	-10	-46		
705	7.0500	-9	-48		
706	7.0600	-9	-49		
707	7.0700	-8	-50		
708	7.0800	-8	-50		
709	7.0900	-7	-51		
710	7.1000	-7	-52		
711	7.1100	-6	-52		
712	7.1200	-6	-52		
713	7.1300	-5	-52		
714	7.1400	-4	-51		
715	7.1500	-4	-50		
716	7.1600	-4	-49		
717	7.1700	-3	-48		
718	7.1800	-2	-47		
719	7.1900	-2	-46		
720	7.2000	-2	-44		
721	7.2100	-1	-42		
722	7.2200	-1	-40		
723	7.2300	0	-38		
724	7.2400	0	-36		
725	7.2500	0	-33		
726	7.2600	0	-31		
727	7.2700	1	-28		
728	7.2800	1	-25		
729	7.2900	1	-22		
730	7.3000	1	-20		
731	7.3100	2	-16		
732	7.3200	2	-13		
733	7.3300	2	-10		
734	7.3400	2	-6		
735	7.3500	2	-3		
736	7.3600	2	0		
737	7.3700	2	3		
738	7.3800	2	6		
739	7.3900	2	10		
740	7.4000	1	13		
741	7.4100	1	16		
742	7.4200	1	19		
743	7.4300	0	22		
744	7.4400	0	25		
745	7.4500	0	28		
746	7.4600	0	31		
747	7.4700	-1	34		
748	7.4800	-1	36		
749	7.4900	-2	38		
750	7.5000	-2	40		
751	7.5100	-2	42		
752	7.5200	-3	44		
753	7.5300	-4	46		
754	7.5400	-4	47		
755	7.5500	-4	48		
756	7.5600	-5	50		
757	7.5700	-6	50		
758	7.5800	-6	51		
759	7.5900	-6	51		
760	7.6000	-7	52		
761	7.6100	-8	52		
762	7.6200	-8	51		
763	7.6300	-9	51		
764	7.6400	-9	50		
765	7.6500	-10	49		
766	7.6600	-10	48		
767	7.6700	-11	47		
768	7.6800	-11	46		
769	7.6900	-12	44		
770	7.7000	-12	42		
771	7.7100	-12	40		
772	7.7200	-13	37		
773	7.7300	-13	35		
774	7.7400	-14	32		
775	7.7500	-14	30		
776	7.7600	-14	27		
777	7.7700	-14	24		
778	7.7800	-14	21		
779	7.7900	-14	18		
780	7.8000	-15	14		
781	7.8100	-15	11		
782	7.8200	-15	8		
783	7.8300	-15	4		
784	7.8400	-15	0		
785	7.8500	-15	-3		
786	7.8600	-15	-6		
787	7.8700	-15	-10		
788	7.8800	-15	-14		
789	7.8900	-14	-17		
790	7.9000	-14	-20		
791	7.9100	-14	-24		
792	7.9200	-14	-27		
793	7.9300	-14	-30		
794	7.9400	-13	-33		
795	7.9500	-13	-36		
796	7.9600	-12	-39		
797	7.9700	-12	-42		
798	7.9800	-12	-44		
799	7.9900	-11	-46		
800	8.0000	-11	-48		
801	8.0100	-10	-50		
802	8.0200	-10	-52		
803	8.0300	-9	-54		
804	8.0400	-9	-55		
805	8.0500	-8	-56		
806	8.0600	-8	-57		
807	8.0700	-7	-58		
808	8.0800	-7	-58		
809	8.0900	-6	-58		
810	8.1000	-6	-59		
811	8.1100	-5	-58		
812	8.1200	-5	-58		
813	8.1300	-4	-57		
814	8.1400	-4	-56		
815	8.1500	-3	-55		
816	8.1600	-3	-54		
817	8.1700	-2	-52		
818	8.1800	-2	-50		
819	8.1900	-2	-48		
820	8.2000	-1	-46		
821	8.2100	0	-44		
822	8.2200	0	-42		
823	8.2300	0	-39		
824	8.2400	0	-36		
825	8.2500	1	-33		
826	8.2600	1	-30		
827	8.2700	1	-26		
828	8.2800	1	-23		
829	8.2900	2	-20		
830	8.3000	2	-16		
831	8.3100	2	-12		
832	8.3200	2	-9		
833	8.3300	2	-5		
834	8.3400	2	-1		
835	8.3500	2	2		
836	8.3600	2	6		
837	8.3700	2	10		
838	8.3800	1	14		
839	8.3900	1	17		
840	8.4000	1	21		
841	8.4100	0	24		
842	8.4200	0	28		
843	8.4300	0	31		
844	8.4400	0	34		
845	8.4500	-1	37		
846	8.4600	-1	40		
847	8.4700	-2	42		
848	8.4800	-2	45		
849	8.4900	-2	47		
850	8.5000	-3	50		
851	8.5100	-3	51		
852	8.5200	-4	53		
853	8.5300	-4	54		
854	8.5400	-5	56		
855	8.5500	-5	57		
856	8.5600	-6	58		
857	8.5700	-6	58		
858	8.5800	-7	58		
859	8.5900	-8	58		
860	8.6000	-8	58		
861	8.6100	-8	58		
862	8.6200	-9	57		
863	8.6300	-10	56		
864	8.6400	-10	55		
865	8.6500	-10	54		
866	8.6600	-11	52		
867	8.6700	-12	50		
868	8.6800	-12	48		
869	8.6900	-12	46		
870	8.7000	-12	44		
871	8.7100	-13	41		
872	8.7200	-13	38		
873	8.7300	-14	35		
874	8.7400	-14	32		
875	8.7500	-14	28		
876	8.7600	-14	25		
877	8.7700	-14	22		
878	8.7800	-15	18		
879	8.7900	-15	14		
880	8.8000	-15	10		
881	8.8100	-15	6		
882	8.8200	-15	2		
883	8.8300	-15	-2		
884	8.8400	-15	-6		
885	8.8500	-15	-10		
886	8.8600	-15	-14		
887	8.8700	-14	-18		
888	8.8800	-14	-21		
889	8.8900	-14	-25		
890	8.9000	-14	-28		
891	8.9100	-14	-32		
892	8.9200	-13	-36		
893	8.9300	-13	-39		
894	8.9400	-12	-42		
895	8.9500	-12	-45		
896	8.9600	-12	-48		
897	8.9700	-12	-51		
898	8.9800	-11	-53		
899	8.9900	-10	-56		
900	9.0000	-10	-58		
901	9.0100	-10	-60		
902	9.0200	-9	-61		
903	9.0300	-8	-62		
904	9.0400	-8	-64		
905	9.0500	-8	-64		
906	9.0600	-7	-65		
907	9.0700	-6	-66		
908	9.0800	-6	-66		
909	9.0900	-5	-65		
910	9.1000	-5	-65		
911	9.1100	-4	-64		
912	9.1200	-4	-63		
913	9.1300	-3	-62		
914	9.1400	-3	-61		
915	9.1500	-2	-59		
916	9.1600	-2	-57		
917	9.1700	-2	-55		
918	9.1800	-1	-53		
919	9.1900	-1	-50		
920	9.2000	0	-48		
921	9.2100	0	-44		
922	9.2200	0	-41		
923	9.2300	0	-38		
924	9.2400	1	-34		
925	9.2500	1	-31		
926	9.2600	1	-27		
927	9.2700	2	-23		
928	9.2800	2	-19		
929	9.2900	2	-15		
930	9.3000	2	-11		
931	9.3100	2	-7		
932	9.3200	2	-3		
933	9.3300	2	1		
934	9.3400	2	6		
935	9.3500	2	10		
936	9.3600	1	14		
937	9.3700	1	18		
938	9.3800	1	22		
939	9.3900	1	26		
940	9.4000	0	29		
941	9.4100	0	33		
942	9.4200	0	37		
943	9.4300	0	40		
944	9.4400	-1	43		
945	9.4500	-2	46		
946	9.4600	-2	49		
947	9.4700	-2	52		
948	9.4800	-3	54		
949	9.4900	-3	56		
950	9.5000	-4	58		
951	9.5100	-4	60		
952	9.5200	-5	62		
953	9.5300	-5	63		
954	9.5400	-6	64		
955	9.5500	-6	64		
956	9.5600	-7	65		
957	9.5700	-8	65		
958	9.5800	-8	65		
959	9.5900	-8	65		
960	9.6000	-9	64		
961	9.6100	-10	63		
962	9.6200	-10	62		
963	9.6300	-10	60		
964	9.6400	-11	59		
965	9.6500	-11	57		
966	9.6600	-12	55		
967	9.6700	-12	52		
968	9.6800	-12	50		
969	9.6900	-13	47		
970	9.7000	-13	44		
971	9.7100	-14	40		
972	9.7200	-14	37		
973	9.7300	-14	33		
974	9.7400	-14	30		
975	9.7500	-14	26		
976	9.7600	-15	22		
977	9.7700	-15	18		
978	9.7800	-15	13		
979	9.7900	-15	9		
980	9.8000	-15	5		
981	9.8100	-15	0		
982	9.8200	-15	-4		
983	9.8300	-15	-8		
984	9.8400	-15	-13		
985	9.8500	-14	-17		
986	9.8600	-14	-22		
987	9.8700	-14	-26		
988	9.8800	-14	-30		
989	9.8900	-14	-34		
990	9.9000	-13	-38		
991	9.9100	-13	-42		
992	9.9200	-13	-45		
993	9.9300	-12	-48		
994	9.9400	-12	-52		
995	9.9500	-12	-55		
996	9.9600	-11	-58		
997	9.9700	-10	-60		
998	9.9800	-10	-62		
999	9.9900	-10	-65		
1000	10.0000	-9	-66		
1001	10.0100	-8	-68		
1002	10.0200	-8	-70		
1003	10.0300	-8	-71		
1004	10.0400	-7	-72		
1005	10.0500	-6	-72		
1006	10.0600	-6	-72		
1007	10.0700	-6	-72		
1008	10.0800	-5	-72		
1009	10.0900	-4	-71		
1010	10.1000	-4	-70		
1011	10.1100	-4	-69		
1012	10.1200	-3	-68		
1013	10.1300	-2	-66		
1014	10.1400	-2	-64		
1015	10.1500	-2	-62		
1016	10.1600	-1	-59		
1017	10.1700	-1	-56		
1018	10.1800	0	-54		
1019	10.1900	0	-50		
1020	10.2000	0	-47		
1021	10.2100	0	-43		
1022	10.2200	1	-40		
1023	10.2300	1	-36		
1024	10.2400	1	-32		
1025	10.2500	1	-27		
1026	10.2600	2	-23		
1027	10.2700	2	-18		
1028	10.2800	2	-14		
1029	10.2900	2	-10		
1030	10.3000	2	-5		
1031	10.3100	2	0		
1032	10.3200	2	4		
1033	10.3300	2	9		
1034	10.3400	1	14		
1035	10.3500	1	18		
1036	10.3600	1	22		
1037	10.3700	1	27		
1038	10.3800	0	31		
1039	10.3900	0	35		
1040	10.4000	0	39		
1041	10.4100	0	43		
1042	10.4200	-1	46		
1043	10.4300	-1	50		
1044	10.4400	-2	53		
1045	10.4500	-2	56		
1046	10.4600	-2	59		
1047	10.4700	-3	62		
1048	10.4800	-4	64		
1049	10.4900	-4	66		
1050	10.5000	-4	68		
1051	10.5100	-5	69		
1052	10.5200	-6	70		
1053	10.5300	-6	71		
1054	10.5400	-7	72		
1055	10.5500	-7	72		
1056	10.5600	-8	72		
1057	10.5700	-8	72		
1058	10.5800	-9	71		
1059	10.5900	-9	70		
1060	10.6000	-10	69		
1061	10.6100	-10	68		
1062	10.6200	-11	66		
1063	10.6300	-11	64		
1064	10.6400	-12	62		
1065	10.6500	-12	59		
1066	10.6600	-12	56		
1067	10.6700	-13	53		
1068	10.6800	-13	50		
1069	10.6900	-14	46		
1070	10.7000	-14	42		
1071	10.7100	-14	38		
1072	10.7200	-14	34		
1073	10.7300	-14	30		
1074	10.7400	-14	26		
1075	10.7500	-15	22		
1076	10.7600	-15	17		
1077	10.7700	-15	12		
1078	10.7800	-15	8		
1079	10.7900	-15	2		
1080	10.8000	-15	-2		
1081	10.8100	-15	-7		
1082	10.8200	-15	-12		
1083	10.8300	-14	-17		
1084	10.8400	-14	-22		
1085	10.8500	-14	-26		
1086	10.8600	-14	-30		
1087	10.8700	-14	-35		
1088	10.8800	-14	-39		
1089	10.8900	-13	-44		
1090	10.9000	-13	-48		
1091	10.9100	-12	-52		
1092	10.9200	-12	-55		
1093	10.9300	-12	-58		
1094	10.9400	-11	-62		
1095	10.9500	-11	-65		
1096	10.9600	-10	-68		
1097	10.9700	-10	-70		
1098	10.9800	-9	-72		
1099	10.9900	-9	-74		
1100	11.0000	-8	-76		
1101	11.0100	-8	-77		
1102	11.0200	-7	-78		
1103	11.0300	-6	-78		
1104	11.0400	-6	-79		
1105	11.0500	-6	-79		
1106	11.0600	-5	-79		
1107	11.0700	-4	-78		
1108	11.0800	-4	-77		
1109	11.0900	-4	-76		
1110	11.1000	-3	-74		
1111	11.1100	-2	-73		
1112	11.1200	-2	-71		
1113	11.1300	-2	-68		
1114	11.1400	-1	-66		
1115	11.1500	-1	-63		
1116	11.1600	0	-60		
1117	11.1700	0	-56		
1118	11.1800	0	-53		
1119	11.1900	0	-49		
1120	11.2000	1	-45		
1121	11.2100	1	-40		
1122	11.2200	1	-36		
1123	11.2300	1	-32		
1124	11.2400	2	-27		
1125	11.2500	2	-22		
1126	11.2600	2	-18		
1127	11.2700	2	-12		
1128	11.2800	2	-8		
1129	11.2900	2	-2		
1130	11.3000	2	2		
1131	11.3100	2	8		
1132	11.3200	1	13		
1133	11.3300	1	18		
1134	11.3400	1	22		
1135	11.3500	1	27		
1136	11.3600	0	32		
1137	11.3700	0	36		
1138	11.3800	0	41		
1139	11.3900	0	45		
1140	11.4000	-1	49		
1141	11.4100	-1	53		
1142	11.4200	-2	56		
1143	11.4300	-2	60		
1144	11.4400	-2	63		
1145	11.4500	-3	66		
1146	11.4600	-4	68		
1147	11.4700	-4	71		
1148	11.4800	-4	73		
1149	11.4900	-5	75		
1150	11.5000	-6	76		
1151	11.5100	-6	77		
1152	11.5200	-6	78		
1153	11.5300	-7	78		
1154	11.5400	-8	79		
1155	11.5500	-8	78		
1156	11.5600	-9	78		
1157	11.5700	-9	77		
1158	11.5800	-10	76		
1159	11.5900	-10	74		
1160	11.6000	-11	73		
1161	11.6100	-11	70		
1162	11.6200	-12	68		
1163	11.6300	-12	66		
1164	11.6400	-12	62		
1165	11.6500	-13	59		
1166	11.6600	-13	56		
1167	11.6700	-14	52		
1168	11.6800	-14	48		
1169	11.6900	-14	44		
1170	11.7000	-14	40		
1171	11.7100	-14	35		
1172	11.7200	-14	30		
1173	11.7300	-15	26		
1174	11.7400	-15	20		
1175	11.7500	-15	16		
1176	11.7600	-15	10		
1177	11.7700	-15	5		
1178	11.7800	-15	0		
1179	11.7900	-15	-5		
1180	11.8000	-15	-10		
1181	11.8100	-14	-16		
1182	11.8200	-14	-21		
1183	11.8300	-14	-26		
1184	11.8400	-14	-31		
1185	11.8500	-14	-36		
1186	11.8600	-14	-40		
1187	11.8700	-13	-45		
1188	11.8800	-13	-50		
1189	11.8900	-12	-54		
1190	11.9000	-12	-58		
1191	11.9100	-12	-62		
1192	11.9200	-11	-66		
1193	11.9300	-11	-69		
1194	11.9400	-10	-72		
1195	11.9500	-10	-74		
1196	11.9600	-9	-77		
1197	11.9700	-9	-79		
1198	11.9800	-8	-81		
1199	11.9900	-8	-82		
1200	12.0000	-7	-84		
1201	12.0100	-7	-85		
1202	12.0200	-6	-85		
1203	12.0300	-6	-86		
1204	12.0400	-5	-86		
1205	12.0500	-5	-85		
1206	12.0600	-4	-84		
1207	12.0700	-4	-83		
1208	12.0800	-3	-82		
1209	12.0900	-3	-80		
1210	12.1000	-2	-78		
1211	12.1100	-2	-75		
1212	12.1200	-1	-72		
1213	12.1300	-1	-70		
1214	12.1400	0	-66		
1215	12.1500	0	-63		
1216	12.1600	0	-59		
1217	12.1700	0	-55		
1218	12.1800	1	-50		
1219	12.1900	1	-46		
1220	12.2000	1	-41		
1221	12.2100	1	-36		
1222	12.2200	2	-32		
1223	12.2300	2	-26		
1224	12.2400	2	-21		
1225	12.2500	2	-16		
1226	12.2600	2	-10		
1227	12.2700	2	-5		
1228	12.2800	2	0		
1229	12.2900	2	6		
1230	12.3000	2	11		
1231	12.3100	1	17		
1232	12.3200	1	22		
1233	12.3300	1	28		
1234	12.3400	0	32		
1235	12.3500	0	38		
1236	12.3600	0	42		
1237	12.3700	0	47		
1238	12.3800	-1	52		
1239	12.3900	-1	56		
1240	12.4000	-2	60		
1241	12.4100	-2	64		
1242	12.4200	-2	67		
1243	12.4300	-3	70		
1244	12.4400	-4	73		
1245	12.4500	-4	76		
1246	12.4600	-4	78		
1247	12.4700	-5	80		
1248	12.4800	-6	82		
1249	12.4900	-6	83		
1250	12.5000	-6	84		
1251	12.5100	-7	85		
1252	12.5200	-8	85		
1253	12.5300	-8	85		
1254	12.5400	-8	85		
1255	12.5500	-9	84		
1256	12.5600	-10	83		
1257	12.5700	-10	82		
1258	12.5800	-10	80		
1259	12.5900	-11	78		
1260	12.6000	-12	75		
1261	12.6100	-12	72		
1262	12.6200	-12	69		
1263	12.6300	-13	66		
1264	12.6400	-13	62		
1265	12.6500	-13	58		
1266	12.6600	-14	54		
1267	12.6700	-14	50		
1268	12.6800	-14	45		
1269	12.6900	-14	40		
1270	12.7000	-14	35		
1271	12.7100	-15	30		
1272	12.7200	-15	25		
1273	12.7300	-15	19		
1274	12.7400	-15	14		
1275	12.7500	-15	8		
1276	12.7600	-15	2		
1277	12.7700	-15	-3		
1278	12.7800	-15	-9		
1279	12.7900	-15	-14		
1280	12.8000	-14	-20		
1281	12.8100	-14	-26		
1282	12.8200	-14	-31		
1283	12.8300	-14	-36		
1284	12.8400	-14	-42		
1285	12.8500	-13	-46		
1286	12.8600	-13	-52		
1287	12.8700	-12	-56		
1288	12.8800	-12	-60		
1289	12.8900	-12	-65		
1290	12.9000	-11	-69		
1291	12.9100	-11	-72		
1292	12.9200	-10	-76		
1293	12.9300	-10	-79		
1294	12.9400	-10	-82		
1295	12.9500	-9	-84		
1296	12.9600	-8	-86		
1297	12.9700	-8	-88		
1298	12.9800	-8	-90		
1299	12.9900	-7	-91		
1300	13.0000	-6	-92		
1301	13.0100	-6	-92		
1302	13.0200	-5	-92		
1303	13.0300	-5	-92		
1304	13.0400	-4	-91		
1305	13.0500	-4	-90		
1306	13.0600	-3	-88		
1307	13.0700	-3	-87		
1308	13.0800	-2	-85		
1309	13.0900	-2	-82		
1310	13.1000	-2	-80		
1311	13.1100	-1	-76		
1312	13.1200	-1	-73		
1313	13.1300	0	-69		
1314	13.1400	0	-65		
1315	13.1500	0	-61		
1316	13.1600	0	-56		
1317	13.1700	1	-52		
1318	13.1800	1	-46		
1319	13.1900	1	-42		
1320	13.2000	2	-36		
1321	13.2100	2	-30		
1322	13.2200	2	-25		
1323	13.2300	2	-19		
1324	13.2400	2	-14		
1325	13.2500	2	-8		
1326	13.2600	2	-2		
1327	13.2700	2	4		
1328	13.2800	2	10		
1329	13.2900	1	16		
1330	13.3000	1	22		
1331	13.3100	1	27		
1332	13.3200	0	33		
1333	13.3300	0	38		
1334	13.3400	0	44		
1335	13.3500	0	48		
1336	13.3600	-1	54		
1337	13.3700	-1	58		
1338	13.3800	-2	62		
1339	13.3900	-2	67		
1340	13.4000	-2	70		
1341	13.4100	-3	74		
1342	13.4200	-3	78		
1343	13.4300	-4	80		
1344	13.4400	-4	83		
1345	13.4500	-5	86		
1346	13.4600	-5	88		
1347	13.4700	-6	89		
1348	13.4800	-6	90		
1349	13.4900	-7	91		
1350	13.5000	-8	92		
1351	13.5100	-8	92		
1352	13.5200	-8	92		
1353	13.5300	-9	91		
1354	13.5400	-10	90		
1355	13.5500	-10	88		
1356	13.5600	-10	86		
1357	13.5700	-11	84		
1358	13.5800	-12	82		
1359	13.5900	-12	79		
1360	13.6000	-12	76		
1361	13.6100	-12	72		
1362	13.6200	-13	68		
1363	13.6300	-13	64		
1364	13.6400	-14	60		
1365	13.6500	-14	56		
1366	13.6600	-14	50		
1367	13.6700	-14	46		
1368	13.6800	-14	40		
1369	13.6900	-15	35		
1370	13.7000	-15	29		
1371	13.7100	-15	23		
1372	13.7200	-15	17		
1373	13.7300	-15	12		
1374	13.7400	-15	5		
1375	13.7500	-15	-1		
1376	13.7600	-15	-7		
1377	13.7700	-15	-13		
1378	13.7800	-14	-19		
1379	13.7900	-14	-25		
1380	13.8000	-14	-31		
1381	13.8100	-14	-36		
1382	13.8200	-14	-42		
1383	13.8300	-13	-48		
1384	13.8400	-13	-53		
1385	13.8500	-12	-58		
1386	13.8600	-12	-63		
1387	13.8700	-12	-68		
1388	13.8800	-12	-72		
1389	13.8900	-11	-76		
1390	13.9000	-10	-80		
1391	13.9100	-10	-84		
1392	13.9200	-10	-86		
1393	13.9300	-9	-89		
1394	13.9400	-8	-92		
1395	13.9500	-8	-94		
1396	13.9600	-8	-96		
1397	13.9700	-7	-97		
1398	13.9800	-6	-98		
1399	13.9900	-6	-98		
1400	14.0000	-6	-99		
1401	14.0100	-5	-98		
1402	14.0200	-4	-98		
1403	14.0300	-4	-97		
1404	14.0400	-3	-96		
1405	14.0500	-3	-94		
1406	14.0600	-2	-92		
1407	14.0700	-2	-89		
1408	14.0800	-2	-86		
1409	14.0900	-1	-83		
1410	14.1000	-1	-80		
1411	14.1100	0	-76		
1412	14.1200	0	-71		
1413	14.1300	0	-67		
1414	14.1400	0	-62		
1415	14.1500	1	-57		
1416	14.1600	1	-52		
1417	14.1700	1	-46		
1418	14.1800	1	-41		
1419	14.1900	2	-35		
1420	14.2000	2	-29		
1421	14.2100	2	-23		
1422	14.2200	2	-17		
1423	14.2300	2	-10		
1424	14.2400	2	-4		
1425	14.2500	2	2		
1426	14.2600	2	8		
1427	14.2700	1	14		
1428	14.2800	1	21		
1429	14.2900	1	27		
1430	14.3000	1	33		
1431	14.3100	0	39		
1432	14.3200	0	44		
1433	14.3300	0	50		
1434	14.3400	0	55		
1435	14.3500	-1	60		
1436	14.3600	-1	65		
1437	14.3700	-2	70		
1438	14.3800	-2	74		
1439	14.3900	-3	78		
1440	14.4000	-3	82		
1441	14.4100	-4	85		
1442	14.4200	-4	88		
1443	14.4300	-5	90		
1444	14.4400	-5	93		
1445	14.4500	-6	95		
1446	14.4600	-6	96		
1447	14.4700	-7	97		
1448	14.4800	-7	98		
1449	14.4900	-8	98		
1450	14.5000	-8	98		
1451	14.5100	-9	98		
1452	14.5200	-9	96		
1453	14.5300	-10	95		
1454	14.5400	-10	94		
1455	14.5500	-11	91		
1456	14.5600	-11	89		
1457	14.5700	-12	86		
1458	14.5800	-12	83		
1459	14.5900	-12	79		
1460	14.6000	-13	75		
1461	14.6100	-13	71		
1462	14.6200	-14	66		
1463	14.6300	-14	62		
1464	14.6400	-14	56		
1465	14.6500	-14	51		
1466	14.6600	-14	45		
1467	14.6700	-14	40		
1468	14.6800	-15	34		
1469	14.6900	-15	28		
1470	14.7000	-15	21		
1471	14.7100	-15	15		
1472	14.7200	-15	8		
1473	14.7300	-15	2		
1474	14.7400	-15	-4		
1475	14.7500	-15	-11		
1476	14.7600	-14	-18		
1477	14.7700	-14	-24		
1478	14.7800	-14	-30		
1479	14.7900	-14	-36		
1480	14.8000	-14	-42		
1481	14.8100	-13	-48		
1482	14.8200	-13	-54		
1483	14.8300	-13	-60		
1484	14.8400	-12	-65		
1485	14.8500	-12	-70		
1486	14.8600	-12	-75		
1487	14.8700	-11	-79		
1488	14.8800	-10	-84		
1489	14.8900	-10	-87		
1490	14.9000	-10	-91		
1491	14.9100	-9	-94		
1492	14.9200	-9	-97		
1493	14.9300	-8	-99		
1494	14.9400	-8	-101		
1495	14.9500	-7	-103		
1496	14.9600	-6	-104		
1497	14.9700	-6	-105		
1498	14.9800	-6	-105		
1499	14.9900	-5	-105		
1500	15.0000	-4	-105		
1501	15.0100	-4	-104		
1502	15.0200	-4	-102		
1503	15.0300	-3	-101		
1504	15.0400	-2	-98		
1505	15.0500	-2	-96		
1506	15.0600	-2	-93		
1507	15.0700	-1	-90		
1508	15.0800	-1	-86		
1509	15.0900	0	-82		
1510	15.1000	0	-78		
1511	15.1100	0	-73		
1512	15.1200	0	-68		
1513	15.1300	1	-63		
1514	15.1400	1	-58		
1515	15.1500	1	-52		
1516	15.1600	1	-46		
1517	15.1700	2	-40		
1518	15.1800	2	-34		
1519	15.1900	2	-27		
1520	15.2000	2	-21		
1521	15.2100	2	-14		
1522	15.2200	2	-8		
1523	15.2300	2	-1		
1524	15.2400	2	6		
1525	15.2500	1	13		
1526	15.2600	1	19		
1527	15.2700	1	26		
1528	15.2800	1	32		
1529	15.2900	0	38		
1530	15.3000	0	44		
1531	15.3100	0	51		
1532	15.3200	0	56		
1533	15.3300	-1	62		
1534	15.3400	-1	67		
1535	15.3500	-2	72		
1536	15.3600	-2	77		
1537	15.3700	-2	81		
1538	15.3800	-3	85		
1539	15.3900	-4	89		
1540	15.4000	-4	92		
1541	15.4100	-4	95		
1542	15.4200	-5	98		
1543	15.4300	-6	100		
1544	15.4400	-6	102		
1545	15.4500	-7	103		
1546	15.4600	-7	104		
1547	15.4700	-8	104		
1548	15.4800	-8	104		
1549	15.4900	-9	104		
1550	15.5000	-9	103		
1551	15.5100	-10	102		
1552	15.5200	-10	100		
1553	15.5300	-11	98		
1554	15.5400	-11	96		
1555	15.5500	-12	93		
1556	15.5600	-12	90		
1557	15.5700	-12	86		
1558	15.5800	-13	82		
1559	15.5900	-13	77		
1560	15.6000	-14	72		
1561	15.6100	-14	68		
1562	15.6200	-14	62		
1563	15.6300	-14	56		
1564	15.6400	-14	51		
1565	15.6500	-14	45		
1566	15.6600	-15	38		
1567	15.6700	-15	32		
1568	15.6800	-15	26		
1569	15.6900	-15	19		
1570	15.7000	-15	12		
1571	15.7100	-15	5		
1572	15.7200	-15	-2		
1573	15.7300	-15	-9		
1574	15.7400	-14	-16		
1575	15.7500	-14	-22		
1576	15.7600	-14	-29		
1577	15.7700	-14	-36		
1578	15.7800	-14	-42		
1579	15.7900	-14	-48		
1580	15.8000	-13	-55		
1581	15.8100	-13	-61		
1582	15.8200	-12	-66		
1583	15.8300	-12	-72		
1584	15.8400	-12	-77		
1585	15.8500	-11	-82		
1586	15.8600	-11	-86		
1587	15.8700	-10	-91		
1588	15.8800	-10	-95		
1589	15.8900	-9	-98		
1590	15.9000	-9	-102		
1591	15.9100	-8	-104		
1592	15.9200	-8	-106		
1593	15.9300	-7	-108		
1594	15.9400	-7	-110		
1595	15.9500	-6	-111		
1596	15.9600	-6	-111		
1597	15.9700	-5	-112		
1598	15.9800	-4	-111		
1599	15.9900	-4	-110		
1600	16.0000	-4	-109		
1601	16.0100	-3	-108		
1602	16.0200	-2	-106		
1603	16.0300	-2	-103		
1604	16.0400	-2	-100		
1605	16.0500	-1	-96		
1606	16.0600	-1	-93		
1607	16.0700	0	-89		
1608	16.0800	0	-84		
1609	16.0900	0	-80		
1610	16.1000	0	-74		
1611	16.1100	1	-69		
1612	16.1200	1	-64		
1613	16.1300	1	-58		
1614	16.1400	1	-51		
1615	16.1500	2	-45		
1616	16.1600	2	-38		
1617	16.1700	2	-32		
1618	16.1800	2	-25		
1619	16.1900	2	-18		
1620	16.2000	2	-11		
1621	16.2100	2	-4		
1622	16.2200	2	4		
1623	16.2300	1	10		
1624	16.2400	1	18		
1625	16.2500	1	24		
1626	16.2600	1	32		
1627	16.2700	0	38		
1628	16.2800	0	45		
1629	16.2900	0	51		
1630	16.3000	0	57		
1631	16.3100	-1	63		
1632	16.3200	-1	69		
1633	16.3300	-2	74		
1634	16.3400	-2	80		
1635	16.3500	-2	84		
1636	16.3600	-3	89		
1637	16.3700	-4	93		
1638	16.3800	-4	96		
1639	16.3900	-4	100		
1640	16.4000	-5	103		
1641	16.4100	-6	105		
1642	16.4200	-6	107		
1643	16.4300	-6	109		
1644	16.4400	-7	110		
1645	16.4500	-8	110		
1646	16.4600	-8	111		
1647	16.4700	-8	110		
1648	16.4800	-9	110		
1649	16.4900	-10	109		
1650	16.5000	-10	107		
1651	16.5100	-10	105		
1652	16.5200	-11	102		
1653	16.5300	-12	100		
1654	16.5400	-12	96		
1655	16.5500	-12	92		
1656	16.5600	-13	88		
1657	16.5700	-13	84		
1658	16.5800	-13	79		
1659	16.5900	-14	74		
1660	16.6000	-14	68		
1661	16.6100	-14	62		
1662	16.6200	-14	56		
1663	16.6300	-14	50		
1664	16.6400	-15	44		
1665	16.6500	-15	37		
1666	16.6600	-15	30		
1667	16.6700	-15	23		
1668	16.6800	-15	16		
1669	16.6900	-15	9		
1670	16.7000	-15	2		
1671	16.7100	-15	-6		
1672	16.7200	-14	-13		
1673	16.7300	-14	-20		
1674	16.7400	-14	-28		
1675	16.7500	-14	-35		
1676	16.7600	-14	-42		
1677	16.7700	-14	-48		
1678	16.7800	-13	-55		
1679	16.7900	-13	-62		
1680	16.8000	-12	-68		
1681	16.8100	-12	-74		
1682	16.8200	-12	-79		
1683	16.8300	-11	-84		
1684	16.8400	-11	-90		
1685	16.8500	-10	-94		
1686	16.8600	-10	-98		
1687	16.8700	-10	-102		
1688	16.8800	-9	-106		
1689	16.8900	-8	-109		
1690	16.9000	-8	-112		
1691	16.9100	-7	-114		
1692	16.9200	-7	-115		
1693	16.9300	-6	-116		
1694	16.9400	-6	-117		
1695	16.9500	-5	-118		
1696	16.9600	-5	-118		
1697	16.9700	-4	-117		
1698	16.9800	-4	-116		
1699	16.9900	-3	-114		
1700	17.0000	-3	-112		
1701	17.0100	-2	-110		
1702	17.0200	-2	-107		
1703	17.0300	-2	-104		
1704	17.0400	-1	-100		
1705	17.0500	-1	-96		
1706	17.0600	0	-91		
1707	17.0700	0	-86		
1708	17.0800	0	-81		
1709	17.0900	0	-76		
1710	17.1000	1	-70		
1711	17.1100	1	-63		
1712	17.1200	1	-57		
1713	17.1300	2	-50		
1714	17.1400	2	-43		
1715	17.1500	2	-36		
1716	17.1600	2	-29		
1717	17.1700	2	-22		
1718	17.1800	2	-14		
1719	17.1900	2	-7		
1720	17.2000	2	0		
1721	17.2100	2	8		
1722	17.2200	1	16		
1723	17.2300	1	23		
1724	17.2400	1	30		
1725	17.2500	0	37		
1726	17.2600	0	44		
1727	17.2700	0	51		
1728	17.2800	0	58		
1729	17.2900	-1	64		
1730	17.3000	-1	70		
1731	17.3100	-2	76		
1732	17.3200	-2	82		
1733	17.3300	-2	87		
1734	17.3400	-3	92		
1735	17.3500	-3	96		
1736	17.3600	-4	100		
1737	17.3700	-4	104		
1738	17.3800	-5	107		
1739	17.3900	-5	110		
1740	17.4000	-6	112		
1741	17.4100	-6	114		
1742	17.4200	-7	114		
1743	17.4300	-8	114		
1744	17.4400	-8	114		
1745	17.4500	-8	114		
1746	17.4600	-9	114		
1747	17.4700	-10	114		
1748	17.4800	-10	114		
1749	17.4900	-10	112		
1750	17.5000	-11	110		
1751	17.5100	-12	106		
1752	17.5200	-12	103		
1753	17.5300	-12	100		
1754	17.5400	-12	95		
1755	17.5500	-13	90		
1756	17.5600	-13	86		
1757	17.5700	-14	80		
1758	17.5800	-14	75		
1759	17.5900	-14	69		
1760	17.6000	-14	62		
1761	17.6100	-14	56		
1762	17.6200	-14	49		
1763	17.6300	-15	42		
1764	17.6400	-15	35		
1765	17.6500	-15	28		
1766	17.6600	-15	20		
1767	17.6700	-15	12		
1768	17.6800	-15	5		
1769	17.6900	-15	-3		
1770	17.7000	-15	-10		
1771	17.7100	-14	-18		
1772	17.7200	-14	-26		
1773	17.7300	-14	-33		
1774	17.7400	-14	-41		
1775	17.7500	-14	-48		
1776	17.7600	-13	-55		
1777	17.7700	-13	-62		
1778	17.7800	-12	-68		
1779	17.7900	-12	-75		
1780	17.8000	-12	-81		
1781	17.8100	-11	-86		
1782	17.8200	-11	-92		
1783	17.8300	-10	-97		
1784	17.8400	-10	-102		
1785	17.8500	-10	-106		
1786	17.8600	-9	-110		
1787	17.8700	-8	-113		
1788	17.8800	-8	-116		
1789	17.8900	-8	-118		
1790	17.9000	-7	-120		
1791	17.9100	-6	-122		
1792	17.9200	-6	-122		
1793	17.9300	-5	-122		
1794	17.9400	-5	-122		
1795	17.9500	-4	-122		
1796	17.9600	-4	-122		
1797	17.9700	-3	-121		
1798	17.9800	-3	-119		
1799	17.9900	-2	-117		
1800	18.0000	-2	-114		
1801	18.0100	-2	-110		
1802	18.0200	-1	-107		
1803	18.0300	-1	-102		
1804	18.0400	0	-98		
1805	18.0500	0	-93		
1806	18.0600	0	-88		
1807	18.0700	0	-82		
1808	18.0800	1	-76		
1809	18.0900	1	-70		
1810	18.1000	1	-63		
1811	18.1100	1	-56		
1812	18.1200	2	-48		
1813	18.1300	2	-41		
1814	18.1400	2	-34		
1815	18.1500	2	-26		
1816	18.1600	2	-18		
1817	18.1700	2	-10		
1818	18.1800	2	-3		
1819	18.1900	2	5		
1820	18.2000	1	13		
1821	18.2100	1	21		
1822	18.2200	1	28		
1823	18.2300	0	36		
1824	18.2400	0	44		
1825	18.2500	0	51		
1826	18.2600	0	58		
1827	18.2700	0	65		
1828	18.2800	-1	71		
1829	18.2900	-2	78		
1830	18.3000	-2	84		
1831	18.3100	-2	89		
1832	18.3200	-3	94		
1833	18.3300	-3	99		
1834	18.3400	-4	104		
1835	18.3500	-4	108		
1836	18.3600	-5	111		
1837	18.3700	-5	114		
1838	18.3800	-6	114		
1839	18.3900	-6	114		
1840	18.4000	-7	114		
1841	18.4100	-7	114		
1842	18.4200	-8	114		
1843	18.4300	-8	114		
1844	18.4400	-9	114		
1845	18.4500	-10	114		
1846	18.4600	-10	114		
1847	18.4700	-10	114		
1848	18.4800	-11	114		
1849	18.4900	-11	114		
1850	18.5000	-12	110		
1851	18.5100	-12	106		
1852	18.5200	-12	102		
1853	18.5300	-13	98		
1854	18.5400	-13	92		
1855	18.5500	-14	87		
1856	18.5600	-14	81		
1857	18.5700	-14	75		
1858	18.5800	-14	68		
1859	18.5900	-14	62		
1860	18.6000	-14	55		
1861	18.6100	-15	48		
1862	18.6200	-15	40		
1863	18.6300	-15	32		
1864	18.6400	-15	24		
1865	18.6500	-15	17		
1866	18.6600	-15	9		
1867	18.6700	-15	0		
1868	18.6800	-15	-8		
1869	18.6900	-14	-16		
1870	18.7000	-14	-24		
1871	18.7100	-14	-32		
1872	18.7200	-14	-39		
1873	18.7300	-14	-47		
1874	18.7400	-13	-54		
1875	18.7500	-13	-62		
1876	18.7600	-13	-69		
1877	18.7700	-12	-76		
1878	18.7800	-12	-82		
1879	18.7900	-12	-88		
1880	18.8000	-11	-94		
1881	18.8100	-10	-100		
1882	18.8200	-10	-104		
1883	18.8300	-10	-109		
1884	18.8400	-9	-114		
1885	18.8500	-8	-117		
1886	18.8600	-8	-120		
1887	18.8700	-8	-122		
1888	18.8800	-7	-122		
1889	18.8900	-6	-122		
1890	18.9000	-6	-122		
1891	18.9100	-6	-122		
1892	18.9200	-5	-122		
1893	18.9300	-4	-122		
1894	18.9400	-4	-122		
1895	18.9500	-4	-122		
1896	18.9600	-3	-122		
1897	18.9700	-2	-122		
1898	18.9800	-2	-121		
1899	18.9900	-2	-118		
1900	19.0000	-1	-114		
1901	19.0100	-1	-110		
1902	19.0200	0	-105		
1903	19.0300	0	-100		
1904	19.0400	0	-94		
1905	19.0500	0	-88		
1906	19.0600	1	-82		
1907	19.0700	1	-76		
1908	19.0800	1	-69		
1909	19.0900	1	-62		
1910	19.1000	2	-54		
1911	19.1100	2	-46		
1912	19.1200	2	-39		
1913	19.1300	2	-31		
1914	19.1400	2	-23		
1915	19.1500	2	-15		
1916	19.1600	2	-6		
1917	19.1700	2	2		
1918	19.1800	1	10		
1919	19.1900	1	18		
1920	19.2000	1	26		
1921	19.2100	1	34		
1922	19.2200	0	42		
1923	19.2300	0	50		
1924	19.2400	0	58		
1925	19.2500	0	65		
1926	19.2600	-1	72		
1927	19.2700	-1	78		
1928	19.2800	-2	85		
1929	19.2900	-2	91		
1930	19.3000	-2	96		
1931	19.3100	-3	102		
1932	19.3200	-4	107		
1933	19.3300	-4	111		
1934	19.3400	-4	114		
1935	19.3500	-5	114		
1936	19.3600	-6	114		
1937	19.3700	-6	114		
1938	19.3800	-7	114		
1939	19.3900	-7	114		
1940	19.4000	-8	114		
1941	19.4100	-8	114		
1942	19.4200	-9	114		
1943	19.4300	-9	114		
1944	19.4400	-10	114		
1945	19.4500	-10	114		
1946	19.4600	-11	114		
1947	19.4700	-11	114		
1948	19.4800	-12	114		
1949	19.4900	-12	113		
1950	19.5000	-12	109		
1951	19.5100	-13	104		
1952	19.5200	-13	99		
1953	19.5300	-14	94		
1954	19.5400	-14	88		
1955	19.5500	-14	82		
1956	19.5600	-14	75		
1957	19.5700	-14	68		
1958	19.5800	-14	61		
1959	19.5900	-15	53		
1960	19.6000	-15	46		
1961	19.6100	-15	38		
1962	19.6200	-15	29		
1963	19.6300	-15	21		
1964	19.6400	-15	13		
1965	19.6500	-15	4		
1966	19.6600	-15	-4		
1967	19.6700	-14	-12		
1968	19.6800	-14	-21		
1969	19.6900	-14	-29		
1970	19.7000	-14	-37		
1971	19.7100	-14	-46		
1972	19.7200	-14	-54		
1973	19.7300	-13	-61		
1974	19.7400	-13	-69		
1975	19.7500	-12	-76		
1976	19.7600	-12	-83		
1977	19.7700	-12	-89		
1978	19.7800	-11	-96		
1979	19.7900	-11	-102		
1980	19.8000	-10	-107		
1981	19.8100	-10	-112		
1982	19.8200	-9	-117		
1983	19.8300	-9	-121		
1984	19.8400	-8	-122		
1985	19.8500	-8	-122		
1986	19.8600	-7	-122		
1987	19.8700	-6	-122		
1988	19.8800	-6	-122		
1989	19.8900	-6	-122		
1990	19.9000	-5	-122		
1991	19.9100	-4	-122		
1992	19.9200	-4	-122		
1993	19.9300	-4	-122		
1994	19.9400	-3	-122		
1995	19.9500	-2	-122		
1996	19.9600	-2	-122		
1997	19.9700	-2	-122		
1998	19.9800	-1	-120		
1999	19.9900	-1	-116		
2000	20.0000	0	-112		
